2.663142622915999791e+00,2.954358620040999917e+00,2.064201499408000018e+00,2.255819688070191478e+04,2.983673518782560367e-03,1.682554802995242862e-02
1.406375539801000052e+00,4.356038149628999712e+00,2.049745295352999985e+00,1.027894154780921417e+04,8.577034531321250542e-04,9.645130537970914150e-04
2.956329975361000173e+00,1.477846091470000067e-01,1.946283202512999910e+00,2.559348232328341692e+04,4.275595639934768460e-03,8.602588797225599326e-02
2.216067760236000161e+00,1.392150865644999902e+00,1.934322605668999939e+00,1.803421323171761469e+04,3.619237268038465963e-03,4.566085698101362417e-02
7.616647720120000020e-01,3.245476689889000177e+00,1.923131608460999953e+00,4.805906604078651981e+03,6.110204368872874025e-05,6.022542816665444998e-06
8.804293785769999880e-01,1.522755767510000080e+00,2.425597549359999938e+00,5.739797300567922321e+03,2.759987020317206108e-02,8.656360303610004081e+00
1.830090051346999980e+00,6.024170815024000092e+00,1.348250096324999925e+00,1.425318145313043351e+04,4.575942160047243024e-02,1.707575613759796695e+01
2.832254042296999952e+00,5.017641661766999661e+00,1.852380504049000010e+00,2.430299040378915015e+04,5.054493868917544867e-03,1.927282404114051273e-01
2.094465961636000184e+00,6.256598144038999720e+00,2.757637912162000049e+00,1.682910288682952523e+04,6.098202012225006907e-02,1.197908932251718284e+01
2.177497767784999816e+00,1.249516740875000087e+00,1.703197653966000091e+00,1.765068961313068939e+04,1.327976481509689777e-01,2.990589529648528602e-02
2.195221570534000133e+00,3.911416616278000191e+00,1.656855927020000063e+00,1.782678258516392816e+04,1.854231400750954925e-02,2.564498755477901959e+00
1.740638192735999956e+00,1.151246032989999973e-01,8.147867921060000240e-01,1.339687681586028884e+04,6.050524877447696799e-03,9.812237618754728052e-02
1.544779014843000065e+00,4.319188926489999858e+00,1.261480015320999959e+00,1.155292830282161776e+04,8.690820227692058753e-01,7.677195065287355646e+01
6.155084372350000388e-01,4.570406392465000245e+00,2.237744025233999956e+00,3.714323217438527081e+03,4.652791663140184129e-04,2.944776071886304495e-04
1.271879681019999930e+00,5.318589791957999857e+00,1.002303522609000019e+00,9.067980666531719180e+03,1.180233236753464423e-03,7.525993736187328031e-04
1.818432700758999987e+00,3.871112184550999924e+00,1.922111447370999926e+00,1.414112097289828125e+04,3.821857140207657322e-02,2.441028149764048916e+00
1.196916790038000000e+00,2.872569954503000123e+00,6.343311637109999568e-01,8.406137873393916379e+03,3.330229546411410113e-01,5.566554652862981811e+02
8.063446135490000000e-01,5.435821990243000279e+00,1.996561042686999965e+00,5.152175227391448971e+03,9.043510961068641774e-02,3.782198576297027159e+01
2.812764184921999977e+00,3.048843404972000126e+00,1.944172982543000083e+00,2.410105759148156358e+04,3.487575760617240336e-03,2.035699942329916370e-02
1.009745278013000069e+00,5.987015305991000069e+00,1.372950372248999962e+00,6.801421287331255371e+03,6.249149442652607300e-01,8.130197981314622666e+02
1.251511655820999991e+00,3.515218470640000259e-01,1.285937878379999955e+00,8.887170546752806331e+03,6.430616381977674600e-02,4.281691000939866143e+01
4.861035473870000123e-01,9.591501334069999496e-01,1.415890820016000085e+00,2.802411495989937521e+03,2.344645909367156682e-04,2.407544436839292293e-04
1.966895381657999931e+00,6.253645539840000378e-01,1.757831561503000017e+00,1.557816237735655341e+04,2.193762930322680146e-02,2.974036591786697881e-01
1.652624716410000083e+00,1.630963245328999944e+00,8.475227231680000362e-01,1.256273965452829907e+04,3.039594551378486552e-04,9.202672836570671309e-04
2.417734569490999963e+00,5.766212181821999572e+00,1.803449837877999951e+00,2.005778696837831376e+04,8.187630700701950884e-03,5.000964880447805738e-01
9.628874712510000489e-01,4.556806458749999678e+00,1.054038121413999995e+00,6.411832626975388848e+03,1.123991092289916126e-03,4.467499783350680105e-03
2.919821904073999885e+00,2.012596357964000049e+00,1.163220602116000091e+00,2.521289392096717711e+04,3.418752459937320163e-03,2.324873894642522781e-02
1.600614656350000109e-01,2.757308526230000112e-01,9.971234557600000548e-01,7.931810459880914550e+02,3.654932404636297618e-03,6.493361867980254609e-02
2.559236658879000093e+00,4.986068691244000206e+00,1.450303950944999976e+00,2.149474772205371482e+04,1.716906081578360417e-03,7.014620116032217745e-03
1.648732326203999898e+00,4.701173942960999774e+00,1.690532911692000040e+00,1.252605407501877562e+04,6.246408869526407642e-04,2.097883193320164170e-03
2.573801519719999820e-01,5.143942210982999974e+00,2.837557554223999912e+00,1.343217896706441479e+03,3.027501624142509527e-04,1.708505932073154960e-04
2.635043511965999841e+00,9.717920640610000493e-01,7.299237520800000434e-01,2.226994405799697415e+04,1.835065257353101376e-03,3.395028228017483822e-03
2.301494945292000160e+00,1.486613133747999971e+00,1.338880415351999975e+00,1.888774377256381558e+04,1.222422047528850739e-02,2.510779806903423728e-01
1.745740138546999942e+00,3.622494747135999837e+00,2.539364661967999925e+00,1.344549093529625316e+04,1.252666107326498536e-04,1.174069436590247621e-05
1.874718111570000123e-01,5.687526054271000220e+00,1.877264801289000085e+00,9.432957370533106314e+02,2.408797291490172288e-04,1.002613985093777808e-04
2.222724782269000166e+00,4.139191619713000314e+00,8.253621665260000295e-01,1.810052539616288777e+04,4.125247699758469860e-02,2.204883147584463643e+01
6.561194192739999709e-01,2.004175394890999939e+00,9.189501686769999678e-01,4.011481549822210127e+03,3.059963388678269220e-04,1.806048852330917798e-04
2.648537069100000085e+00,2.461440029498000115e+00,2.701172147603000173e+00,2.240830607705656803e+04,1.549696434998397987e-01,1.013228731330205221e+02
2.689518666627999988e+00,3.542871358464000142e+00,9.261596560039999648e-01,2.282921350443059055e+04,5.879307317669821287e-02,1.760372408077089057e+00
2.105460776200000161e+00,1.646675604607999999e+00,2.599675188372999823e+00,1.693757013909704619e+04,3.846873140947897340e-01,6.528100218703077644e+02
7.070991570919999969e-01,4.198229140600000242e-02,1.420342041489000007e+00,4.391328447308895193e+03,9.776841217371327053e-01,6.212250900023610356e+00
2.383211494604999814e+00,1.733306338995000084e+00,2.199190098806000027e+00,1.970927610448059932e+04,4.277923949857822053e-03,2.233402165359525335e-02
8.640717259289999452e-01,5.777342721654999735e+00,8.699177953890000481e-01,5.608675401071692249e+03,9.936026621809523288e-04,2.434813500041636651e-03
1.218962281840000050e-01,7.063803735920000104e-01,1.062017839708000011e+00,5.907904355694154219e+02,7.090279361510518465e-04,6.016797381758630381e-02
7.759347729859999987e-01,1.882232172823000038e+00,2.777599937963000087e+00,4.915801881440248508e+03,2.647265095657153739e-04,1.251853613702125505e-04
1.823310770226999944e+00,8.028532579680000003e-01,1.676780441682999889e+00,1.418799650864465184e+04,7.248286060593422953e-02,6.300265152707183347e+01
1.291752708338999911e+00,3.360978511528000201e+00,1.507344180010999901e+00,9.245077789102586394e+03,1.194006959746585651e-03,8.337787180224034631e-03
1.208850288257000027e+00,4.871797286437000274e+00,9.257149883090000086e-01,8.510822695368848144e+03,1.351427505369579181e-03,4.149220065480884942e-03
2.785444761433999883e+00,4.375697303681000072e+00,8.709726310119999537e-01,2.381836795400441406e+04,2.516586509018918071e-03,3.154789591924885006e-02
1.315664877369999985e-01,5.582363216781000226e+00,2.298172139866000219e+00,6.413263241718751715e+02,6.365266109578050693e-04,1.697077534229675866e-03
1.185130199359999970e-01,4.449186200360999877e+00,1.420293408944000024e+00,5.732315652421120831e+02,5.558578654245836803e-02,2.637717181854692328e+01
2.538854751830000200e+00,5.631750029331000107e+00,2.656316852863000122e+00,2.128694972375707948e+04,3.056465081776836845e-01,1.846079534547233436e+02
2.960098449494000139e+00,2.230258471641000106e+00,2.061802290544000105e+00,2.563280845592871628e+04,2.976683515062965735e-03,2.106966380261381111e-02
1.712264669989999932e+00,2.724959705213000127e+00,5.272442074419999569e-01,1.312703220797687936e+04,5.794620196047961524e-02,5.942513077197163485e-01
2.761228987828999948e+00,3.753872607917000170e+00,1.725287152086000031e+00,2.356815313694584620e+04,1.377825563550743315e-01,8.701197384378826882e+01
2.658478631717000162e+00,8.512326880349999625e-01,7.528170502319999624e-01,2.251031801314239419e+04,3.176007730201624649e-03,1.235951797172197414e-02
9.445429650429999491e-01,3.141169637419999994e+00,2.656962318305000181e+00,6.260785927596532929e+03,7.400585436014371632e-02,5.073394661260934413e+00
2.975625317492999855e+00,6.006918876800000362e-01,1.698799943503999987e+00,2.579492038764238896e+04,1.665707028164288388e-03,3.747544898064666258e-02
