1.474377916416000023e+00,4.344793522886000403e+00,5.335850526119999548e-01,1.090161132581477432e+04,4.064411740662238759e-01,6.159954912975615571e+02
1.663971174987000090e+00,4.633404899651000441e+00,1.552454556305999933e+00,1.266978728290825529e+04,1.055368855858616504e-03,1.242080538177806476e-01
1.646121315175999911e+00,5.703216029224999595e+00,1.206605888000999993e+00,1.250145386034029434e+04,4.983091701751128817e-03,1.717264717466625984e-02
2.609734787937000089e+00,1.430128510477000070e+00,9.732427748369999465e-01,2.201073527729733178e+04,1.616846284561354596e-01,2.064844071008882622e+02
8.880695837859999830e-01,1.300469348789000001e+00,1.446690119427000099e+00,5.801298058800150102e+03,1.396192982137723238e-03,6.087685701570734464e-03
3.411636934339999927e-01,3.996087312930000079e-01,7.353999673490000388e-01,1.852566863237308326e+03,1.471171829152865792e-03,4.347420134273134555e-03
4.634192072259999962e-01,3.313420741885999998e+00,7.881601943960000467e-01,2.648462982796604138e+03,1.631479953748491973e-01,2.224081215116027295e+02
3.072180585100000097e-02,5.888772705717999933e+00,2.009800602848999862e+00,1.405034609871763109e+02,7.638919699581164791e-02,5.166256169908474583e+00
2.496055103900999939e+00,4.305350399706999731e+00,1.890276804533000066e+00,2.085148221498247585e+04,2.042690780924650840e-01,1.752075742832907395e+02
2.467970460865999804e+00,2.683051669140999795e+00,2.145267162532999983e+00,2.056639508702651801e+04,1.893118609019310951e-03,1.388642107988742082e-02
2.856073159146999885e+00,2.938681425140000081e-01,1.556384442766000076e+00,2.455006966994080358e+04,1.972028263914793033e-03,2.778649032337802364e-03
2.199622387995999961e+00,8.096068874440000007e-01,1.370556155028999967e+00,1.787054477317944838e+04,1.180565859291186070e-01,1.497134073810599908e+01
2.751381823332000209e+00,1.873521491576999987e+00,2.280699227517000161e+00,2.346650289172149860e+04,6.520702172076910108e-02,5.124264074478034559e+01
1.351533446884999989e+00,1.166434686689000078e+00,2.347364134220999876e+00,9.781718331876878437e+03,4.267478793285024719e-02,1.395884694894172284e+01
1.678283971743000036e+00,1.283727594896000079e+00,2.494551443299000137e+00,1.280502796327950273e+04,6.028873233183552026e-03,4.927874267870437780e-02
8.282308549779999751e-01,2.098875951330000156e+00,2.541104819652999947e+00,5.324077449749253901e+03,8.119725983877755255e-04,2.815269966441989063e-04
1.251950527009999981e+00,5.400620738639999585e-01,4.892890878860000070e-01,8.891058908876762871e+03,5.743262087084194389e-02,3.238999900687775835e+01
2.464990792211000148e+00,4.975938632069999978e-01,4.865245348109999979e-01,2.053617966956503733e+04,3.697226333644281215e-01,2.097129017816413352e+02
1.794822507242999965e+00,5.528694272705999779e+00,1.016794915029000101e+00,1.391458240275568278e+04,4.737777669993553653e-02,1.394736728838963824e+00
2.770286427239000204e+00,2.579766894886000195e+00,1.253680514293000092e+00,2.366170177656057422e+04,9.289489961415850483e-02,5.023254912223250379e+00
1.935549736740000137e-01,8.375899880199999537e-01,3.510004883250000263e-01,9.771346884139566100e+02,3.941950576889562650e-03,4.918664104633493905e-02
2.413401418642000085e+00,6.839723807199999950e-01,1.612462319342000017e+00,2.001399794920965360e+04,3.175501063372021537e-02,1.163523298293487773e+00
2.528411057853999999e+00,4.716026696342000335e+00,2.040526655054999861e+00,2.118057861187425442e+04,2.878645931541087832e-02,4.702467955572278702e-01
1.041480831132999940e+00,3.303250014820999780e+00,1.596519194569999911e+00,7.068227495595927394e+03,3.503497897845423426e-01,3.643509216541544333e+02
1.430818349624999986e+00,5.647363087598000320e+00,1.894290942370000064e+00,1.050199401673919965e+04,2.153247379522001126e-03,2.497716564941985379e-02
2.107667745676999882e+00,5.410856413527000086e+00,9.912713428029999996e-01,1.695935459591494146e+04,1.072259653647108200e-02,1.200097552783190441e-01
1.314648973823000055e+00,2.730369138007000096e+00,2.568623851186000007e+00,9.449930919770635228e+03,5.805825336469803977e-04,9.384602405147045171e-04
9.217330897800000145e-01,4.035712891469000141e+00,2.305568319332000016e+00,6.074177218697269382e+03,8.286279028186711859e-02,2.414433474815897096e+00
1.849441343088999989e+00,1.646460904120000013e+00,1.442655018386000076e+00,1.443950332323984003e+04,6.242864240836847739e-03,8.641110728875435465e-02
1.522927483079999922e-01,1.492959292187000075e+00,1.799305431614999895e+00,7.513497317951072318e+02,1.237560945352200320e-01,5.053622992758965324e+02
2.574717479144000176e+00,3.753442056833999896e+00,2.764179044466000157e+00,2.165275726481782840e+04,5.152361885285590137e-01,9.172040031750273670e+01
2.052214906869999911e-01,1.014198880264999936e+00,1.539675523207000074e+00,1.042555431916006000e+03,1.213730608697416577e-03,9.120435032597783501e-03
2.043938593473999976e+00,2.384574697159000056e+00,2.381293231603000216e+00,1.633194563804981226e+04,4.081573029903291100e-02,6.361977457616957210e+00
1.746239447862999894e+00,1.420422789821000009e+00,6.167691378359999588e-01,1.345025012839290503e+04,1.058227913047502661e-01,8.222300817680917362e+00
1.676313604588999917e+00,2.859425170110000192e+00,2.169280272976000123e+00,1.278639624271484900e+04,7.931746882125050024e-04,2.578261227942173217e-02
2.256973838703999924e+00,1.510818548897000069e+00,1.558158108478000070e+00,1.844222615757186577e+04,1.522378790699858639e-02,1.003232810083966475e+00
2.770589480672999816e+00,2.892159615876999990e+00,1.567653650178000069e+00,2.366483207034665247e+04,5.851445003278913856e-03,4.924058267360614111e-02
1.233809249414000053e+00,3.043725148971999861e+00,1.631792383010999936e+00,8.730610289611016924e+03,1.598125421246851530e-02,7.377923700723255651e-01
2.050706781960999869e+00,5.623077521099999476e-01,1.476592837983000006e+00,1.639841411238175715e+04,1.585051114912932810e-02,1.404890330575478408e-01
2.719031475532000197e+00,5.531879997316999642e+00,1.523661963392999974e+00,2.313295847093622069e+04,9.420608855105962621e-04,1.011478870182901460e-02
2.278366681581999842e+00,5.072767539305999662e+00,1.827381443579999987e+00,1.865611587778741887e+04,5.254276454410570230e-01,2.699525493920436148e+01
2.052755511543999933e+00,5.397650609441999592e+00,2.803796718355000106e+00,1.641854176336212186e+04,9.032303264918857891e-03,2.474656161003521426e-01
1.130450309715999913e+00,4.289725785776999700e+00,1.853811820865000071e+00,7.828016974473930532e+03,3.137526422441039992e-02,1.398102150539725130e+01
1.414557619727000004e+00,2.237789101641999956e+00,7.349766740519999564e-01,1.035351002871061428e+04,7.692519240532175000e-04,1.482224850947457331e-02
2.534871071965000056e+00,1.639899194730000120e-01,1.730362920741999933e+00,2.124636671222060977e+04,2.665029155170661659e-03,2.111764147546762657e-02
2.660056243297999945e+00,6.018756264547000079e+00,1.872959023931999978e+00,2.252651174830839955e+04,3.421082677566065350e-02,5.541689142998064144e-01
4.628415426449999925e-01,6.189475541115999846e+00,9.128714501989999563e-01,2.644567036991233181e+03,8.763535632337194903e-01,2.245260807627127519e+02
1.717678816399999947e-02,2.062281052503999845e+00,2.153986422401999778e+00,7.783088933722436309e+01,9.765721086350735367e-03,2.329517325727815891e+00
7.758089844040000349e-01,3.568137460399999766e-02,1.390100534369999918e+00,4.914830276816177502e+03,2.259544833693337071e-04,2.981915261691435795e-04
2.488411210867000012e+00,3.063425874062000176e+00,1.521572408181000036e+00,2.077383673418550461e+04,4.429917907220892737e-02,9.358369101791668143e+00
2.492519978013000070e+00,3.499665388211000039e+00,9.344170324420000284e-01,2.081556769295165213e+04,7.334482662089588691e-03,8.569177586562515270e-02
2.882689959786000067e+00,3.738581031059000193e+00,8.701195563039999525e-01,2.482654409202343231e+04,1.461727150847879665e-03,3.887206085372183536e-03
1.314626367552000019e+00,3.418717130179000030e+00,1.355463239571000011e+00,9.449728236976334301e+03,2.178501469569164850e-01,6.777222418035466944e+01
1.593211079994999890e+00,5.300093365777000187e+00,1.315459842559999926e+00,1.200467880886415878e+04,2.295184903277851934e-02,4.177810515053459461e+00
1.481073505239000054e+00,1.221235490386999967e+00,2.502602076031999800e+00,1.096327131065930371e+04,1.362090178099284454e-02,1.708230355443942639e-01
2.000690195165999885e+00,3.569437162992000090e+00,9.251733946250000340e-01,1.590815893068589685e+04,7.648625193303886394e-04,2.257184204139064780e-03
7.919857283429999617e-01,3.667520602293000032e+00,2.962536462226000200e+00,5.040199715774508149e+03,8.675867818250186225e-04,7.464384885605304491e-04
2.495887152110999985e+00,6.267988646469999647e-01,1.061227856014999915e+00,2.084977576598277301e+04,4.605318070272469005e-02,3.395603998575001725e+00
