7.256419483600000386e-02,4.670176377713000093e+00,2.452350694905999884e+00,3.411380661907768967e+02,3.058757822247382477e-02,4.601369196739935497e+00
9.211842824770000160e-01,5.182964189720999926e+00,2.606710091837999954e+00,6.069704112174468719e+03,1.891972212698581415e-02,8.137345583082241651e-01
2.818318577700000271e-01,1.798821256901000032e+00,2.537963788663000209e+00,1.488609804636377021e+03,5.261086190862158837e-05,2.280266650287550263e-06
2.157431107475999976e+00,2.313994488349000012e+00,1.655285599631999949e+00,1.745162096387707425e+04,4.500229177693814142e-01,7.523415391021751475e+02
1.534976121349999945e+00,3.755381014999999850e-02,1.372755395203999917e+00,1.146184922993828332e+04,5.958778134149758654e-02,1.872100305112442697e+01
2.872767069347999858e+00,5.491821711812000295e+00,2.349886169956000082e+00,2.472342726496060277e+04,1.525020220399290376e-03,3.082705718152662809e-04
2.909904169633999782e+00,1.276755312889999994e+00,1.379143514601000042e+00,2.510962822593607052e+04,5.677874754393257353e-03,4.355534199505124021e-02
8.855200980109999565e-01,5.508262122744000067e+00,1.407917525408999948e+00,5.780757626420035194e+03,5.382965364901791915e-03,3.756054215825536252e-02
1.972864628965000033e+00,5.328690379193999682e+00,2.060511759931999975e+00,1.563637537483973938e+04,1.474457466372913143e-03,2.209249751185474869e-03
2.397132758095999794e+00,1.641421019200000123e-02,7.881447947220000527e-01,1.984971068887068395e+04,6.484353211909534009e-02,3.251575086858665919e+00
1.511099473048999942e+00,5.400409306959000233e+00,2.150867226663999876e+00,1.124052852550014177e+04,7.609827295553723420e-03,2.858050779542996578e-01
2.165956837507999833e+00,2.867695335339000007e+00,1.437061679156000027e+00,1.753615986264715320e+04,3.497753697212531709e-01,3.689300849049577096e+02
8.413552922779999887e-01,3.701903985945000031e+00,1.130192393770999892e+00,5.427855157166815843e+03,8.776378426688064005e-02,1.862039627739573078e+01
3.140513191000000037e-01,5.231962870632999696e+00,1.581870410147000028e+00,1.684334784246471145e+03,1.129431740480562035e-03,8.823286502241751289e-03
1.330676228054999966e+00,5.437621454728000181e+00,1.599243890062999940e+00,9.593834806778831990e+03,1.651784469264789624e-04,1.304953828840539943e-05
5.574444535389999622e-01,2.206708741958999909e+00,1.760549014243999899e+00,3.298312599022417544e+03,1.122454391395989737e-02,8.035631265503517806e-01
1.345776118200000093e+00,4.149425382483999947e+00,2.468577817853999878e+00,9.729787357883440563e+03,4.734700079565039577e-01,3.481605794279852972e+01
1.230440079454000024e+00,4.942834750818000167e+00,1.705119696131000007e+00,8.700876106939907913e+03,5.499450749430850188e-02,1.848368622993630694e+00
1.595699839689999955e+00,6.081521646546000248e+00,3.040827021938000030e+00,1.202797077520564198e+04,1.335456539347746859e-03,4.354198547324361276e-03
2.613834345048999808e+00,4.188233817028000239e+00,9.869103142680000218e-01,2.205269528976426955e+04,5.502316373067314172e-03,8.144106263314764005e-02
2.169538298889999994e-01,3.994736936403000094e+00,1.932209412828000072e+00,1.109030690252074237e+03,1.711956421582934776e-02,5.325127950661690868e+00
1.829040830137000029e+00,1.738934434174000065e+00,9.136927762200000025e-01,1.424308982211489638e+04,6.828516799925192678e-03,3.590930852840804044e-01
2.851245711633000113e+00,1.755606289064999936e+00,2.609307413549999843e+00,2.449996802333859523e+04,1.929714407255228303e-01,7.357443866370289243e+01
2.716209007488000093e+00,2.802489410749999799e-01,2.527138979231000171e+00,2.310388716584235954e+04,1.225844976797496773e-02,1.453029078666287499e-01
1.337492620002000088e+00,2.546009524671000168e+00,7.204338181680000064e-01,9.655161781645470910e+03,2.873138684671072002e-02,1.425771675631161972e-01
2.583936813496999996e+00,2.952828528577000178e+00,7.749731260140000355e-01,2.174693001503502092e+04,1.365182618203931563e-03,2.307748461223261497e-03
2.165193226911000135e+00,4.836210560989999685e+00,2.061408595540000110e+00,1.752858570302164662e+04,1.336610744541286058e-03,4.282549547451790575e-03
1.877932685268999924e+00,5.344547442847000340e+00,2.268467424822000034e+00,1.471450203630023134e+04,1.082903579672040741e-02,1.783275608946439106e-01
2.642373964752000148e+00,3.989650585455999821e+00,2.416155747094999917e+00,2.234509610889368923e+04,1.719555706286681612e-02,5.328970815192701771e-01
1.788442785628999943e+00,4.191058752599999965e-02,2.381245769127999790e+00,1.385346748558085346e+04,1.999602700636179259e-02,4.521344927623984211e-01
2.867454861114000053e+00,5.725153906812000315e+00,1.888488103427000020e+00,2.466824561004615316e+04,2.404189492508552184e-01,7.578332618883719363e+01
2.025422782331999905e+00,4.562503685863999792e+00,8.636567347139999518e-01,1.615031058137599030e+04,2.674960191100604900e-01,5.367636630562210485e+02
1.992533067552999970e+00,3.784041998999000178e+00,1.161957532606999965e+00,1.582841308160168956e+04,6.631343641446150183e-01,1.047348222048541260e+02
9.785015087539999934e-01,5.210878487212999843e+00,1.113926510780000045e+00,6.541058855328288701e+03,2.241333350675253514e-04,4.260858135341862084e-05
1.704247574415999944e+00,2.768607249277999838e+00,9.233222009570000166e-01,1.305094567691381599e+04,7.392890755949916431e-03,3.388197408989679360e-01
5.353617667590000462e-01,8.307600920119999621e-01,2.307797581757999872e+00,3.142961530491289977e+03,3.929317603992028146e-02,1.218174153143504815e-02
2.690755923156999962e+00,5.153735541030999734e+00,1.938995364439999980e+00,2.284193667258074129e+04,1.036585875806122527e-03,2.148621908551373583e-02
1.633358434792999914e+00,5.554078186733000244e+00,2.012993899352999883e+00,1.238131983928551563e+04,1.553930537324563731e-02,4.259266326312999285e-01
7.335831345640000389e-01,1.445177862031000071e+00,3.836760082869999922e-01,4.591525360680076119e+03,3.940689567872518451e-02,3.086241144612615894e+00
1.513731093179999931e-01,6.127523944731000149e+00,1.129516958681000105e+00,7.464190514685893731e+02,3.293279470411678012e-01,1.708363231909591562e+01
1.110298533619999972e+00,4.176954118633999791e+00,1.509752720103999968e+00,7.654462311475759634e+03,1.494558218914556098e-02,2.064715369406890655e-01
2.215668465078000082e+00,3.785727150527999907e+00,2.114257768222000067e+00,1.803023688773118920e+04,5.002604648800544618e-02,2.127134137816020509e-01
2.546869814642000129e+00,1.694181947094000051e+00,1.822052267207999954e+00,2.136863290111179958e+04,1.340515677355677004e-01,1.550588242574951039e+02
2.585548102299000117e+00,4.716788688279000219e+00,2.096936094893000035e+00,2.176339439583433341e+04,3.360322741326481344e-01,7.167099484675406984e+01
1.221489574323000094e+00,9.748797599509999579e-01,1.281904064958999889e+00,8.621983231011732641e+03,3.819739741152237272e-02,2.521407549848860175e+00
2.134640126791000014e+00,3.678574176755999847e+00,1.815162282026999918e+00,1.722591836409671305e+04,7.503298916768883289e-03,1.039760471014333498e-01
1.493025249521999998e+00,4.828743746236000334e+00,1.884136505739999912e+00,1.107348800956144805e+04,4.324826371732584207e-04,6.989428218604339061e-04
1.865416218507000012e+00,1.827252433383999897e+00,1.606166891823000098e+00,1.459359516152490323e+04,9.133960088612914918e-02,3.784474766611636483e+02
2.626236907521000141e+00,4.481022259790999662e+00,1.575427980358000024e+00,2.217970258227252634e+04,5.681726913078666286e-03,8.712495663146019309e-02
9.940107143020000535e-01,3.390719113818000174e+00,1.590530487309000041e+00,6.670008659435597110e+03,3.080051109780257358e-04,7.828087377362444527e-04
