2.529046424694000095e+00,5.630073546311000321e+00,1.982897753612999914e+00,2.118704791586234933e+04,8.346928611545225904e-03,5.091498756107355750e-02
1.094756098149999995e-01,1.802377655848999893e+00,1.824053272021000094e+00,5.266387851839888299e+02,3.800221829488746594e-02,2.818652123432492829e+00
9.752821743930000231e-01,5.156134793837000352e+00,2.045682931350000011e+00,6.514365364024135488e+03,8.805004925868805191e-03,6.822070130843153279e+00
1.851060180348000017e+00,5.406085693859999708e+00,2.027277871188999825e+00,1.445510695880985986e+04,3.201881577313039351e-01,5.440977383713220661e+02
2.074342630987000113e+00,5.163041304601000192e+00,8.723777028079999774e-01,1.663084238710408681e+04,5.905812574710353827e-03,7.995568928979512879e-02
2.150379410085999865e+00,5.677193307250000265e-01,2.587556301205999887e+00,1.738174174787619995e+04,3.974995983912703312e-02,6.722545005879136504e+00
6.343087445689999937e-01,5.606561411920999660e+00,1.651727595065000109e+00,3.851273364772453988e+03,3.476012695458506542e-04,7.587381216652887771e-05
2.881849801407000200e+00,4.543519733335999788e+00,2.593074166485000109e+00,2.481781132836057441e+04,3.336554739054992808e-03,1.605056872773815702e-01
2.853187337839000026e+00,3.296164425908000073e+00,9.179507735480000319e-01,2.452011758966396519e+04,4.138290890509641745e-02,1.634410656957298329e+02
1.401489327048000000e+00,4.217881174079999851e-01,1.823479220205000084e+00,1.023445730328278478e+04,9.076319135618594056e-04,1.235731820244949819e-04
2.192981208032000140e+00,3.617243698725999934e+00,1.516895489781999951e+00,1.780451001440456457e+04,2.476574499677271779e-01,7.493288994532244374e+01
2.905717813428999818e+00,3.398510547178000163e+00,1.299424300992999992e+00,2.506605515459901289e+04,1.439565657270617562e-02,1.196245607683295908e+00
1.353415572687999946e+00,3.180997954582000187e+00,3.816524209430000036e-01,9.798706297495351464e+03,2.945319325712709990e-02,1.882117894351822418e-01
2.373493836680999891e+00,2.137771598626999836e+00,2.272541792095000179e+00,1.961132790388106878e+04,3.047995520331332666e-03,1.415005319059910519e-02
1.782464546696000074e+00,3.374215458659000078e+00,1.619466109780000052e+00,1.379623681118239983e+04,5.041131584587335013e-01,4.576610598908387715e+02
2.894474639638000113e+00,4.116001814368999590e+00,2.210577123110999853e+00,2.494907931399230074e+04,3.998120635341642984e-03,2.122036332866524336e-02
1.959040124875000011e+00,6.179069820907000299e+00,2.248604384581999849e+00,1.550160604041611623e+04,1.169958699020766379e-01,3.446588467245903953e+00
2.625690633931000217e+00,4.640042733965000110e+00,2.040695274578999907e+00,2.217410650710719347e+04,5.537729820566121910e-03,5.561624190494888348e-02
2.679203293279999731e-01,3.559394043794999796e+00,2.164513322721000055e+00,1.405551598026383772e+03,6.288556951797321659e-01,1.651216104896828085e+02
1.638962790097000077e+00,7.497962874079999729e-01,1.043262757796000084e+00,1.243404891231944384e+04,2.141820221115326925e-02,4.854105948150856942e-01
2.847131904014999826e+00,2.862505326820000140e-01,1.621498708707000080e+00,2.445728327171198544e+04,4.614491799786185622e-02,1.920879551471438518e+01
1.805830838389999915e+00,1.143051138182999971e+00,1.764252818347999963e+00,1.402013589026785485e+04,2.334711190229339390e-04,4.580237728153440345e-03
1.391572854464000031e+00,6.001844934386999952e+00,1.886052503806000091e+00,1.014428637029819402e+04,1.350349706770170508e-02,2.710876400826571844e-02
2.210174497885999845e+00,2.667065146786999907e+00,2.657264039894000174e+00,1.797553781170466391e+04,4.970115291264804586e-03,1.054287249488944506e-01
2.780045995338999987e+00,3.698000549018999994e+00,9.651376058509999467e-01,2.376256311357460436e+04,1.469547978600239946e-02,1.798894141460986307e-01
1.636454928110999907e+00,8.140555582570000448e-01,1.638156578543999986e+00,1.241044892931672621e+04,1.563504578317332153e-02,1.563040595507284858e-01
1.362751458913000091e+00,3.773685770594000122e+00,1.086796669818999916e+00,9.883052818958793068e+03,6.535841139314240399e-03,3.173299077123510614e-02
1.482400743719999969e+00,4.987131068971000225e+00,2.343365792719000140e+00,1.097550118736140030e+04,2.802585849188853149e-03,5.022240328265318438e-02
1.861167792797999931e+00,2.712876546019999946e-01,2.799007982986000176e+00,1.455259072092509632e+04,5.614628246178687658e-03,2.448621897521945784e-02
1.613108804124999907e+00,2.984661074689999860e-01,2.330959513910000058e-01,1.219110801941480531e+04,1.103764082940241441e-02,1.602190996850569593e-01
2.528135466478000026e+00,2.787671959973000213e+00,2.688327961419000101e+00,2.117777263554063393e+04,3.846806676509460093e-02,2.310284397990828520e+00
1.397224613660000003e-01,3.250973729220000275e-01,5.772739964090000120e-01,6.843452479807342570e+02,1.796172335432777651e-03,1.574211748022805862e-02
2.154642781298000020e+00,3.633939152653999916e+00,7.185392606870000254e-01,1.742398498695630769e+04,3.416201958607831268e-02,1.164150063614474595e+00
2.494188297996000170e+00,4.017371304350000116e+00,1.532031536791000015e+00,2.083251586759520069e+04,1.008305988818193047e-03,3.248431962674410561e-02
2.015385549819999900e-01,1.452618622539999960e+00,2.159067325541999871e+00,1.021829269295235235e+03,5.633783895601816027e-01,1.671468879572681487e+02
1.680391070058999903e+00,6.105989586145000203e+00,1.282549385969000033e+00,1.282495744184131036e+04,1.163660512960642580e-02,7.492649732892356917e-01
7.592805657179999557e-01,5.197252562413000376e+00,7.731099538760000112e-01,4.787610717530273178e+03,2.558735917351796871e-03,6.663347963867989610e-02
1.243521794949000059e+00,6.144028406566000022e+00,2.225828954785999958e+00,8.816439842428364500e+03,6.326233445683217271e-02,5.046441804689682620e+00
1.679836228382000085e+00,4.669913571009999820e-01,2.257897152407999819e+00,1.281970910775799348e+04,7.059130945708065596e-02,1.243547565961733881e+00
1.609642715831000048e+00,6.270299852903000293e+00,2.057455837123999931e+00,1.215859870391985896e+04,7.342347756515097681e-04,2.196642406240107044e-03
2.197925140194000093e+00,5.164269800240000041e-01,2.551263811411999871e+00,1.785366532028460642e+04,2.684204900008145267e-01,2.785844989495451500e+02
2.434386677230000018e+00,6.160441961875999795e+00,2.929552194341999982e+00,2.022618746218305023e+04,8.668358108933762324e-03,1.174555454740355831e-01
2.444591235773999838e+00,5.034994028534000243e+00,8.049805508170000401e-01,2.032947928546220282e+04,7.000084944547128041e-01,5.622587239112436208e+01
2.485812681837999971e+00,4.135731216375000407e+00,1.221156754174000048e+00,2.074745010506987455e+04,5.225562736901578388e-03,1.219926435767495210e-01
1.250591588038000079e+00,1.442978929139999977e-01,6.491428325550000489e-01,8.879019905935241695e+03,4.127848152222726545e-03,2.112558559702622241e-02
1.895129610948999899e+00,4.283480050751999890e+00,1.366182483663999969e+00,1.488086871322542720e+04,6.833590039631130689e-04,5.125628455983908746e-03
1.287833559979999931e+00,3.673698591919999923e-01,4.988210187680000018e-01,9.210100018298835494e+03,8.000437136313814923e-02,4.385005134752780265e+01
7.816712585060000551e-01,2.385041517396000010e+00,8.927528898230000509e-01,4.960165895504449509e+03,7.854483115377819055e-03,4.383894834406396601e-01
3.396638524910000068e-01,1.511495030534000028e+00,2.391910405785000027e+00,1.843177971242731928e+03,6.161941374125619146e-03,9.737361172530902692e-03
1.248128645888000099e+00,4.656325273179000135e+00,2.333956791767000105e+00,8.857208621586285517e+03,9.380566001720196589e-04,1.678080043651082511e-03
