1.654112351741999998e+00,8.357725613309999746e-01,2.429293646136999829e+00,1.257676806304889578e+04,1.031601177882195998e-02,6.633948368761395376e-01
2.193019206710999924e+00,3.961997937786999824e+00,1.878399805559000102e+00,1.780488774589240347e+04,1.354946954101234752e-03,1.408320323350879940e-03
9.104280706320000416e-01,1.474261216843000044e+00,1.492247707303999915e+00,5.982196990381177784e+03,2.230796213907378523e-04,3.463454260414257900e-04
2.620086971519999808e-01,3.777222696982000194e+00,2.117938260093000125e+00,1.370526934600643699e+03,6.525233938357488574e-04,1.411233026206752282e-03
2.166506009008000166e+00,5.175441882539999483e-01,1.838720669286000087e+00,1.754160690515103852e+04,2.728941461238705568e-03,1.754014349586044408e-02
5.168587198449999809e-01,3.311824061464000213e+00,1.008772122829000084e+00,3.014055697406151921e+03,9.068724834228500745e-03,1.372532437169930175e-01
2.718446821840000194e+00,1.215982507981999916e+00,2.022741177804999957e+00,2.312693620627538257e+04,9.784461272146393468e-03,1.402881066360820161e-01
1.011559684340999965e+00,4.843740643972999749e+00,1.084744978445000063e+00,6.816612475290316070e+03,1.112580416302850518e-02,2.469620744828525893e+00
1.309599100502000013e+00,6.276317244669999962e-01,3.750385063819999809e-01,9.404675714763694486e+03,5.693837718182175739e-02,2.251174809339092864e+00
7.158028391790000056e-01,5.082649356945999841e+00,7.520070900659999724e-01,4.456909602131981046e+03,2.377785664503567209e-01,5.623699891046225474e+01
2.156824034358999942e+00,9.981622566179999545e-01,7.518901870890000172e-01,1.744560331557075551e+04,5.064904287504946997e-04,5.174791815289143471e-04
2.831616284832000119e+00,1.351144953264999948e+00,9.231098110830000536e-01,2.429637927621516428e+04,2.704631741516255045e-02,1.249373497918544240e+00
9.153583742719999528e-01,1.022256693369999914e+00,2.072029047132999846e+00,6.022269210318950172e+03,3.350750545930258461e-04,3.827003965195050340e-04
1.636264596131000060e+00,1.899890719387000049e+00,1.396996094059000049e+00,1.240865813038498345e+04,1.179126816868416791e-02,5.240090387150377754e-02
2.415823598044999798e+00,1.715957694522000088e+00,1.337840430493999921e+00,2.003847406408284223e+04,3.279120898568144149e-02,1.555160045678398273e+00
1.686281018776000007e+00,2.527298102669999769e-01,1.077028193709999915e+00,1.288069256742339167e+04,9.220912325408764376e-02,1.195045475080113029e+01
1.988477453975999953e+00,1.386052556999999973e-03,2.076040318497999859e+00,1.578878659891827556e+04,2.011199457922604756e-03,4.301771522370879432e-03
