2.650599158972999803e+00,5.668644428266000013e+00,1.656513345600000076e+00,2.242946051919039746e+04,9.939296647648088179e-03,5.326243533081569392e-01
2.747888473759999783e+00,4.223541233008000439e+00,1.489766194675000044e+00,2.343045539149066826e+04,6.965094742654154986e-03,1.901946284026125866e-01
5.239619643159999507e-01,2.911859212368999916e+00,9.478534589620000173e-01,3.063404200138699252e+03,1.758098063196812319e-02,5.709344634535041818e-01
4.434254881540000137e-01,4.276927914424000221e+00,2.393035309695000112e+00,2.514336304412989648e+03,1.007554323895028248e-02,7.399944377619730937e-03
2.086276578000000104e+00,1.970878506013000075e+00,2.018457218092000183e+00,1.674837744436427238e+04,4.416103376234833400e-01,1.215332621071403452e+02
6.535387218939999743e-01,4.045675053791000231e+00,1.516036221350000046e+00,3.992451885631783625e+03,1.784825983713714259e-02,1.086222771942310317e+00
8.052311649200000199e-01,4.725375118058000368e+00,8.031187650350000151e-01,5.143469137419340768e+03,6.210418817207409917e-03,2.028360061920649327e-01
2.156429727567000132e+00,1.161546227679999932e+00,1.871425908495000012e+00,1.744168829396053479e+04,5.120548706527784134e-03,1.611855990065935718e-01
2.956338659000000146e-01,1.207870789807000023e+00,1.051716388203000063e+00,1.571885198056273339e+03,5.986269996402281135e-02,2.590752779709758613e+01
2.056190274051000078e+00,4.611172061057000171e+00,7.782488147630000075e-01,1.645229464576455575e+04,1.989954783974020799e-02,3.052737346339768454e+00
6.642112923240000022e-01,2.323680008469000136e+00,3.018239774683999954e+00,4.071276078180609602e+03,3.861441196954253363e-01,3.789379683370484599e+02
2.134754940667999978e+00,6.121331192068000249e+00,7.472748964509999814e-01,1.722705432764904617e+04,8.840125057097742226e-03,3.316706614965382882e-01
2.320486870969999948e+00,1.761141840427000060e+00,7.364739383280000107e-01,1.907824391620380993e+04,2.190506537466614667e-03,1.890012040197685400e-02
1.416576228242000024e+00,9.995367897650000444e-01,1.785837865011999925e+00,1.037192197816214320e+04,3.802047385920894196e-01,9.888808656718696000e+01
1.017921549233999912e+00,9.416520262840000211e-01,1.967233317117000002e+00,6.869938380484470144e+03,4.205729388465366536e-02,1.347749471070267102e+00
1.454640907486000057e+00,3.081886085050000168e-01,2.565787478158000123e+00,1.072021283019830116e+04,6.812557020083921666e-02,9.543431177232500673e+00
2.315711798884000139e+00,1.600868573127000039e+00,5.068036039150000116e-01,1.903032210691545333e+04,2.371921060649733425e-03,8.824524904134255221e-02
3.869779237980000008e-01,1.233930991725999959e+00,2.151979443307999951e+00,2.143876042570377649e+03,1.200458945539783790e-03,1.033337944182219012e-03
1.987610914730999934e+00,1.473384363982999989e+00,6.515168012030000400e-01,1.578032277086056456e+04,4.290037998796389362e-02,2.245549172790259895e-01
