2.331769589838000201e+00,3.016255883204999932e+00,9.227683153300000329e-01,1.919154192613406485e+04,1.800026539813248116e-01,3.280169916754362092e+00
7.388282408570000515e-01,4.268609614396000396e+00,1.408229172231999948e+00,4.631399511593093848e+03,7.939537068332316134e-04,1.960147318312932194e-03
2.355067259471999908e+00,9.892423573749999921e-01,1.773924381772000070e+00,1.942578409609103983e+04,1.313428954955487594e-02,3.504603784823340229e-01
8.228061522259999538e-01,5.159734395302000287e+00,1.130898196816999990e+00,5.281333925242839541e+03,2.192584324136569174e-02,1.082001705669008107e+00
7.604009584599999427e-02,1.944886774076999947e+00,1.006278554234000033e+00,3.582721750360157671e+02,1.536990471974337968e-01,8.990196222599715270e+01
1.675202978980000035e+00,2.317701187250000017e-01,1.527160470637999978e+00,1.277589621327364330e+04,5.937077121591794598e-04,2.709630044037960109e-02
1.738843247121000024e+00,4.422177202050000311e+00,1.752142951536999949e+00,1.337978024172945698e+04,4.022292823734794354e-01,2.549649137754469450e+02
1.961074674455000055e+00,5.193932729845999852e+00,1.594028259207999954e+00,1.552142916350073756e+04,1.660785985953684490e-03,4.240917344813237982e-02
2.259552873082999902e+00,5.686785962787999971e+00,2.057292884960999935e+00,1.846799384404861485e+04,3.160376197080165019e-03,2.530759869527590342e-02
9.174824249440000079e-01,2.563342871266999889e+00,1.468416957590999994e+00,6.039552958041342208e+03,1.279287384582323064e-03,2.941012745785781535e-01
2.878914638338000209e+00,5.444682894598999567e+00,1.768017075598999899e+00,2.478730392620742714e+04,2.360867080375405117e-02,1.640488104205542752e-01
