2.937526571604999859e+00,1.122010913765999929e+00,1.568108970408000014e+00,2.539737106885346657e+04,1.226760181696763888e-02,1.699536437492293606e-01
2.405010633439999879e+00,5.836766859659999751e-01,1.192535907649999949e+00,1.992924141301087730e+04,5.427842360604021683e-04,4.065049970348888313e-03
2.414198096815999950e+00,2.765044648352000145e+00,1.277416735769999923e+00,2.002204789405121119e+04,5.970405877198831091e-01,5.507710127166436678e+02
3.882523036550000195e-01,1.475461704807000007e+00,1.885672323961000041e+00,2.152101770505447803e+03,2.578488006088010612e-02,1.210743621670033354e+00
2.196215779660999790e+00,1.717955285321999925e+00,2.516145095581999946e+00,1.783666730066916716e+04,9.796655058244491121e-02,4.468446690448121927e+00
5.943446248120000108e-01,1.985398005628000062e+00,7.002827583909999598e-01,3.561455485061620493e+03,1.609943262979566419e-04,2.142163155520411858e-04
7.265020530729999759e-01,6.040173001744999937e+00,1.600935257204999962e+00,4.537811249479334947e+03,5.703381990548138727e-03,4.676330442753876548e-01
9.377548784989999664e-01,4.636083749514000374e+00,1.109216276646000088e+00,6.205111136208312928e+03,2.824901826467977276e-03,8.508326454323278387e-02
1.248415024260999928e+00,6.271292627559000188e+00,1.615333869622000096e+00,8.859745417895908759e+03,2.923312168993231260e-03,1.104280577501032777e-02
2.584354387726000013e+00,1.239535101308999909e+00,9.743515372209999859e-01,2.175119668446863579e+04,2.314866449602618215e-03,1.617169036795852027e-02
1.931809585327000089e+00,2.467162876479999933e-01,2.044206848334999993e+00,1.523665993279473150e+04,1.259047056674777619e-03,1.003353328699539346e-02
8.136834415439999635e-01,4.148491304149999892e-01,3.026160862350000258e-01,5.209653663463434896e+03,2.124970777486296866e-04,1.198989170628790091e-03
2.569159179709000096e+00,1.515528927579999907e+00,1.557225621256999926e+00,2.159600712787415614e+04,5.105322248302079230e-03,5.595636272107552822e-02
2.028080289332999886e+00,1.976150823760000064e-01,2.391321763316000215e+00,1.617636158371107740e+04,5.174708255539333702e-03,1.238865242453831700e-01
2.549422828463999924e+00,6.941042545209999970e-01,1.305681573411999974e+00,2.139465996195802290e+04,7.115304805588496331e-03,2.245419716975355362e-02
4.167015129730000100e-01,3.984865522139000138e+00,1.669886249229000086e+00,2.337408826539940492e+03,3.231814557487957119e-04,1.078466844985043291e-04
1.673520023932000056e+00,8.174633149029999490e-01,2.064857276773000017e+00,1.275998786679543264e+04,1.425511893708010513e-02,2.587213689224947544e-01
2.219817311644999958e+00,2.594282892497000059e+00,1.572279438355999925e+00,1.807155911975741401e+04,3.714158708555887617e-02,9.962386562406051027e+00
