2.368665032042000185e+00,3.386077006570999970e+00,1.828478065766999894e+00,1.956268137547731021e+04,9.204700672384699472e-04,8.243947885212993265e-02
1.072458342780999940e+00,5.017945012011000294e+00,1.524238470036000104e+00,7.330849435187209565e+03,1.602157286022617858e-04,6.053783489758659219e-05
1.216004308812999923e+00,5.104811010799999854e-02,1.234823421426000101e+00,8.573705525115912678e+03,2.559587670717367591e-01,1.132119361082777971e+02
2.544918928142999803e+00,4.233630581401000015e+00,1.527202113501999969e+00,2.134874714090047928e+04,1.297817720965436161e-03,1.014708288025872353e-02
2.303323805764000198e+00,1.255733809937999990e+00,1.358995963057000100e+00,1.890607676574052675e+04,2.060128191894363900e-02,5.889168732459933997e-01
2.905885734693999911e+00,8.552963414309999735e-01,1.435907227720000012e+00,2.506780275775544214e+04,1.183902278122534596e-02,2.639631767444853283e-01
1.198142634207000068e+00,4.682973071109999830e-01,6.435741588879999586e-01,8.416879284403117708e+03,2.099696145804339983e-02,1.070631259612848662e+00
4.503781601810000201e-01,1.334848833411000024e+00,9.605815884739999921e-01,2.560809586996660983e+03,2.334369678558373060e-02,7.302171054096198155e+00
1.874992204603999957e+00,4.489744868022000013e+00,3.762578825189999976e-01,1.468608379975042590e+04,6.945719260828374653e-01,4.030782480941402923e+02
2.686994521836000072e+00,2.651710052034999876e+00,2.170077140784000047e+00,2.280325932234742504e+04,2.956684056770187974e-01,2.241620541900068702e+02
1.097696730453000091e+00,1.339139673932000063e+00,2.572951776668999990e+00,7.546355353156563069e+03,1.695962514685912890e-03,5.580977989986898868e-02
2.366782579341999870e+00,1.094201148605999929e+00,2.405843835043000034e+00,1.954372169815659799e+04,3.183503456794468424e-03,2.078807971252149677e-03
5.553170005519999508e-01,1.964034997121999915e+00,2.694815045373000206e+00,3.283275711764306379e+03,1.082760503909953580e-03,2.787555810158460004e-03
3.446418772070000136e-01,8.183959733729999630e-01,1.462738618109000077e+00,1.874376715026845659e+03,9.515099742914341109e-04,1.105059148245269608e-03
2.835016000657999857e+00,4.077987993779999876e+00,3.772441331949999976e-01,2.433162427435176505e+04,2.336271014148531833e-01,1.852946093976301256e+02
2.358852807028000154e+00,8.474611128479999644e-01,1.602595512604999994e+00,1.946388253511185394e+04,4.226620171751968025e-01,8.772396812130849639e+02
1.922803353766000090e+00,3.842504599796999987e+00,1.496433101724000014e+00,1.514918312323293139e+04,8.254340826419343316e-03,2.241133127390549651e-01
8.388225436399999735e-01,3.013831699579999857e+00,2.087197092613000127e+00,5.407788284694338472e+03,6.549608169149226475e-04,5.400130624085759147e-03
1.670195876011000058e+00,4.385503177403999864e+00,2.556512762695999808e+00,1.272857543223244829e+04,1.207019645163861371e-02,2.686943432025518330e+00
3.954493486619999887e-01,2.289210067102999790e+00,1.607757863168999934e+00,2.198678350845229943e+03,5.406373220382378270e-04,1.472429876383955227e-01
1.550150120282000055e+00,4.743892028381000436e+00,1.003285108158000094e+00,1.160288270862775062e+04,4.905120944681093696e-05,4.676048087494440496e-06
2.485276279624999862e+00,5.859878068029999998e-01,1.538188667435000045e+00,2.074200378575477953e+04,2.293481366700290264e-02,1.368970000865925130e+00
2.150113742069000189e+00,4.963728844014999808e+00,2.491482383269000067e+00,1.737911001032487184e+04,7.564646503938778077e-02,1.626708375363022299e+02
2.258718699776999905e+00,2.535286621499999865e-02,4.218418381810000173e-01,1.845965900151005553e+04,9.295124087863385065e-03,2.497014904428606075e-01
1.429746730935999910e+00,3.232346079907999936e+00,1.098995245960000089e+00,1.049219681901083095e+04,1.713171878581458071e-02,9.866633086542210274e-01
2.118572297899999901e-01,9.293028385399999536e-01,1.656467988561000082e+00,1.080069607614103916e+03,3.711891969384154000e-01,2.066827050883303230e+02
9.099569869239999553e-01,9.221537915740000146e-01,2.652321809407999886e+00,5.978371552274486930e+03,7.537829298912358533e-01,3.091178890831479293e+02
2.402618299499000187e+00,5.474452456486000429e+00,1.087318446972999952e+00,1.990508510488730462e+04,2.519075510086386284e-03,1.795585925186182416e-02
2.656248349691999966e+00,5.351587032493999807e+00,1.953144929740000091e+00,2.248742745945713978e+04,5.111107689579993084e-03,1.250936773313122419e-01
2.205086060415999860e+00,3.236785842513000055e+00,2.302056518685000164e+00,1.792489721367869424e+04,4.845566399987338152e-02,2.973436169398625761e+00
1.322312206119000022e+00,1.613171803046999919e+00,1.465907942464999891e+00,9.518685198615499758e+03,2.576674581614931125e-01,2.726774358364311297e+02
1.189093112627999993e+00,3.182098208609000167e+00,1.520353128817000021e+00,8.337649145214381861e+03,3.192594389705883545e-04,2.298713512072590032e-04
1.640311317247000078e+00,3.773649286920000012e-01,1.238638195932999952e+00,1.244674194521804748e+04,3.443905699560392071e-04,1.350580542224087016e-04
2.286056682756000047e+00,3.946001543442999804e+00,1.082064187138999989e+00,1.873308587262417495e+04,4.599288616158662274e-03,9.614463086861446683e-02
1.232521084780000109e+00,2.284109769810999779e+00,3.893402049590000136e-01,8.719239363899840100e+03,1.628518820761474650e-03,3.722316526249892440e-03
2.140282010252999800e+00,1.927962982856999963e+00,1.932951194903999914e+00,1.728175153536582729e+04,4.741149832076273218e-02,5.213944726621927650e+00
2.132599372190000064e+00,3.390991737304999809e+00,2.590732498207999779e+00,1.720572904752548129e+04,8.443202581611021842e-03,1.006959705290794288e-01
7.366602233499999763e-02,5.181726009760000418e-01,1.179729488848999974e+00,3.465617866580503232e+02,1.962757214642726553e-02,5.186686072802004777e-01
1.929736414628000052e+00,9.976671299539999760e-01,2.281625111943999862e+00,1.521651665443748243e+04,5.694822704885198379e-03,3.521007501035836040e-02
3.428097996350000232e-01,1.005833869549999982e+00,1.145024681997000027e+00,1.862882343954745238e+03,5.226511946698375220e-05,3.460889525738195172e-05
9.247701104000000116e-01,6.595458856300000505e-01,2.389922173097000169e+00,6.098944813991765841e+03,1.795177742468979099e-01,6.064976537973393533e+00
2.420535794825000142e+00,4.725657619977000401e+00,1.946359642280000024e+00,2.008610189411644387e+04,7.766576496212742632e-03,2.031171969934469634e-01
2.794993942789000041e+00,3.969604221870000060e+00,1.862731092156999946e+00,2.391712997202430051e+04,5.980362229946093594e-02,2.902372340414568708e+00
2.101925749184000214e+00,5.999381550126000384e+00,1.743394683860000072e+00,1.690268501462459608e+04,2.105579763307846835e-03,2.477387848074886958e-03
2.655577872532000061e+00,4.226182632146000095e+00,2.101986978088000058e+00,2.248054724406910100e+04,1.704436818359731654e-01,5.703981148477757834e+00
2.210776814551000058e+00,5.784329074354999989e+00,4.996566752109999898e-01,1.798153344983582429e+04,7.055875491590055636e-03,8.790789358334983872e-01
7.554730860959999461e-01,5.615162787995999771e+00,1.984630759742999961e+00,4.758432060868420194e+03,7.171707618649197924e-02,3.514098026153130405e+01
2.125238789893999947e+00,6.515936904250000383e-01,1.585374757377999932e+00,1.713293861937812107e+04,9.093770182805811439e-03,2.658432336311125632e-01
2.396693213509999976e-01,2.315000268790000093e-01,5.766602269570000328e-01,1.239654371609113241e+03,2.715017980194430747e-01,8.403245205909732363e+01
2.378130502033999782e+00,2.394397541267000218e+00,8.937460255019999966e-01,1.965805427128003066e+04,5.203978772500065242e-01,9.862731341692169451e+01
5.334560725129999792e-01,4.113635229956999595e+00,2.123815640969000107e+00,3.129631388410394266e+03,5.045081955696363064e-04,4.877238062826801264e-04
1.534234783045999917e+00,3.947531537109000066e+00,2.233295697867999863e+00,1.145496690299661714e+04,3.264858531881294473e-03,1.237964877606978660e-02
1.332967173145999995e+00,5.828830175738000108e+00,2.023769969870000018e+00,9.614438160730331219e+03,1.035836615628154406e-03,1.208892750319488004e-03
2.914943867052000037e+00,2.837266787687999781e+00,1.766915151889999924e+00,2.516209605997629114e+04,2.471179913632722339e-02,1.049906090237624268e+00
1.828726592399999851e-02,7.896276260019999826e-01,1.346731038056999896e+00,8.292628509892112731e+01,9.248260339871688311e-05,1.869080236224145240e-05
1.793865582343999954e+00,6.526279713260000337e-01,1.557305676896000080e+00,1.390541279521471552e+04,7.712807326193153561e-03,3.807375665709331614e-01
2.107612670003999877e+00,4.257500785537000176e+00,1.171003805868999992e+00,1.695881090370801394e+04,1.904019567753583719e-01,2.810246997484229041e+02
2.857580657350000219e+00,6.183288509572999914e+00,2.244133674898999953e+00,2.456571770977934284e+04,3.756066372129695519e-01,8.587120590950478061e+01
2.477986814448999819e+00,2.725162724894000021e+00,2.523360771920000190e+00,2.066801012184028514e+04,3.794553373290672493e-02,2.709995557610914041e+00
2.575438472582999960e+00,4.616641181162999708e+00,1.219477386644999939e+00,2.166012003534466203e+04,1.149754331931335770e-02,1.254256267468212283e-01
2.585643438498999913e+00,2.678185518623999783e+00,2.517101100461000218e+00,2.176436859450006523e+04,1.303999842714522860e-03,3.907943279083437443e-03
1.170910086204000056e+00,5.877572605112000304e+00,1.731858698431000043e+00,8.178920214084686449e+03,1.543234319393719687e-03,7.683296725626136484e-03
2.162425978872999810e+00,2.409583114299000073e+00,1.074488492810999896e+00,1.750114164479409374e+04,8.326977492274857326e-03,6.608384271564785584e-01
1.235914963167999980e+00,4.220335046557999625e+00,1.846785444500999906e+00,8.749204251529441535e+03,9.230556945448839447e-04,1.043113490685973650e-03
