1.861493622740000076e+00,1.181536560852999962e+00,7.093875526859999558e-01,1.455573496935017465e+04,5.786730161251950506e-03,1.586063937389994016e-01
3.588523694949999898e-01,3.279793088154999925e+00,1.195653073322999971e+00,1.964011660068797937e+03,4.195605860578368912e-04,1.531950769388824699e-04
2.837246288366999991e+00,2.522838506918999801e+00,7.925730834669999503e-01,2.435474932232984065e+04,1.521193865415531232e-03,7.319988657659830603e-03
1.581389500365999901e+00,4.418251229022000182e+00,1.392226295616000087e+00,1.189414530449709309e+04,5.258240834381230910e-02,1.260035339626407769e+01
9.843598325369999902e-01,1.856385721619999929e+00,1.154961654490999967e+00,6.589698819039966111e+03,4.132575857167720274e-02,1.839351639102689839e+00
2.448858710191000210e+00,5.945494133244999979e+00,1.845926432710000009e+00,2.037269637932405021e+04,1.845549240050240250e-02,1.007506926015102611e+00
1.858972348111999962e+00,7.703820079230000450e-01,1.336248410819000032e+00,1.453140806911688378e+04,3.226137643227705576e-02,5.281741188377766072e+00
2.885940284145999790e+00,5.109461195248999665e+00,2.799954663902000096e+00,2.486033521001795089e+04,3.468009690641598447e-02,2.139009817403630720e+00
2.694796909629999959e+00,5.757906178283000109e+00,1.848061798372000020e+00,2.288349854897492332e+04,3.629302029385757765e-03,4.394790055476548857e-02
1.500165327169999951e-01,5.869554976243000155e+00,5.674102764470000393e-01,7.391539361314694361e+02,4.283704319376825274e-04,8.536217669167541064e-04
1.265171983566999891e+00,2.779769588044000095e+00,1.579323256586999902e+00,9.008356570949521483e+03,6.053813655519891743e-04,1.327076925044991078e-03
1.044424037533000060e+00,1.510814123859000047e+00,2.642832159209000054e+00,7.093087923702271837e+03,3.840610642781924072e-02,4.315569444990187409e-02
2.850933723629000216e+00,3.073837197295000045e+00,1.026594834536000089e+00,2.449673049407553845e+04,9.354736773508044723e-02,2.269858206360216855e+02
4.359410374120000209e-01,5.841468472725000360e+00,1.121104642641999938e+00,2.464511254627053404e+03,5.816322354457870028e-04,5.656588608785957835e-05
8.135846883339999946e-01,5.271357814329999947e-01,9.876285410180000168e-01,5.208879117195819163e+03,1.651737077208068755e-02,3.181668401746313157e-01
1.285491500810000076e+00,3.947379095670000115e+00,2.710894976800999778e+00,9.189209782739215370e+03,1.196718893784530328e-02,2.603388101509158670e-01
2.515864738359999908e+00,1.956943926389000055e+00,3.057295994876000123e+00,2.105288625970400972e+04,2.971475104245693277e-01,1.055979285570856376e+02
1.596671378489999960e-01,5.183140310649999805e+00,3.649566176160000119e-01,7.910500669541003163e+02,5.696468205143342262e-02,3.267442991132958774e+00
