2.254346665573999875e+00,2.421098515578000043e+00,2.364206126082000203e+00,1.841598369890268441e+04,8.329337521847146250e-03,8.358472981188415363e-02
7.225184772920000276e-01,2.752606467406999879e+00,2.030755417132999785e+00,4.507653168688305414e+03,3.131254200681608466e-04,2.115881736373382259e-04
2.754567835369999829e-01,7.631172811690000168e-01,1.512855480762000049e+00,1.450437385467157128e+03,5.761628123648938893e-02,2.664470000471926880e+01
1.083692294250000021e+00,1.046754352735999927e+00,1.133703739376999975e+00,7.426606425451533141e+03,1.209296249794320627e-02,4.985465885232392980e-02
3.369327383460000158e-01,2.275805196388000162e+00,1.684880877396000010e+00,1.826105957389502237e+03,7.759608277118602241e-04,5.316738351517714999e-04
2.077278695039999956e+00,6.077753178600000528e-01,1.564199842624000025e+00,1.665974801536831728e+04,6.705944869771268170e-03,2.083331535746265825e-02
2.193743684670999894e+00,2.837056317480000089e+00,2.897596317999999727e-01,1.781208973019890618e+04,1.670395276984814725e-03,1.647602828363084124e-02
2.542930369816999825e+00,1.846221787876000109e+00,8.658756680720000043e-01,2.132848062219536587e+04,4.181785937425548140e-03,5.204872114221877066e-02
1.694801526263000069e+00,3.548575835669999901e+00,2.279399801283000127e+00,1.296138896170546468e+04,1.152311210314363801e-02,2.306888494234716688e-02
1.633107321530999911e+00,2.286675092552000077e+00,3.359734816250000144e-01,1.237895808131815647e+04,1.136988954476441912e-03,1.012377719706487184e-03
