3.021250849939999816e-01,1.493413978491999972e+00,1.802519064476000077e+00,1.611346319707691919e+03,5.182508678438797062e-04,5.489840561679717231e-04
2.690761376055000209e+00,2.418010902081999980e+00,8.790850829099999819e-01,2.284199274866374617e+04,2.200024447290787818e-02,9.036839737521064342e-02
3.900760814470000115e-01,4.358834272169000101e+00,8.810834515459999849e-01,2.163885011753531217e+03,5.349100303158782661e-03,3.217778905685989010e-01
1.918713595070999922e+00,4.359828014322999934e+00,1.971646458646999944e+00,1.510948472873263381e+04,1.248325145653499460e-03,9.270988998233012715e-04
5.794563702510000525e-01,2.563822575864000086e+00,2.515260646863000105e+00,3.454758540976868971e+03,2.924705054430373286e-04,3.040080728346680728e-04
9.222378194499999959e-02,2.655653181496000048e+00,2.120326604839000151e+00,4.389692760494166919e+02,2.347546794131823069e-03,3.824490583854348036e-02
2.868194253827000217e+00,2.001080036389999872e+00,6.968191276549999813e-01,2.467592521570863755e+04,8.269213907164250921e-03,3.416119086050912745e-01
2.420341057423000208e+00,1.438529546964999906e+00,1.336116691009999968e+00,2.008413330265699915e+04,5.467061220705233815e-01,6.204931805566671983e+02
2.068297664370999822e+00,3.559198422150000152e+00,6.146146655699999961e-01,1.657135254531556348e+04,2.997467724016223897e-02,7.593570348586747842e-01
2.927577661730000003e+00,5.954015711973999814e+00,1.155217663498000036e+00,2.529368579265234803e+04,2.124060584460690879e-03,1.672320142852847524e-01
2.268634872813000136e+00,4.188633942717999936e+00,1.901446916332000026e+00,1.855877270041624070e+04,7.040651392810118314e-02,4.141702359396984612e+00
1.978910562870999978e+00,1.532906973897000036e+00,2.128005612677000169e+00,1.569536929268886342e+04,1.689917088079065377e-02,3.521057121483939789e-01
1.866782676301000032e+00,2.871904789589999840e+00,1.801289474494000009e+00,1.460678743253264111e+04,5.332992479262070075e-03,1.966955294890324665e-03
2.514749001283000052e+00,6.194014395079999735e-01,2.423620812534000191e+00,2.104153583127136881e+04,9.700370718962000871e-02,1.822628743300193221e+01
1.677305935919999991e+00,2.018944115045000043e+00,2.542504225962999964e+00,1.279577914983099436e+04,1.580102179292192446e-02,1.450653295648706820e+00
2.069328036474999966e+00,4.881772425951999672e+00,1.456231843704000051e+00,1.658149046276013905e+04,7.825047186898716678e-04,1.833712346969507091e-03
2.438732358540999900e+00,5.510787303704000273e+00,6.515244913719999698e-01,2.027016620884328586e+04,2.432653982466943636e-03,5.367601623206111339e-02
8.112447832729999808e-01,3.754659986128999982e+00,1.253647639785999912e+00,5.190535424303192485e+03,3.810598063103917601e-03,2.221830163842310104e-03
