9.351091373900000114e-01,4.890721350527999611e+00,1.927919693805000056e+00,6.183443354847558112e+03,7.023132877314485212e-01,2.370332562318353951e+02
1.884144115500000050e+00,2.059606054444000023e+00,1.284324026918000072e+00,1.477455985251227685e+04,5.738738805722734364e-03,5.831290330427604807e-02
1.701367457314999942e+00,3.796231628499999733e-01,3.345695827610000173e-01,1.302362919117384990e+04,1.422466571433982953e-02,5.735136861584014811e-01
1.550427610724999905e+00,5.177945882829000368e+00,3.056659179091000045e+00,1.160546453525920333e+04,1.181234777146940446e-01,1.014263140390688100e+01
2.435954332981999926e+00,4.462413759333999863e+00,1.527305005017999928e+00,2.024205093746574858e+04,5.761492602851749079e-02,7.642384101275112585e+00
2.837269886815000142e+00,1.241813295275999929e+00,1.412033844747000000e+00,2.435499402085708425e+04,3.257531391807728938e-02,2.278767461249761705e+00
1.411965048938000011e+00,6.185665891953999740e+00,2.344398497134999815e+00,1.032987164334488625e+04,2.165882354489990017e-02,9.113945153463139937e-01
2.913152254224999904e+00,1.003446399425999891e+00,8.406767701630000200e-01,2.514344218766246922e+04,5.979942667505199622e-02,8.906220814242834294e+00
2.482439298266000183e+00,4.521405696779000394e+00,2.548002979780000121e+00,2.071320219303715203e+04,3.311400960611737831e-02,2.619784326307335931e+00
3.364188925109999895e-01,2.844520403648000073e+00,2.523411244429000000e+00,1.822897491247935022e+03,2.175358914863676635e-02,9.192467334598292128e-02
5.140063754639999649e-01,5.442378920847000145e+00,2.221531622061999833e+00,2.994288323392202074e+03,3.336507063964641584e-02,2.220857082212736255e+00
6.884843256400000056e-02,2.682408788840000002e-01,2.723818450112999834e+00,3.228996646290101467e+02,4.116649007618324724e-02,8.622339534109947357e-01
4.252515062169999749e-01,6.001216132154000071e+00,5.759850180619999760e-01,2.393717735350793646e+03,3.269992298058955224e-04,2.423437916210267396e-04
5.081885315949999926e-01,4.414928019070999632e+00,5.476310759189999544e-01,2.954056554462807526e+03,7.873581496455490658e-01,3.342463148706892184e+02
2.883020001039999780e+00,5.757521997500999689e+00,1.919630579237999957e+00,2.482997477112952402e+04,7.398683247400213679e-03,2.835955203956201376e-01
1.226330871387000032e+00,4.028078215416000418e+00,9.485275787250000423e-01,8.664638259223089335e+03,5.499617424168918136e-04,2.347606377665895864e-03
2.534050884406000126e+00,1.067655523705999920e+00,2.003619961086999801e+00,2.123801250654918476e+04,2.383117412372091348e-01,4.268621078516094940e+02
1.414349755366000050e+00,5.576414986972999976e+00,1.683339081656999969e+00,1.035161441702076627e+04,1.273094289758580633e-02,1.067038519891075454e+00
1.058416085309999977e+00,3.674038581945000104e+00,8.765430238860000278e-01,7.211539294112943026e+03,3.566050308412742342e-02,3.723471843588394670e+00
