2.415295101651000031e+00,4.042224464293999731e+00,1.232077950419000034e+00,2.003313309964557629e+04,8.585802000109972812e-03,1.538481588798257527e-01
1.589671204313999997e+00,3.759267345861999843e+00,1.734049166384000085e+00,1.197156255766752656e+04,3.490913828806718137e-03,3.066642914478817303e-02
2.256697097432999843e+00,4.317056664024000234e+00,1.825334865447999944e+00,1.843946157260833206e+04,6.339260423010798472e-03,2.832433150316867460e-02
1.716644463688000055e+00,3.271481640673000069e+00,1.869069947759000039e+00,1.316862871600831022e+04,3.629781015152659836e-03,2.498256900919830839e-02
1.529505793101999966e+00,3.538164167025000140e+00,1.651828218831000061e+00,1.141107825825480177e+04,7.398866747621242468e-02,1.241792338724368783e+01
2.641160595352999962e+00,1.643086465069000024e+00,3.758872102429999806e-01,2.233265436407007655e+04,8.778496169540491454e-04,7.657817891661129403e-03
1.067266400994000053e+00,3.068703898996000046e+00,1.894607535595000058e+00,7.286685935036103729e+03,3.424101940867737559e-01,3.629736549932529783e+02
1.794182881240000027e+00,4.794974816803000195e+00,1.443418248878999943e+00,1.390845315882078285e+04,2.142473319528267681e-02,2.105693459494134279e-01
1.550728474123000078e+00,6.140729556482000362e+00,2.006368808875000020e+00,1.160826394772630010e+04,2.001525554297297824e-02,7.130850265700585666e-01
1.406898608442000098e+00,2.308978269520999937e+00,1.091151139451999930e+00,1.028370561590915349e+04,3.132377193920686791e-03,2.169736083010519873e-02
7.187143884960000007e-01,4.380051600024000180e+00,2.132452286741000069e+00,4.478894226364836868e+03,5.160401104155950148e-04,1.350082763590106137e-03
2.205360338761999994e+00,8.462697061110000529e-01,8.014448898549999534e-01,1.792762635978266553e+04,3.647637177792099200e-03,9.424087103894041029e-01
1.280627985813000080e+00,1.933379371200999897e+00,5.891795065349999527e-01,9.145858585934291114e+03,4.426494927009822639e-04,1.150370446508457763e-03
3.821659835669999894e-01,1.256564057644000032e+00,2.355683662526999900e+00,2.112875313377906878e+03,2.359195736005579094e-03,8.757748137224772439e-03
