2.151286676819000210e+00,4.790355879497999680e+00,6.012207634289999936e-01,1.739073018053099076e+04,1.655223311162516697e-03,1.296889131041820999e-02
1.329062282743000090e+00,3.401005051600999973e+00,2.757147481071999806e+00,9.579324990518141931e+03,6.352367797021424810e-03,8.936376412255596369e-02
2.756676572946000103e+00,3.703310898064999801e+00,1.479104318264000018e+00,2.352115241659617095e+04,1.159656742161952470e-01,1.760180916075617006e+02
8.845976282699999360e-02,4.573035539641000291e+00,2.158744573279999912e+00,4.200661380616871270e+02,5.992661916833874267e-03,1.319258354812141189e-02
5.689757247729999579e-01,6.280179500145999683e+00,1.394080118660000034e+00,3.380073389567406139e+03,4.774563639030200979e-01,2.817662133825362147e+01
2.290238998570000017e-01,4.547453442708000004e+00,2.586531646824000052e+00,1.178126733991015726e+03,3.106205772472661053e-01,4.366668364503908606e+02
1.002141677687000021e+00,4.368422917262000382e+00,2.405556369980000220e+00,6.737843866225579404e+03,7.164185038964210328e-01,6.130753295295712633e+02
1.998702010606999924e+00,2.701292725239999859e-01,1.899798458617999897e+00,1.588871643838429918e+04,3.011135090189894468e-03,7.611731208988624202e-03
3.175377211770000208e-01,2.859491358585000143e+00,4.719529755649999880e-01,1.705789646320345582e+03,7.838623987662593495e-02,1.115793615782270543e+01
1.301672202518999955e+00,3.373125832049999939e+00,2.449902706012000220e+00,9.333721704114492240e+03,9.023994782019401084e-02,3.575714564605429047e+01
7.804432465600000257e-02,5.037987579623999679e+00,7.893811407559999660e-01,3.681837995139916870e+02,9.730188976297265979e-04,3.035287763841299034e-03
2.825092843488000049e+00,6.129003922434000273e+00,1.080578705933000094e+00,2.422876925710931391e+04,2.470570610401521920e-03,4.611647432869185603e-02
2.159417937143000010e+00,3.300024014702000130e+00,1.883341483668999894e+00,1.747131646238115354e+04,6.518921204159751175e-03,1.650809095250439784e-01
