2.006080818000000043e-02,5.675763870331000049e+00,2.829375998924000157e+00,9.108003971932488696e+01,1.384302731922606576e-04,5.221185537247832471e-05
2.105160935900999952e+00,5.360796912349999666e+00,1.077526148340000045e+00,1.693461077925129939e+04,8.990468199940284538e-03,1.306472442209297424e-01
2.507376791587000220e+00,2.528927236699999859e-01,1.555293479131000023e+00,2.096655775642592926e+04,8.349930910228871642e-03,1.506497147856319385e-01
1.125134491198999998e+00,5.552660349329999967e+00,1.491955339001999947e+00,7.782154945473564112e+03,2.942865015285186028e-02,1.125837118334066922e+01
2.491618726653999971e+00,5.617521908377000273e+00,7.264554517950000401e-01,2.080641340134723941e+04,4.916717577520117802e-03,1.158522699076313875e-02
6.233875220060000055e-01,3.783128669019999890e+00,2.812099419304999959e+00,3.771587391935921914e+03,1.402717345545759263e-03,1.046470047858630292e-01
1.563338920395000109e+00,2.732024807993000071e+00,2.257590644388999923e+00,1.172570134174819941e+04,8.551130116142550324e-04,4.414134252852544571e-03
4.054215806700000035e-01,5.360770449920000402e+00,2.313738009045000155e+00,2.263554664373007654e+03,9.305524742646410590e-05,1.423387940652714782e-05
1.554743249011999895e+00,4.561791282104000089e+00,1.637864540233000099e+00,1.164563091571895347e+04,3.660955196159394048e-02,3.014922749260451784e+00
1.558925969454000082e+00,5.372047849084999882e+00,1.991905506986000107e+00,1.168458225199036497e+04,3.164589983047287874e-03,2.241422258049030336e-01
5.763600988210000331e-01,1.939926154281000015e+00,5.839523074860000218e-01,3.432657725584033415e+03,8.405072397878944612e-03,1.254579768313756338e-01
6.753115075109999976e-01,6.098813575424999911e+00,2.774032226820999814e+00,4.153609651510145341e+03,7.453406592307376850e-03,2.282612528009919997e-02
2.453811431675000154e+00,4.365146051971000141e+00,5.421040256419999981e-01,2.042286863131199061e+04,1.824200280862645768e-02,4.233564103711258686e-01
3.460826219459999797e-01,5.626022811950999625e+00,1.643488933426000109e+00,1.883425839196934703e+03,1.698281146802073371e-03,1.085086069424489805e-02
2.519937008999999950e+00,4.663379691760000112e-01,1.940078015169999892e+00,2.109432124483094231e+04,1.677985807791506148e-02,1.018553211335173209e-01
7.546735167660000299e-01,3.398510538700000083e+00,1.767065634399000107e+00,4.752310654568954305e+03,2.358590678402132379e-01,7.002701963827635723e+01
1.782648868119000030e+00,1.579231228238999973e+00,2.410739433873000159e+00,1.379800079376265421e+04,7.730283444172566035e-03,1.224892822612117932e-01
1.215986439446000045e+00,2.577771333823000166e+00,2.341046060801999840e+00,8.573548339690081775e+03,1.835005564804447209e-01,8.121195690808336565e+01
1.376721324200999907e+00,3.597721516681999798e+00,1.643506594059999992e+00,1.000951637672164361e+04,7.412774356518088067e-03,5.706688030324032213e-02
1.954733241485999917e+00,5.286297911866999932e+00,1.664337018594999940e+00,1.545965573300540927e+04,4.620017553960058948e-02,2.696851181883409865e+01
5.643889684609999513e-01,4.211231930876000007e+00,9.028395118500000260e-02,3.347499772400470192e+03,2.606730071062080944e-03,1.269483428707478961e-02
1.490728098199999963e+00,1.884677857619999897e-01,2.012009342263000100e+00,1.105228866793849738e+04,3.823258081747649834e-02,1.200674487783323530e+00
