2.925220682247000159e+00,1.596406413258000034e+00,1.356783044286000051e+00,2.526912969756379243e+04,7.813162100017810455e-04,1.939729404875494955e-03
1.015149845609999990e-01,2.020221320691999889e+00,2.421373120175999816e+00,4.859758607147817315e+02,1.114697637532197387e-04,2.520143882408978214e-05
1.089540739770999966e+00,1.840531209197000084e+00,2.058177259394999847e+00,7.476564760358889544e+03,3.716143487413443251e-04,1.827696435780873320e-04
2.177411818788999920e+00,3.310633558559000100e+00,1.609134854049000030e+00,1.764983630030925269e+04,2.163399212001610155e-03,8.539864171616565885e-03
2.415551475511999779e+00,2.451729028350000117e-01,5.237171308989999607e-01,2.003572387838032228e+04,6.285669413903696712e-03,3.955636566752774447e-02
1.320078725179000045e+00,1.130309154182000064e+00,1.875199291182999994e+00,9.498636659287405564e+03,8.465234744372799811e-03,5.899258997487370759e-02
1.424150522619000103e+00,2.216206304712999842e+00,1.979498703259999992e+00,1.044106079301275349e+04,2.701716149904184738e-02,1.256642970506707702e+00
8.745204744850000322e-01,2.075992295129999998e-01,1.379483963151999948e+00,5.692344695893552853e+03,2.310141723012434575e-03,2.852700437105899073e-02
2.628547043330000221e+00,5.309006089079000290e+00,2.073971571192999797e+00,2.220336986245089065e+04,8.998957992423804514e-04,2.211952685512117442e-04
1.809977388092000039e+00,1.613927413442000081e+00,9.014174190449999458e-01,1.405992729589614100e+04,8.935256427044940570e-04,1.445707458040727811e-02
3.073474390889999741e-01,5.996490851226999652e+00,1.745183455440000087e+00,1.643229822188124444e+03,2.056190464149422192e-01,8.304238199811289078e+00
