2.883929112509000081e+00,1.515860171978000048e+00,1.802548970099999925e+00,2.483942500600523272e+04,3.962381534795548360e-02,7.429617226251366446e+00
2.913666033745000217e+00,1.333743002370999964e+00,7.250005828819999776e-01,2.514879133437395649e+04,5.375611467184148763e-03,1.094449591236033997e-01
1.943393790660999931e+00,3.267659048820999779e+00,1.625924377413000110e+00,1.534928751966868549e+04,2.765713161115163684e-03,1.208370787309571114e-02
2.286938985889999998e+00,1.646407506792000097e+00,2.302423006771999958e+00,1.874192024001488244e+04,1.934221665027753279e-01,1.580657120309809045e+02
2.282177531280999982e+00,1.402751610616000066e+00,2.527706649206999945e+00,1.869425370279023991e+04,1.873900501046145139e-01,3.679029364115345402e+01
2.447023423417999943e+00,6.008047395896999987e+00,2.395755497740999829e+00,2.035410872678797386e+04,3.430950745879620539e-03,7.288689608431245595e-03
2.954629666040000102e-01,3.906522565630000110e-01,8.079703813159999637e-01,1.570848818362499969e+03,1.582512407321441938e-01,2.159384377875517913e+01
2.671638564934999849e+00,2.729911325311999981e+00,6.445305516220000142e-01,2.264544735259766458e+04,1.397122279976171777e-01,4.442744332374408411e-02
2.909346103700999997e+00,2.301103322549999941e-01,6.091258476359999730e-01,2.510381910859513664e+04,4.434167389071193809e-03,8.057077045548831362e-02
8.640356580039999512e-01,4.788901436024000091e+00,1.887175469793000104e+00,5.608387122057613851e+03,8.245068145340414762e-04,5.163516194619601624e-03
1.788319370583000056e+00,4.277614217982000255e+00,1.873072585152000036e+00,1.385228564548231043e+04,3.363160067085748002e-03,8.812627538955282447e-02
2.534111953900000103e-01,3.985159111404999788e+00,1.697946938629000035e+00,1.319880523076194777e+03,2.634976613532858530e-02,3.391312810247869791e+00
1.488333358767000014e+00,2.694644104261000095e+00,2.782334728406000046e+00,1.103019684992421935e+04,1.591456385054380862e-02,2.659579176701503567e+00
2.259143855091000130e+00,4.816235212287000245e+00,1.708749032440000093e+00,1.846390696338251655e+04,2.350244732185588232e-03,3.408710577475702191e-02
1.144763293285000039e+00,1.795224595726000016e+00,1.762224810326000091e+00,7.951783362771301654e+03,4.676586940355507288e-02,9.283569987613903507e+00
2.729871900581000155e+00,5.399676056790000400e-01,1.707756602376000021e+00,2.324465844426152398e+04,1.112457280872418547e-01,8.763730960203975906e-01
1.982659918878000083e+00,4.653330453122999977e+00,1.957579304970999967e+00,1.573197065896773711e+04,5.085111916791950964e-04,9.190284863458811132e-04
2.715947212279000045e+00,2.103366631260000119e+00,5.547878942570000360e-01,2.310119093369540860e+04,5.432992221394881364e-04,2.082178896571388813e-03
1.683683895328000002e+00,3.091065521305000008e+00,9.092102128819999907e-01,1.285611182021372406e+04,3.423673824130014087e-01,2.394551448335178279e+01
7.394765783240000445e-01,5.074339122131999780e+00,1.748659300526999916e+00,4.636333394374543786e+03,1.072006307045475547e-03,2.808242241240085230e-02
2.640473060658000026e+00,4.512857408027000083e+00,1.540167042573999945e+00,2.232560482804885396e+04,1.732652643714154006e-01,2.336780766364683970e+01
7.729990956259999990e-01,4.993331303787000408e+00,1.216453932856000009e+00,4.893139518337255140e+03,3.118279664558920236e-02,6.636497210340883690e+00
2.187140798310999834e+00,1.826541238592999994e+00,2.087108013773999904e+00,1.774646613977554080e+04,5.637897285116335927e-04,1.467162521758472518e-03
9.594469873190000220e-01,1.306125666808999997e+00,1.079642053239000088e+00,6.383438819903313743e+03,4.372990072145124286e-03,1.097525489398224439e-02
2.136919928045000194e+00,6.175108348860000262e+00,2.413302226623000202e+00,1.724847690487271393e+04,6.765483569221140579e-04,9.011103230544512425e-04
2.557532524922999873e+00,4.348994605748999653e+00,1.201625252011000011e+00,2.147736341238830573e+04,2.086307005771608370e-03,1.964929980796088077e-02
2.610310802779999939e+00,3.031038143615000013e+00,5.471485826869999514e-01,2.201663028910373760e+04,1.573100008724134498e-03,3.569150239411838545e-03
8.608759396100000572e-02,2.365514053700000160e-02,1.354816747919999953e+00,4.081946803076510832e+02,7.336712754870342024e-03,6.605394019857512289e-01
8.959454689100000424e-01,4.961242691644000224e+00,1.559865336776999900e+00,5.864864975067292107e+03,2.191277582618923747e-03,2.582296575517331605e-02
5.351524222669999942e-01,2.668399349876000137e+00,4.746708484350000146e-01,3.141496588202747716e+03,3.555224420594025464e-02,2.536064689634218716e+00
1.749425214126000050e+00,2.860056163513999827e+00,2.877262732255000177e+00,1.348062169918640029e+04,1.504209261986442885e-02,6.718386140335034229e-01
1.513497575390000127e-01,1.613485234901999910e+00,8.844143425849999574e-01,7.462939086044757460e+02,7.324929864027494852e-02,3.135843764126297515e+02
2.445161368147000136e+00,2.640307687561000094e+00,6.287147644199999608e-01,2.033525225168148972e+04,3.009385351943567877e-03,9.220474999439712271e-02
1.048291034673999977e+00,5.615005073587999718e+00,1.319445617643000057e+00,7.125780843481434204e+03,3.852382314321592394e-02,3.596245359236096562e-01
1.804354827572000053e+00,3.618010306451000080e+00,1.837048592089000065e+00,1.400597593103202962e+04,3.077873670171921931e-03,2.124989291971151120e-02
9.906630326299999956e-01,6.128784882022999980e+00,2.801102312532000038e+00,6.642125486729999466e+03,3.607725533309454752e-02,4.774203410636872924e+00
2.095401679800999784e+00,1.821263580115999980e+00,1.445572389964999926e+00,1.683833015623682877e+04,1.376076059626749884e-03,7.527122680054954863e-03
1.888876865695999996e+00,1.374588397122999961e+00,1.048071938219000021e+00,1.482034539760070948e+04,9.683605595870826699e-01,1.878909071888831761e+02
1.560801765829999965e-01,2.672810854101999922e+00,1.630157792202999945e+00,7.717035378281883595e+02,1.393234497591633509e-04,2.173943308273265380e-04
2.811805348165000051e+00,3.713037171205999964e+00,1.923680339614000090e+00,2.409112866232684974e+04,2.373168499772417613e-03,1.315172788009150509e-02
1.902005582629000102e+00,5.630427761046999713e+00,2.417373628152000187e+00,1.494746771698408338e+04,6.077111238810832712e-03,2.780125921515024801e-01
6.940968508820000160e-01,5.045026294193999838e+00,1.213427477361000095e+00,4.293749012227037383e+03,3.295463206774690845e-01,5.149143242092609398e+02
2.049241673201999792e+00,7.377466322989999492e-01,2.623140934380999933e+00,1.638402235216466579e+04,1.844099717186943946e-02,1.460509116685325903e+00
9.292895970679999618e-01,4.009067764919000076e+00,1.693220107307999989e+00,6.135847201332429904e+03,2.590851828008937374e-03,9.183717140602185372e-03
1.416041948591999944e+00,4.005446250258000163e+00,4.152725633359999891e-01,1.036704817137262580e+04,1.454585173349988159e-01,3.812418173937044230e+02
1.272466562308999904e+00,2.479276972596999862e+00,1.334488205103000036e+00,9.073201051826257753e+03,8.885328597466499948e-04,6.201883375045579710e-02
3.441177634879999947e-01,1.981523895135000046e+00,7.704108935850000339e-01,1.871087000699155851e+03,2.597183426550274121e-01,6.694612370847768545e+01
2.556532825314000057e+00,3.436888945544999796e+00,6.436334972489999862e-01,2.146716592809768190e+04,1.556125436498963510e-01,4.967644753684290748e+01
2.624001248827000143e+00,5.425266144121000167e+00,9.742604741600000007e-02,2.215680143473926728e+04,3.286669138407362703e-03,4.658400622424124782e-02
1.976564812009999894e-01,6.185002117884000228e+00,2.319501742276000034e+00,1.000056088321008247e+03,1.266671141155021945e-03,6.038622492746410081e-03
2.243171048375999899e+00,3.799884513814999920e+00,1.098404462770999901e+00,1.830440889797538694e+04,4.487667716207783403e-02,7.121621568366155453e-01
