1.905301514248000094e+00,3.881385397429999884e+00,1.323045395342000052e+00,1.497940729156941779e+04,8.109616257221631194e-04,1.858581180070327868e-02
1.098595146954999935e+00,4.229086883267999752e+00,4.666540019140000273e-01,7.554051629942474392e+03,1.153437883620024368e-03,4.150487628741214921e-03
2.382126185403000029e+00,2.389623847270999857e+00,2.314370912436999994e+00,1.969833352823678433e+04,6.015806739671535671e-04,2.611350142171272714e-03
1.146376789365999960e+00,1.895640742287000080e+00,2.802514426788000002e+00,7.965761032213809813e+03,6.586673485360688973e-02,1.725543670982460398e+01
9.780126058110000242e-01,2.518023895523000100e+00,1.623705223912000006e+00,6.537003425289808547e+03,6.436609272934411437e-03,5.679622155288783780e-01
1.496248177585000061e+00,2.558422127804000024e+00,1.568867245892999973e+00,1.110324182958260280e+04,1.643111480860669476e-03,5.905956671565388769e-03
2.602840561413000131e+00,3.946372778449999785e+00,2.056466416259000063e+00,2.194019511374955255e+04,1.306774469425870267e-03,4.884457758797526583e-03
2.716870981106000116e+00,6.097748548655999912e+00,2.585726760620000064e+00,2.311070504375262681e+04,2.073769993687088753e-01,1.698969565619757134e+02
2.898295435141000187e+00,3.945389159368999810e+00,1.426317610671999914e+00,2.498882371582735868e+04,9.590093579655328132e-03,1.562729936494915983e-01
1.582312086338999890e+00,4.008464828554999748e+00,2.030705841106000165e+00,1.190276546962088833e+04,2.595117638315846877e-03,2.041421679691537983e-02
2.181902420540000165e+00,4.310629139510999686e+00,1.320427080040000034e-01,1.769442840680960580e+04,1.479069607008033117e-02,6.000318652851966972e-01
1.129571900136999929e+00,7.586317642319999610e-01,2.091153061602999852e+00,7.820434594813045805e+03,3.766437411567035310e-03,4.503449864995245217e-03
2.969193509851999924e+00,3.218707537719999845e+00,1.542607227728000074e+00,2.572775173701576932e+04,2.875000015064952535e-02,1.783939202008858471e+00
2.711254798160000146e+00,2.818233283920000165e+00,1.250429590958999970e+00,2.305287048823741134e+04,8.009511142650929671e-03,4.243432050586952720e-01
1.858965854882000057e+00,4.739986353967999833e+00,2.000108340884999780e+00,1.453134542635557045e+04,3.649223475195698119e-02,1.601925308237876422e+01
2.452539296229999943e-01,4.774817295890000146e+00,1.086531086304000082e+00,1.272149465769938843e+03,3.214477685100852189e-01,6.093664150131833424e+01
1.266964796356000011e+00,6.267628430288000096e+00,1.940139378807000048e+00,9.024285177920603019e+03,1.006005680809114212e-02,2.028570393478669409e+00
2.217205026749999863e-01,5.777048995062999737e+00,9.730131801410000225e-01,1.136232744656617569e+03,1.685136488073456923e-02,2.503024235978241308e+01
1.329752800704999904e+00,1.276404518397000087e+00,1.949706927010000035e+00,9.585532440508215586e+03,3.721025609120887177e-04,1.946911045955393525e-04
1.936768429088000065e+00,1.171951053089999917e+00,2.361582277320999790e+00,1.528485709704626424e+04,3.507048186952761437e-01,1.232297222343477898e+02
1.843283938112999953e+00,3.871987844217999797e+00,1.487421889017999987e+00,1.438017692244308819e+04,4.237470113520806075e-02,2.379637343063019106e+00
1.248928552730000030e+00,5.616229836082999860e+00,3.888960082910000171e-01,8.864291258668084993e+03,9.963783332760791506e-03,1.486037955755189766e-01
2.307229412069999874e+00,3.871234816683000179e+00,2.099673721200999932e+00,1.894523575550467649e+04,6.480414474557723292e-04,2.567165324037075976e-03
2.185981895637000072e+00,1.022189757327000015e+00,2.395872153967999907e+00,1.773495183927663675e+04,8.102640048998842022e-04,1.570231102182124798e-03
2.809635090793999979e+00,3.922298403965000180e+00,1.281050473149000002e+00,2.406865754758502226e+04,9.137621407285745345e-03,1.424593083459351206e-01
2.600599311129999869e+00,2.282344990151000008e+00,1.664256323749999933e-01,2.191726954381567703e+04,1.267183665305113456e-02,5.920251689917277460e-01
2.682412911280999790e+00,3.051532545101999894e+00,8.885302861360000470e-01,2.275615939725780481e+04,1.785534730993909858e-01,2.544445257794815873e+01
2.254977405590000039e+00,3.911867796549999832e-01,2.358385094004999960e+00,1.842228369852784817e+04,5.362159031351319133e-03,2.417842007251166936e-02
2.724729156866999791e+00,3.779095923073000129e+00,1.849074903590000041e+00,2.319165872740726991e+04,3.727851680832582927e-03,5.857685581673859748e-02
2.895917667239999993e+00,4.126903781891000378e+00,2.052128886814999831e+00,2.496408893356796034e+04,3.510182240673651727e-03,1.228044487743078055e-02
2.192252017021000032e+00,2.942587898234000132e+00,1.643827780294000007e+00,1.779726155474893312e+04,2.164284969581338758e-01,1.099899118605310662e+02
2.865384631338999899e+00,4.850468801024000243e+00,1.775694467080999983e+00,2.464674558577511198e+04,1.274467979924082464e-02,1.795850005941923011e-01
5.421384113389999815e-01,2.863874453386999974e+00,1.271944531524999977e+00,3.190462353231062025e+03,1.204292549110712882e-03,9.931113588626395549e-04
1.384884143454000016e+00,1.202877928791999951e+00,1.616512853041000009e+00,1.008354861094682929e+04,3.313600586566992079e-02,7.854094866609085734e+00
7.629091906199999551e-01,5.647259259802999587e+00,6.630431242640000278e-01,4.815463472144801926e+03,3.086682160354611414e-03,1.019159399753741084e-02
2.578591016655999990e+00,1.841524272762000036e+00,1.510295567428000085e+00,2.169231765467409787e+04,4.393291921221257820e-03,2.254123430316918794e-02
2.141080065050000147e+00,4.506041666123000056e+00,2.570509318459999748e-01,1.728965133039901775e+04,7.401900380611694530e-01,3.206529501487629119e+01
2.406300525504000198e+00,3.786001176434000026e+00,1.145742003982999968e+00,1.994226756809728613e+04,8.274117881250845838e-03,2.434302018267265333e-01
1.908871823833000025e+00,3.767134815712999796e+00,1.967348917093000082e+00,1.501401742064221799e+04,1.108778151101337756e-03,2.238842804364242316e-04
2.341606466568999956e+00,2.188755480264000131e+00,3.222741599469999829e-01,1.929039697702645935e+04,1.919082731381920315e-01,3.458148027046708961e+01
1.842735803432999919e+00,4.140838574863000332e+00,1.872279290745000102e+00,1.437489749546841813e+04,4.641359451003665253e-04,7.846614222051883194e-04
2.452199248718000213e+00,3.011360302461000060e+00,2.490119107423999889e+00,2.040653502316123559e+04,1.325182679315189439e-03,6.482609566516861488e-03
2.537431713392999999e+00,5.720231733686000020e+00,1.541250692590000027e+00,2.127245172527757677e+04,1.160638199124469083e-01,4.116460524704898916e+01
1.423185663006000024e+00,2.919981132394000145e+00,2.148303913053000169e+00,1.043224884098282018e+04,5.370840334038265787e-03,8.767714435359358349e-02
2.308744366292000194e+00,6.089896126069000104e+00,1.232625145115999965e+00,1.896042827123589086e+04,4.164205345234074651e-03,1.352928009042050350e-01
2.510135771771000002e+00,6.209833490608000162e+00,2.284163422870999938e+00,2.099461338277156392e+04,1.920683927183108181e-02,2.123064589536046431e-01
1.672513180644999986e+00,5.512611316201000200e+00,1.328413774461999930e+00,1.275047210794254170e+04,4.269262429682292581e-02,9.396351270977842063e+00
6.754774059289999633e-01,4.090330008550999707e+00,1.456196969577000067e+00,4.154842860725435457e+03,9.588503695161780527e-02,2.347386108834105585e+02
6.273948378879999899e-01,2.206367307917000087e+00,1.502610418198000009e+00,3.800784602924383307e+03,5.460213427307558263e-04,3.638046047674900084e-04
1.430144479068000019e+00,5.985250235110000094e-01,2.447779497621000111e+00,1.049583301431762993e+04,1.382711341728065559e-03,6.569187493912902534e-03
1.363531956527999967e+00,4.438749672133000423e+00,2.367802663202000168e+00,9.890110459760389858e+03,1.723412605444696669e-03,2.438612990397479377e-02
1.550283429589000006e+00,3.638668220315000035e+00,1.461610784100999982e+00,1.160412302698982785e+04,4.204779893900212895e-01,7.175386641126771110e+02
1.794691251666000076e+00,1.809069485169999991e+00,2.022171744415000028e+00,1.391332459670706703e+04,2.445987752852326214e-03,5.235606855823477478e-03
7.258287514010000052e-01,1.013279400719999945e-01,1.075984163186000098e+00,4.532710923110884323e+03,2.829018492697117915e-01,8.421757372806618491e+01
2.629928047972999838e+00,5.325235793882000301e+00,2.162234354325000218e+00,2.221751990937955634e+04,1.675176089742870522e-01,1.954703501349866599e+02
8.458919317380000358e-01,6.104494988805000411e+00,2.306953542450000061e+00,5.463846376107551805e+03,3.160739430133095995e-01,5.879351591445396252e+02
