2.179550065158999850e+00,4.545465466353999950e+00,1.617352969526999917e+00,1.767106595482591001e+04,1.530012204635545353e-02,4.471304618744497694e-01
4.401381519490000227e-01,3.756115682726000049e+00,7.832165593900000111e-01,2.492426045043174781e+03,6.355998852842480173e-02,2.182827807189451264e+01
2.193311056868000097e+00,3.369788812764999975e+00,2.420202400567999845e+00,1.780778898020515044e+04,2.155220524170655457e-03,4.514226622702788294e-02
2.440190818796999839e+00,5.840871253119000350e+00,7.127538351000000105e-01,2.028492897897017610e+04,5.396282770208997714e-01,5.735963138846265110e+02
7.187991624170000371e-01,3.039978668998000177e+00,2.678069129364999856e+00,4.479534687623816353e+03,2.351469820041789116e-01,3.090166051169786954e+01
9.139626423669999777e-01,6.042121124596000037e+00,1.612312114068999991e+00,6.010918473210552293e+03,2.124833100973697302e-04,2.346015818069847772e-04
5.765099549969999737e-01,5.328253348711999848e+00,2.397529553774000011e+00,3.433726673147971269e+03,3.342437240222203426e-03,3.754603278432428609e-02
9.805598786710000292e-01,2.051194971935999867e+00,1.028038667673000006e+00,6.558139377559620698e+03,5.113421018380816252e-02,3.661409870982717529e-01
2.287535775329999854e+00,3.973391026127000014e+00,2.254430525339000013e+00,1.874789584630365425e+04,9.994112316127053142e-02,2.487384582153606000e-02
2.296269654077999878e+00,3.815858327366000058e+00,7.617396161330000082e-01,1.883537793202501780e+04,6.239177032013919558e-03,1.099405338981368323e-02
