1.245291243118000102e+00,3.353646330540000164e+00,2.478512063994000147e+00,8.832094342608523220e+03,1.940824517008249265e-04,1.009037182941177678e-05
1.936058124689999937e-01,5.555597501521999604e+00,9.814327642050000300e-01,9.774182820375104939e+02,2.452133033084712599e-04,1.232783115807645474e-04
2.777437633340000267e-01,3.373185816689999728e-01,2.411088541074999814e+00,1.464109893746333000e+03,1.547249107837015379e-02,1.086417827104796570e-02
2.204991490195999937e+00,2.693938383974999962e+00,5.365635937930000043e-01,1.792395631979553218e+04,4.469341543382378094e-03,5.522425581088601099e-02
2.212650082530999818e+00,5.474963309470999739e+00,1.526673029044999907e+00,1.800018232934453408e+04,2.170616772899711512e-04,4.302333617138302466e-03
2.722974198253000022e+00,2.708663783502000211e+00,1.001710898840999953e+00,2.317357630750669705e+04,8.388731503635051823e-01,5.447872720419952657e+02
1.589858151969000044e+00,6.088408400078000327e+00,1.745580778621999896e+00,1.197331111026339568e+04,3.053715124626550301e-02,6.816264968165601790e-01
2.013593549409999905e+00,6.746089546910000179e-01,1.634220558411999979e+00,1.603442567960507768e+04,3.685903171432794532e-03,4.998988898447608194e-03
7.741890031329999866e-01,5.488337268440000027e-01,5.525095772860000309e-01,4.902321801377448537e+03,9.044251842507057722e-04,1.534016852290000102e-03
2.567533381173999985e+00,5.123732394480000174e+00,1.785891331033000018e+00,2.157941151791171797e+04,3.100210896441383743e-02,3.131939121932248771e+00
1.174818063855000094e+00,4.553041554175999650e+00,1.049199875286999983e+00,8.212981331911945745e+03,7.147293594943981976e-01,9.359112757106490790e+02
6.514649276420000357e-01,2.862094300475999997e+00,9.189511915550000465e-01,3.977174231635066462e+03,4.907691530154396778e-04,3.921056121512815564e-04
6.198527131579999461e-01,1.159979245756000088e+00,1.274678271481999969e+00,3.745873398091728632e+03,1.792733509399349334e-01,7.095659633715590076e+01
2.076496490009999807e+00,1.528100387857999953e+00,1.288186330455000084e+00,1.665204649138321474e+04,3.626370933497271090e-03,6.382078746954912563e-02
2.873132510722999911e+00,5.001734792259999729e-01,2.094482645819999989e-01,2.472722390218605142e+04,1.644111645263916484e-03,3.693457415147030718e-03
