1.349498231075000110e+00,3.846794838331000221e+00,1.490173723030000064e+00,9.763354807539340982e+03,1.208227740288776719e-01,1.417196748898325040e+02
9.108272749399999590e-02,4.866216101022000196e+00,2.157329880943999800e+00,4.332302677757774063e+02,6.453396033913553209e-01,1.185593327097583938e+02
9.680543086280000153e-01,2.442072899949999931e-01,1.320526755716000089e+00,6.454527591792931162e+03,5.761839966671548907e-02,3.626872655165796822e+00
2.089475457577000039e+00,3.291808318810999889e+00,1.125618606288999901e+00,1.677990334014968539e+04,1.650259037864773223e-03,2.988437075541070832e-03
2.880971156515999887e+00,2.619940071460000186e-01,1.197780864464000006e+00,2.480867878453421872e+04,1.363102877715309654e-03,3.356569628570311038e-03
2.153455197586000125e+00,4.084956951090999766e+00,2.518729901182000130e+00,1.741221649092308508e+04,2.835727561039301861e-02,9.862668033754212971e+00
8.351287043859999537e-01,3.441099625895000180e+00,1.659662421833999923e+00,5.378556228062043374e+03,5.270261096074989327e-02,7.423514432623045423e+01
1.647845644587000002e+00,7.012302595649999581e-01,2.030071476209000192e+00,1.251769911740173666e+04,2.373162734606145408e-01,5.855240110136700338e+01
2.664294289473000177e+00,5.153777965789999804e+00,7.404086220279999520e-01,2.257002153268707843e+04,1.079326869202037881e-01,7.758350542706519093e+01
1.466121995878999940e+00,3.894007436777000120e+00,2.502978461094000018e+00,1.082566716377276862e+04,1.014713961323274044e-01,1.029119819486272114e+01
6.387767679179999769e-01,3.453861018978999997e+00,5.040630433330000049e-01,3.883977542862488008e+03,1.444553656489689329e-02,1.035182788818012734e+00
1.740773722671999924e+00,5.468515288608999825e+00,1.947452249521999912e+00,1.339816785404948132e+04,1.652672925133269466e-02,1.505318185264950537e-01
9.412145299080000305e-01,6.158245496740000213e-01,1.867455787194999939e+00,6.233471815145941036e+03,1.549381129573455980e-03,4.032581086591142928e-04
3.923198316090000248e-01,2.354004663606999781e+00,1.540640861486000102e+00,2.178399895904064579e+03,1.789636672330664480e-01,2.180896342798449794e+01
2.234961890494000070e+00,1.114519061770999908e+00,3.343959867919999995e-01,1.822251130528362046e+04,1.352993297690691966e-02,2.294329404467100042e-01
1.587725414477000108e+00,2.180661985966999783e+00,1.698015376327999926e+00,1.195336580800773663e+04,1.649595312713378857e-03,1.933180323540667836e-02
2.879460176773000146e+00,5.910737465316000083e+00,9.039768393379999933e-01,2.479297484727085248e+04,1.946889429347658726e-02,3.697698709656702665e+00
2.200678742476999794e+00,5.710438065280000197e-01,1.168007783713999936e+00,1.788105152978007391e+04,3.834172451799549002e-03,1.527401375087438992e-02
2.583918654871999898e+00,3.256100182980000146e-01,1.683313458997000023e+00,2.174674447680654339e+04,3.889936703300806986e-01,8.717400027012072172e+00
2.075625574140000040e+00,6.037385831870000219e-01,1.230030460534000003e+00,1.664347208992646119e+04,1.296312154282287972e-02,1.911983047741733777e-01
2.940162510131000051e+00,3.677949834434000032e+00,2.118698613012000020e+00,2.542485160518419434e+04,2.475457468402465777e-02,2.274808838114887433e+00
5.983198152980000462e-01,6.614132395670000442e-01,1.858468047758000008e+00,3.590062160174866676e+03,4.005855672568957998e-03,6.688095580240502325e-02
2.989365879481999944e+00,6.013389150654999682e+00,1.573095061322999921e+00,2.593848780649303444e+04,7.362608250535650038e-03,1.388159518023503736e-01
1.777749950078999941e+00,1.186704358143999993e+00,1.007763178887999933e+00,1.375112953027330695e+04,3.340434213708914218e-02,1.779888567161114210e+00
2.658686353151999970e+00,4.924048787284999840e+00,2.591503034601999822e+00,2.251245012301188035e+04,5.827223182578697425e-02,1.047347386022744908e+00
1.143524267444999909e+00,3.773419765517000091e+00,2.818684463487000080e+00,7.941053217572611175e+03,6.971755924856203176e-04,5.540035301082828385e-03
5.362618258619999967e-01,2.008922824508999838e+00,8.976936076599999481e-01,3.149261607713810463e+03,7.089234541366384867e-02,4.025042415594489142e+01
2.110930803455000060e+00,1.044629459699999985e-01,4.723270271269999765e-01,1.699157072506503755e+04,1.214883737189563235e-03,6.388096726160993541e-03
7.236761234230000284e-01,3.564522684825000010e+00,1.854397772058999916e+00,4.516412807279230037e+03,6.115903735217673859e-03,1.533279349810497960e-01
9.786264794160000058e-01,3.652467785912000053e+00,2.568205827148000164e+00,6.542096839366534368e+03,2.070035377387227388e-03,1.521282459582812014e-03
2.742413380786000054e+00,3.771937992068000067e+00,2.044026582068999787e+00,2.337397278906760039e+04,6.268106195370293232e-02,9.351061411536910617e-01
1.393256682042000039e+00,5.166514435460999977e+00,2.229069703675000014e+00,1.015958716614776313e+04,4.051128387772733874e-01,1.472460715289540474e+02
1.488241977891000101e+00,1.666004432145999914e+00,1.722599944653999904e+00,1.102935400180237411e+04,2.315601012827124897e-02,1.387930472216881039e+00
1.788980814445999989e+00,6.075865715795999655e+00,8.205209785749999485e-01,1.385861994473555205e+04,7.924260215821938690e-04,2.739859539098909481e-03
2.554708416129999882e-01,2.105916405127000068e+00,1.404927194694000070e+00,1.331981951507176291e+03,1.330052306310804400e-01,2.107365593040673275e+02
1.256353117213999893e+00,5.451116134210000075e-01,2.284803642747999852e+00,8.930084065312486928e+03,3.855108790190673197e-03,1.161630446641949074e-02
2.628431525686000025e+00,5.148704595853000221e+00,1.263361334429999872e-01,2.220218734074334861e+04,1.143340434768233419e-03,1.311403273518241741e-03
2.606351376216999860e+00,4.941443212519999739e-01,1.356898504246000003e+00,2.197611325880028380e+04,1.009834266900892265e-03,1.609188441129622742e-03
2.722111698425000004e+00,3.856218494438000022e+00,1.519734500131000088e+00,2.316469161595604601e+04,6.651734727329795815e-02,8.993854950450771213e+00
8.408845024419999703e-01,3.298179707770000135e+00,2.790604634676999929e+00,5.424123680319338746e+03,1.323467303952616161e-03,1.115938163842513688e-02
2.484533840545999794e+00,6.109322427743999917e+00,1.041147998108000072e+00,2.073446583818605723e+04,7.859650173564372566e-02,2.191846511420749977e+01
6.018569271570000101e-01,3.191536281818999843e+00,1.575312268206999988e+00,3.615557886253257948e+03,3.585354063342515163e-01,2.272930973467217086e+02
2.740083985476999828e+00,9.290333706309999995e-01,2.586231840402000159e+00,2.334994766404570692e+04,2.140154288470318394e-03,2.791823060749230433e-03
1.006599389619999979e-01,4.526715141007000121e+00,1.037700400257000055e+00,4.816295117719300265e+02,8.864998808338562771e-04,9.528527222360951010e-03
2.794481113557000018e+00,5.775233099100000267e+00,1.274055345872999956e+00,2.391182470810751693e+04,1.313912611578685156e-02,1.273400473458422999e+00
7.520971225150000494e-01,3.298577880483999802e+00,9.743152852649999973e-01,4.732600691396852199e+03,4.245237156468421348e-03,2.825999377522761188e-02
1.767457121514999896e+00,6.366962174889999604e-01,1.109143214810000000e+00,1.365273275131930495e+04,1.336533752121548888e-02,6.992155901640800808e-01
2.320023851508000057e+00,2.617057385643000167e+00,1.483845455713999950e+00,1.907359639675855942e+04,2.109948390183075811e-02,6.495875181717669644e-01
5.230027588590000498e-01,1.147417399292000040e+00,1.960855959869999943e+00,3.056730207807126590e+03,5.747511222399017891e-03,4.296561943421942087e-02
3.525570139149999949e-01,4.540593604817999562e+00,1.952074902114000032e+00,1.924198420927185680e+03,2.288961052589580356e-05,1.464186916074427630e-05
2.223521407459999877e-01,5.318540601922999933e+00,1.561527014811000091e+00,1.139845685050215934e+03,2.499434746614092738e-04,1.611566065576360951e-04
1.114663406200000068e-01,3.429292902678000132e+00,1.635503119708999975e+00,5.368630089564693435e+02,1.006669133905711789e-03,1.372683883455599343e-04
1.185292976721000091e+00,4.925582763809999598e+00,5.284419726350000346e-01,8.304424179387850018e+03,8.071725424872225330e-02,8.651382563216245103e+00
2.650133510549999905e+00,4.995317132277000027e+00,1.763796358118000063e+00,2.242468331996919369e+04,5.100107907564595949e-03,3.205756989221140302e-02
3.575819824540000247e-01,1.197028912636000086e+00,1.312909930275000026e+00,1.955964157286282443e+03,3.735882228659357339e-03,1.054670316482150295e-02
