2.689251172590000127e+00,1.057597202238999889e+00,1.393946499102999947e+00,2.282646282693027752e+04,4.951121273404975910e-03,6.100857353160833718e-02
2.271879587632999797e+00,3.792673836790999786e+00,7.343464122499999691e-01,1.859122019193113374e+04,1.050833253895910695e-02,1.780079638958802224e-01
8.971299469410000116e-01,4.596856927197999987e+00,8.996408309179999563e-01,5.874439830228839128e+03,1.906558689599295239e-03,1.527784223643800093e-02
2.413768943743999973e+00,5.611746514288999954e+00,1.928006953949999991e-01,2.001771145658556998e+04,7.152958614921065515e-03,4.439398125116783556e-01
2.940377019472999898e+00,3.060959817347999934e+00,1.039396269874999890e+00,2.542708803923934465e+04,1.392916505938050220e-01,4.935707346724281308e+01
2.623975085481999869e+00,3.381029846070000122e+00,2.163767151971999869e+00,2.215653344648679195e+04,1.968920562699231699e-03,6.498933882014656764e-03
2.614669616180000045e+00,3.315175164439000177e+00,2.096847119037999807e+00,2.206124579013069160e+04,1.201492393277666521e-02,1.650833884603601365e-01
2.116643101289000128e+00,4.713831984957000287e+00,2.512956228056999919e+00,1.704799018049319420e+04,1.901261262427529977e-02,3.364960528451736543e+00
2.554927190632000134e+00,2.213603739667000081e+00,1.379762238999999946e+00,2.145078935977235597e+04,3.151384594100023646e-03,3.564468872942869876e-02
1.937172977037000088e+00,4.169959298184999774e+00,1.333174605795000023e+00,1.528878999851385743e+04,7.519537409544020390e-01,6.741934569858281066e+02
2.154160611790000013e-01,1.097755634866000030e+00,7.876126591409999822e-01,1.100278915508386945e+03,1.166633134789206855e-01,2.861735871913527873e+01
9.199128947960000247e-01,5.341651091844999755e+00,2.059211217119000015e+00,6.059344724118525846e+03,4.413000592440342040e-01,3.540899923897454187e+02
5.223288939100000361e-01,6.960005947420000449e-01,1.819685746995999942e+00,3.052043446763638258e+03,2.286544566185973182e-01,4.220162298409696433e+01
1.406238138033000018e+00,1.296531585367000083e+00,1.113511035277999994e+00,1.027769011561997286e+04,1.076459960623615689e-03,1.233151874533160120e-03
4.284794023010000119e-01,1.965850658530000072e-01,1.908065788904999893e+00,2.415049190372214525e+03,1.221538764830829536e-02,9.450190670284410732e-01
