6.969921406079999660e-01,6.370273466250000460e-01,1.498996489750999972e+00,4.315436665246884331e+03,6.749972681126828467e-02,2.083934989254143844e+01
7.174678679429999928e-01,1.197373687907000051e+00,2.412209535132999960e+00,4.469479116439940299e+03,8.142718813479029542e-04,7.947787892701195294e-04
1.624564184450000059e+00,6.169613518235999905e+00,1.882671442669999973e+00,1.229865277415753371e+04,4.738211979060602541e-02,4.039557690947312985e+00
5.170944517840000421e-01,2.179690674585000210e+00,2.236900780062000216e+00,3.015690625216765056e+03,1.543790196148603529e-02,3.341228004062548052e-01
4.168811540630000256e-01,2.340651001271000009e+00,2.220425353202000185e+00,2.338589012290977735e+03,1.477086551862694715e-04,2.506350188626475838e-04
1.926546118312999933e+00,2.359366926689999977e-01,2.399549230593999827e+00,1.518552707096533413e+04,9.927552896859249271e-03,1.403737440456309937e-01
2.099116796627999992e+00,4.597194537185999685e+00,2.972853881400999931e+00,1.687497250874519887e+04,1.661603509275433044e-01,5.224248115614908983e+00
1.923419113742000031e+00,2.482442143900999820e+00,2.022676474050999929e+00,1.515516152531872285e+04,6.643029879121173376e-02,5.003401939139300758e+00
1.201805130776000041e+00,2.312072944996999890e+00,2.520626739163000174e+00,8.448988343684657593e+03,8.797148845660702132e-04,1.755304373120668109e-03
1.822644359444999917e+00,2.441477651077000210e+00,1.342147767318000007e+00,1.418159125388728535e+04,9.621162490804791988e-05,1.270873259693730117e-03
1.384191277298000067e+00,4.624683768853000032e+00,2.317170078704000158e+00,1.007726078850869635e+04,1.798351137817872161e-02,6.866456567465993865e-01
1.097222167426999961e+00,2.547433276411000147e+00,2.868594126867999972e+00,7.542290694517640077e+03,2.014185273486129944e-03,2.005971921418039927e-02
2.970906462009999860e+00,4.482798748586000137e+00,2.699795731112999864e+00,2.574563822599430569e+04,5.205735606331601123e-02,1.588463745551371487e+00
2.624588822319999792e+00,4.832797151347000053e+00,1.658084493028000095e+00,2.216281999331567204e+04,7.254070326899352689e-03,4.340615108910733655e-02
2.747634469656000000e+00,4.616373496580999714e+00,6.793043334330000071e-01,2.342783462641897131e+04,3.182775360862521996e-02,2.207253396601861262e+00
2.005035715866000157e+00,6.308830510780000234e-01,1.330021935933999977e+00,1.595066592418321670e+04,5.719001551757738055e-03,3.059679642366682634e-02
1.791872970595999925e+00,3.877457245132000185e+00,1.681419951180000094e+00,1.388632192077728541e+04,4.489674258821581276e-02,4.906357721516977577e+00
2.369756106541000218e+00,3.119811490020000022e+00,2.390784794155000004e+00,1.957367173029475816e+04,9.442302919035263113e-04,1.920883519798246772e-02
1.139878776263000049e+00,2.256791132335000061e+00,2.520157542350999869e+00,7.909500363409983947e+03,5.445078732520441771e-03,5.811025177892370497e-02
2.185718702473999908e+00,5.686863256568000402e+00,1.530898017786999965e+00,1.773233699581573455e+04,9.722140681381694766e-04,5.256313409708380374e-03
2.778297169612999884e+00,5.903431750783999732e+00,1.735919160037000086e+00,2.374447840535569776e+04,1.811229932985670846e-03,3.470393530065906534e-03
4.164751394280000185e-01,4.878233104271999743e+00,2.232744530070000177e+00,2.335921801196778233e+03,2.907362867009829848e-04,4.279870573269915226e-04
1.322951559000999922e+00,3.098464349588999855e+00,1.832102179240999940e+00,9.524425714376939140e+03,1.443248910356660772e-03,5.737455126561498940e-03
1.542765112744999945e+00,5.223025793859999766e+00,1.357651612078000003e+00,1.153420720460069242e+04,5.809093640981833565e-04,9.691178116826410470e-04
1.312324441012000076e+00,5.711758556100000189e-02,3.204262882209999996e-01,9.429094106499996997e+03,1.467039068969917023e-04,1.848076070500046322e-04
6.097704344800000120e-01,6.001961342457000192e+00,2.129233877489999927e+00,3.672739968502216470e+03,3.353631593164676378e-02,1.921224310749126474e+01
1.986354292264000065e+00,2.874179534086000132e+00,1.644636013034000088e+00,1.576804759853245559e+04,1.345018222693536158e-01,4.496992639252536605e+01
2.119391473682000093e+00,3.407333127344000179e+00,1.311141218783999918e+00,1.707514487043023109e+04,3.406309461067849858e-03,1.113244849585989446e-02
1.252358685239999936e+00,1.418645605485999939e+00,1.151468093570999995e+00,8.894675465300850192e+03,8.759519240668429312e-04,1.833830058298272503e-01
1.520000359516000099e+00,2.039360044038999842e+00,3.384031536409999874e-01,1.132294772031938737e+04,4.442107531852635544e-03,1.354599383947570346e-01
2.387803695864000098e+00,3.551588417078999971e+00,1.637027774807999991e+00,1.975558619855476718e+04,4.734666557147366658e-03,1.454499527560993988e-01
2.799038036752000025e+00,6.013069106149999676e+00,3.086283728578000041e+00,2.395897175157333186e+04,6.228549220921383162e-02,1.085417458783515343e+01
2.109786714744000147e+00,2.526068292799999934e-02,1.462054314186999937e+00,1.698027439652338580e+04,1.309888970953438925e-01,1.388274111368925645e+01
1.948469967349000020e+00,4.918863161301000098e+00,9.500210358909999542e-01,1.539867984006715415e+04,1.160818268950550508e-03,3.627298691135197404e-03
1.601116140243000086e+00,3.853748655322999817e+00,1.839253879951999959e+00,1.207868714490344064e+04,1.241363494134088523e-02,2.811832277394776258e-01
2.406074819514000040e+00,1.976204919301000063e+00,1.219726375884000014e+00,1.993998816021646053e+04,1.398630454669194103e-03,1.623088308063470745e-03
2.564116667605000011e+00,4.302597670428999876e+00,1.660125865935000000e+00,2.154454037490254268e+04,7.532122951053755316e-04,8.788432300769014613e-04
2.158790217881000117e+00,6.256527417450000073e+00,1.495719491605999929e+00,1.746509344107056677e+04,5.338760416967723056e-03,6.134844542926867067e-02
2.016940468196999792e+00,3.814738457995999976e+00,2.922909803914000015e+00,1.606720127510540988e+04,3.928439760410526449e-02,2.103987086125576333e-01
1.946930336284000029e+00,4.791996835469999994e+00,1.028005371944000101e+00,1.538369640390321365e+04,2.258819761631075326e-02,5.466123428403103501e-01
2.965268991505999985e+00,2.440555652655000074e+00,2.817962330405999971e+00,2.568677816015995268e+04,1.017458817309983658e-02,4.652640198695834894e-01
2.645333591788999961e+00,5.353939486993000152e+00,1.065903599197999929e+00,2.237544771222605777e+04,1.817672899366182607e-02,9.720959781615922113e-01
2.308760725795000024e+00,2.524966445826999806e+00,1.428173224168000077e+00,1.896059233963263614e+04,8.938502263021634586e-02,9.468281109180296085e+00
1.348165044603000018e+00,3.834248799880000114e-01,1.546537643248000027e+00,9.751329126133432510e+03,3.385492278614452184e-03,6.089216255575817527e-02
8.688570117749999655e-01,6.097768559694999979e+00,2.427996094396999816e+00,5.646955523410031674e+03,1.142886238676709375e-02,2.028424109935289266e-01
1.116404430325000030e+00,3.759906415585000161e+00,1.868993386724000061e+00,7.706961052356403343e+03,3.045325411257918981e-03,1.867418426451309538e-02
2.319127820896000003e+00,8.009960449599999865e-01,1.974531378421999994e+00,1.906460303070423834e+04,2.837831588335099076e-01,8.305402428879876879e+02
7.044806744930000031e-01,6.271692476259000060e+00,1.825703237806999946e+00,4.371639456736011198e+03,1.737953585108884284e-04,6.017148659881116704e-04
2.607580893971999991e+00,2.867742943092999930e+00,1.760095332713000005e+00,2.198869394246231241e+04,9.673796320321457858e-04,2.963186927429809197e-03
2.261623699564999868e+00,2.628176844651000099e+00,2.465275178776999976e+00,1.848868709375900653e+04,9.706498038755782473e-03,2.942591211739419288e-01
2.573473215551000060e+00,5.603235618717000044e+00,1.386662442331999978e+00,2.164005164278043230e+04,7.691409882614904086e-04,3.720165078587831008e-04
2.515144623472000074e+00,1.773325357779000022e+00,2.900010413590000113e-01,2.104556062313747680e+04,3.894553178706383623e-02,1.857540485967211774e-01
2.069880073015999855e+00,1.507161306580999893e+00,4.473210651460000076e-01,1.658692235950086615e+04,2.225252693998148491e-03,8.138225375361454392e-03
2.949508921835000130e+00,1.527908661666999901e+00,1.004307528842000030e+00,2.552231987625363035e+04,1.438871164849356461e-02,1.917698993929911921e+01
1.005738232032000079e+00,6.211127405824999670e+00,1.417153215412999989e+00,6.767899393506580054e+03,6.903497241482950582e-03,4.306400919918501602e-01
1.698238445962999998e+00,1.013270574467999952e+00,1.583203357339999950e+00,1.299396245538797120e+04,1.439213988375208884e-02,2.489340557626120998e-01
2.098566238680999785e+00,3.809431160957999829e+00,1.073954659977000015e+00,1.686954159985308434e+04,9.930614336260964320e-03,2.398806412176286429e-01
2.705047223529999934e-01,5.563897803380000173e-01,1.913870437456000051e+00,1.420914270303307603e+03,4.265182466439546016e-03,3.782466354811245962e-02
2.131305640528000200e+00,4.574914328684999809e+00,2.550679453696000021e+00,1.719293082140624756e+04,3.288933591474032473e-03,2.285443040055344308e-02
6.085776308570000070e-01,4.632187291093000425e+00,1.384507841922000049e+00,3.664108481436329384e+03,1.880932687993952870e-02,1.631726536554852114e+00
5.119420116099999973e-02,1.182006458479999966e-01,1.092961457401999903e+00,2.373588755583918157e+02,3.462973132300379286e-01,6.092107311038742523e+01
1.743127495436999963e+00,5.894644286883999662e+00,1.578690329514000013e+00,1.342059274053001172e+04,2.830529004911689576e-03,3.761060597043731826e-03
2.419732140667000042e+00,3.896075040618999896e+00,7.655253089569999947e-01,2.007797795356179995e+04,8.642547445828626176e-03,5.486272512067270207e-02
2.105923337980999843e+00,2.952169116019999873e+00,9.251666643350000552e-01,1.694213565723771899e+04,7.042230109079727039e-03,1.625439350807501293e-01
1.607291787170000097e+00,3.146888767920000163e+00,2.728889809912999898e+00,1.213655693928070650e+04,5.901575822290377766e-04,2.769364476182424508e-03
3.227367745299999924e-01,4.555112098587000169e+00,1.810642553567999968e+00,1.737882374247654298e+03,6.662999437568989380e-02,1.874382972686230886e+01
