9.149855700319999841e-01,4.681572739035000374e+00,6.599200268239999723e-01,6.019236886253665034e+03,1.206983940886980321e-03,4.076880009807583522e-04
3.340017500490000124e-01,4.127070805657999664e+00,1.968644577140000074e+00,1.807819912299609314e+03,2.063870022753896971e-02,7.637495455408307432e-01
2.470507756144999956e+00,4.242521275621999877e+00,1.544313033499999932e+00,2.059212935359192488e+04,1.660759590359169036e-02,3.337828408820959769e-01
1.051477767766000104e+00,3.306643761001000215e+00,1.777818128617999927e+00,7.152747721900839679e+03,6.233239308607357171e-02,1.883867856181777611e+01
9.005848786499999481e-02,1.827408027309000094e+00,2.408068699728000084e+00,4.280851277386440756e+02,1.000934119705599867e-01,3.422045436042158428e+01
2.886288426953000030e+00,2.020671916950000035e+00,1.396352190281000105e+00,2.486395206240904008e+04,6.904921479891602647e-03,1.574557483736409302e-01
7.256413596540000066e-01,1.081255794682999927e+00,8.806023936929999740e-01,4.531291630854228970e+03,1.156313749513497857e-01,1.486684168446337928e+01
2.022074252133999828e+00,2.329426756806999954e+00,1.988834423524999950e+00,1.611749426792813028e+04,7.447222860020248636e-02,1.231459379037385027e+01
1.991709070441000096e+00,2.485536362907000196e+00,1.554546883945000069e+00,1.582036080485757884e+04,3.641913806768456606e-04,7.517372528612987180e-03
9.701758755149999525e-01,1.062940894690999949e+00,9.790627088019999702e-01,6.472078155458570109e+03,4.489355329433612485e-01,4.423651045094582059e+02
2.648565400488999799e+00,5.420368562562999593e+00,1.555076413085000109e+00,2.240859670399550669e+04,3.388303109461841128e-02,1.070171012445911529e+01
1.940036025999999914e-01,4.248208450491000043e+00,2.255471740607000175e+00,9.796377231393270222e+02,1.829187193859031606e-03,4.034939612092627859e-03
7.417504416600000094e-02,1.556734728728000006e+00,1.575171053412999900e+00,3.490698279437575593e+02,3.608942313254733750e-04,1.622192114804383992e-04
1.772311989962999990e+00,2.858225511404000052e+00,2.283189578670000053e+00,1.369913022683548297e+04,1.242311468350278548e-03,1.313414378271881428e-02
2.898552767031000066e+00,1.426744875201999996e+00,2.792363224054999815e+00,2.499150080518868344e+04,1.933442898979169378e-02,9.073372172364593813e-02
2.518827008816999946e+00,3.446222799312999907e+00,1.234219986320999940e+00,2.108302604795712614e+04,1.750417250630476040e-01,2.097251263575148794e+00
2.216553933826999945e+00,7.793810474939999455e-01,1.540350950039000022e+00,1.803905498485387579e+04,5.548588933344949202e-03,1.910695452008564360e-02
1.589423757362000034e+00,4.371046941588000223e+00,8.874954217410000457e-01,1.196924821763830187e+04,4.497738450330433682e-04,3.443139939511482076e-03
4.754123104299999847e-01,1.754256590549999884e-01,1.183458494036000008e+00,2.729623100336511925e+03,1.704809206229163931e-01,3.185334022561282197e+01
2.397501492531000089e+00,4.222187000955999636e+00,1.135459003473000106e+00,1.985343262168825459e+04,3.714292613679504463e-03,2.933617230402267226e-02
1.158021187501000027e+00,1.379941232180000033e-01,1.320541175225000030e+00,8.066787823130032848e+03,5.597867061356932850e-02,2.071400063991879392e+01
1.443010000259999925e-01,2.884724879779000162e+00,1.664018136154000072e+00,7.086525130221724567e+02,1.593157712129525741e-02,1.174661040821045194e-01
2.223420101142000060e+00,1.286837985615999935e+00,1.321874773026999961e+00,1.810745359233113049e+04,3.700321631231871800e-03,4.889660685420264483e-03
2.761888468059999990e+00,3.475642310881999819e+00,2.136382682585999948e+00,2.357496282852108925e+04,5.793546927152732479e-02,4.295865040240408916e+01
2.757608962746000092e+00,4.328585822613000289e+00,1.169763482313999958e+00,2.353077777735989002e+04,2.471928394669875746e-03,2.963879844127637140e-03
1.276126709761000066e+00,8.290483915320000508e-01,3.671168274569999723e-01,9.105771764450819319e+03,4.985082933625022833e-03,2.955530919869477427e-02
2.752213297612999821e+00,6.150980660720000159e+00,1.943701370891999902e+00,2.347508399840147104e+04,2.176637638352468471e-03,1.588215793106134699e-02
1.906059251879000049e+00,5.046002147300000296e+00,1.931746700821999951e+00,1.498675169387561255e+04,1.133808879811823954e-02,3.405885466589847477e-01
6.468296827289999884e-01,7.421290066429999666e-01,1.059364194330999931e+00,3.943072216382850002e+03,4.163870625217683035e-04,1.707923175067507880e-03
2.809984901193999907e+00,5.611673137410999601e+00,1.629108837251000086e+00,2.407227917556526882e+04,4.781033244808904209e-02,4.678479684519194493e+00
9.835763634159999658e-01,1.597380069746000109e+00,1.751174166470000015e+00,6.583189061367321301e+03,1.022247336836180692e-03,5.465146510591154146e-03
1.340651361318000001e+00,1.076861219453999929e+00,1.547962951599999970e+00,9.683605954226643007e+03,7.749610161363262254e-04,8.004775545383705860e-04
1.616252618891000026e+00,5.986451048126999908e+00,8.585022773570000210e-01,1.222060706868869602e+04,2.773033514974192482e-01,4.148386038272216751e+02
1.291018080034999960e+00,8.432783349500000414e-02,2.632757643325999819e+00,9.238519377771412110e+03,2.080328229208410276e-03,9.184246143479148777e-03
2.250486088554000119e+00,4.388874029829999968e-01,2.147449455921000006e+00,1.837742982109210061e+04,4.279148040296755495e-02,8.357868250235960250e-01
2.632258424324000146e+00,2.571422404990999944e+00,1.159619340409000054e+00,2.224139997544946527e+04,1.343083065528206900e-03,2.758818764207117413e-02
2.877384907741999953e+00,2.116587699625999797e+00,2.181450594909999818e+00,2.477140795194785824e+04,1.382544968722565579e-03,3.005728638592916613e-02
2.393630142773000014e+00,3.287456811555999892e+00,1.311623018051000011e+00,1.981436420092622939e+04,3.403421846839138100e-03,3.222740292180088090e-02
2.451291654079000182e+00,5.370822821878999953e+00,1.370614239001000101e+00,2.039734061427300549e+04,1.549841799463815180e-03,5.499341981390390433e-03
1.534674270240000027e+00,2.948568881576000056e+00,7.777871685610000529e-01,1.145904669023497809e+04,3.827539064775593337e-03,1.567005958117938594e-02
3.213378198440000055e-01,4.460805107760999810e+00,1.518463267211999979e+00,1.729235349036630396e+03,7.514400189056582636e-05,7.380384678405869600e-06
2.098294204745000169e+00,2.259544822517999929e+00,2.364517268966999985e+00,1.686685830984424683e+04,1.527143110299524764e-01,5.244623116918177175e+01
2.308069975108999916e+00,3.981144691523000212e+00,9.724141671070000159e-01,1.895366502726636827e+04,3.020288939298523389e-03,1.129762366413029212e-02
1.335696878479999961e-01,2.499628347153000085e+00,1.214947168021000001e+00,6.518587997966656076e+02,1.773231758916587672e-03,8.718836621148699307e-04
2.485518248453999934e+00,4.950647535639999819e-01,2.610739102386999910e+00,2.074446058663115764e+04,5.568629301664185932e-02,8.782302393261357309e+00
2.064631953066999870e+00,5.862100143245999817e+00,1.972595018013000079e+00,1.653529281458098194e+04,1.656376102679164505e-02,1.326549935575902062e+00
7.106071126649999847e-01,2.464947785710999817e+00,1.064311481400999959e+00,4.417735336238917625e+03,1.218657324409237602e-01,2.162146755090105543e+01
1.916735277923999892e+00,5.089223797984000264e+00,2.055314138136000057e+00,1.509028729975375609e+04,3.957885951569413141e-01,6.030713831110060710e+02
2.921976106099999915e-01,9.143164344909999741e-01,7.011184374760000004e-01,1.551071980118068268e+03,2.811723135959630186e-03,3.394904833760914453e-02
1.045423916077000026e+00,1.065208595534000047e+00,2.233911221461999830e+00,7.101538034855499973e+03,3.137198707727095748e-02,2.749383086855361036e+00
3.690408212840000091e-01,4.800671727690000168e-01,1.711245445696000012e+00,2.028793768225151325e+03,2.169828951846469733e-02,3.113273403399390848e-01
1.494685629466000032e+00,1.437858536078000071e+00,2.784534064324999836e+00,1.108881448119370543e+04,3.241004492929780989e-01,1.161490296282093198e+02
1.935596729982000053e+00,2.588271911301999850e+00,2.367788597646999893e+00,1.527346677085441115e+04,4.668294640921962120e-03,4.339245758116844903e-02
2.591121473999999890e-03,4.965665232373000393e+00,2.499012592096999885e+00,1.162166669745237613e+01,1.439295147408487570e-06,1.711562134530643834e-08
2.882470293238000192e+00,4.569917796019999923e-01,1.386506477296999940e+00,2.482426075658495392e+04,2.799564869351736911e-03,3.233119767995696475e-02
5.494061403819999745e-01,5.400368129423999797e+00,2.414392719889999928e+00,3.241575882662126787e+03,4.489272817988175790e-01,1.058879815916886145e+02
1.050826050586000093e+00,2.883817217167000013e+00,6.678667968400000543e-01,7.147230904441133134e+03,9.011704948527116165e-04,8.660758261919447240e-04
