2.876313584107000221e+00,3.614983197462999787e+00,1.201172189708999971e+00,2.476027546994006116e+04,4.172861242515291808e-02,9.501184529524339117e-01
2.255120453882999865e+00,6.109026613940000239e+00,2.327222252776000033e+00,1.842371254074941680e+04,2.670696981299132845e-03,2.075005387035481694e-02
1.633989176655999964e+00,4.543475514225000289e+00,7.088557375959999574e-01,1.238725238992507002e+04,1.563827151213336613e-03,3.567627226475994073e-03
1.704323169302000007e+00,3.030044522713000177e+00,1.245757437473999918e+00,1.305166278156790759e+04,8.026966591760613390e-02,4.623167855144706806e+01
1.765879772898000022e+00,2.622463493100000154e-01,9.072999992550000448e-01,1.363766349455857380e+04,3.289413582809954089e-03,4.099832372564801361e-03
2.686887878459999879e+00,2.252295017236999985e+00,1.525412635474999945e+00,2.280216284451318643e+04,3.216827998189312251e-03,8.086844472056982369e-02
1.841094540387000045e+00,3.272922067831999904e+00,1.025376914461999966e+00,1.435909123435968286e+04,5.981836693155567763e-02,7.282411829236310474e+00
2.944621362822999799e+00,4.869305229003000335e+00,3.918107548970000131e-01,2.547134450881086741e+04,1.052678084967384325e-01,3.058336842069379058e-01
2.677353047177999823e+00,1.653912423041000057e+00,1.957312157128000107e+00,2.270415787768331575e+04,9.798337994407224378e-04,2.319484000365341567e-02
1.987829947942999942e+00,2.056436419895999901e+00,1.032744552130999915e+00,1.578246130485795220e+04,4.251923729461307665e-03,1.033384070110308396e-02
1.066731804269999973e-01,3.834473962839000105e+00,3.825614449479999846e-01,5.122833416095319308e+02,9.833614298143981362e-05,1.318303644247157086e-05
1.905009750053999973e+00,4.207368353124000038e+00,1.513100943253999908e+00,1.497657950901825825e+04,2.007462697144061781e-01,3.304109991342477883e+02
5.818271045459999513e-01,5.307266144989999823e+00,1.404248610712999890e+00,3.471701296368091789e+03,1.723525922950070865e-04,9.739756976000110396e-04
2.113925454633000189e+00,4.453027604155000319e+00,2.466789257808999825e+00,1.702114523971158997e+04,1.883913361831719008e-02,5.786491109209617179e+00
2.248004422996999985e+00,3.081763888330999901e+00,2.371843110363999862e+00,1.835265251409218035e+04,1.537087994865729279e-01,1.273818963989996889e-01
1.898960862145000039e+00,2.700750996673999982e+00,6.906458190040000167e-01,1.491797172128243074e+04,3.267273749879213204e-03,8.954617227763337489e-03
1.393567649366000083e+00,4.194376000284999684e+00,2.795565599046000216e+00,1.016241336038158624e+04,1.527871885356263002e-03,6.803131428853509584e-03
9.575835850930000115e-01,5.009171667562999808e+00,1.984610365530000031e+00,6.368073196045481382e+03,2.465767492233103238e-04,8.725183363045442954e-04
5.965578899490000531e-01,4.831848074902000079e+00,1.118684017714999923e+00,3.577376694436279195e+03,8.860983301296329259e-03,1.018045875928268451e-01
2.473099924970000085e+00,5.079431494299000427e+00,2.083491093933000027e+00,2.061842466600880289e+04,2.955357707027142858e-02,4.467174847594038489e+00
2.824518071787999851e+00,3.382584597124000059e+00,7.754550096240000467e-01,2.422281264111310156e+04,7.299954524973929770e-02,2.396220981726392196e+01
2.203762629353000158e+00,6.711644861509999949e-01,1.611819076521999961e+00,1.791172962663246290e+04,3.248055587297855873e-03,2.602842564708628820e-02
2.956589090485000071e+00,3.438954514853000077e+00,3.088285166448999863e+00,2.559618597084164867e+04,8.988690320398768849e-03,2.285715384929770388e-01
1.300658350795999896e+00,3.896303979215999913e+00,1.076519861825999902e+00,9.324654099304510964e+03,5.913561684162411958e-03,2.241829248352139869e-01
1.681276360563999983e+00,2.548592602344999847e+00,1.092303010054000101e+00,1.283333222115069657e+04,2.257914892722913403e-02,1.687930657755281283e+00
2.582591213553000031e+00,6.214480952949999804e+00,1.836424754482000044e+00,2.173318173304681477e+04,1.221927569457637985e-03,3.913579908983601426e-03
2.938184698980999876e+00,5.423580614989999660e+00,1.529206901345000036e+00,2.540423188019675581e+04,1.485953563603879257e-01,2.456054009137719873e+01
2.776459698956999844e+00,4.161252853382999994e+00,1.325028742945999927e+00,2.372548801924429426e+04,4.170277638477289939e-01,5.185012604182509222e+02
1.721491376964999986e+00,2.268116668339999809e+00,1.350030188155000088e+00,1.321468603373856968e+04,1.418659572068456691e-03,4.048177723535831968e-03
2.514960448051000164e+00,2.027252384759999915e-01,1.404913034972000041e+00,2.104368685644339712e+04,1.250402263488847587e-01,4.628308301061991870e+01
1.585168607044999955e+00,6.002518641292000190e+00,1.824272594513000056e+00,1.192946193686475817e+04,6.827966206728089925e-03,2.767234868213109267e-01
1.299698440490999918e+00,1.831890148443999999e+00,3.034048099459999981e-01,9.316070515995241294e+03,4.439549211771419944e-03,3.438668851464510984e-02
2.557327776019000076e+00,4.644535272797999603e+00,2.099013909637999831e+00,2.147527484471182470e+04,3.559487181971180379e-03,7.661365930502610222e-02
1.906592328192999952e+00,3.883804339571999886e+00,1.074494651992000005e+00,1.499191888922105500e+04,3.209430563496794286e-02,1.279285841134126356e+00
1.685006277420000087e+00,5.448826328944000430e+00,3.589423121359999747e-01,1.286862670490607525e+04,1.395691288337624295e-03,1.550634874495990523e-01
1.735355546696000006e+00,4.770585945610999801e+00,2.614741753801999913e+00,1.334657028995963447e+04,1.023743707139578574e-01,9.870081706729203574e+01
1.743984523853999935e+00,5.839453892183000150e+00,1.909197953295999950e+00,1.342875933681204151e+04,9.945043292472431629e-02,6.829554676342087127e+00
5.265935404760000438e-01,1.277969515019999891e-01,2.350263594968999836e+00,3.081730381284629857e+03,7.623707291263197572e-01,2.889155015274153016e+02
1.084745580979000090e+00,4.608857564494000414e+00,1.412585562429999886e-01,7.435598394264017770e+03,2.140359846901866009e-02,5.046571503048526142e-02
1.766629607890999987e+00,3.284314579459999828e-01,1.400820311514999972e+00,1.364482673468809844e+04,1.589949345494129189e-03,4.864580568064911376e-03
2.636709703498000046e+00,2.075100705341999863e+00,2.864898100351000121e+00,2.228702296937291612e+04,2.098947106475093649e-04,1.042152627075232607e-04
2.877981567236000071e+00,4.790509386939000080e+00,1.277027649594999925e+00,2.477760712834242804e+04,3.034690155023684333e-01,3.939885976747227119e+02
2.025107250321000141e+00,3.753254175078999832e+00,1.507287805674000003e+00,1.614721790560434238e+04,5.344979800081172891e-03,2.320238725463602547e-02
2.255391895217000009e+00,2.914734580054000102e+00,1.659797483179999977e+00,1.842642390735566732e+04,2.762058848497538910e-01,9.753892207817275448e+02
3.278364710900000256e-02,5.842151327600000194e-02,1.238692668436000011e+00,1.501426789988646249e+02,7.407831037834428436e-04,7.135162980884166657e-04
1.432329110560000007e+00,2.351375018584000109e+00,1.001052547503000101e+00,1.051580883418781559e+04,1.917274932214344842e-03,9.461016944829099551e-03
2.848428635343999815e+00,6.134742348735000128e+00,1.134588225427000108e+00,2.447073709661411704e+04,4.466033768021405483e-03,1.809133342168688791e-02
2.173396333293000193e+00,4.827594497567999632e+00,1.158623186815000095e+00,1.760997571794195028e+04,6.343573018500270680e-03,2.812238651944307111e-01
