2.394847159894000210e+00,5.100836122290999697e+00,8.083823691329999894e-01,1.982664474135742421e+04,2.344875504254181984e-03,1.169517212211733728e-02
5.946205019350000454e-01,3.928081291359000193e+00,9.712837836609999886e-01,3.563439178341329352e+03,6.529903790052244972e-01,2.249695261601148673e+02
2.948308045540000144e-01,9.090895955819999763e-01,1.575217048557999933e+00,1.567016353617707409e+03,5.383815736369761407e-01,2.504297877720937890e+02
2.433244756846999923e+00,3.087032691865999823e+00,2.731348673760999990e+00,2.021463324248892241e+04,4.208620961756724677e-02,2.071109365524486989e+00
2.654705583195000163e+00,5.117312425019999722e+00,9.424631068640000331e-01,2.247159563250135034e+04,1.419338204260130187e-02,1.216947865987566990e+00
2.216015507682000063e+00,5.202226176811000080e+00,1.803902757119999922e+00,1.803369286993600690e+04,4.995917117134995311e-01,8.461082945580304795e+02
1.914495048820999967e+00,4.127571018560000082e-01,1.660555410481999949e+00,1.506855262986716298e+04,3.259922001040364142e-03,5.174261684595996696e-02
5.093369476550000385e-01,1.969558678317000044e+00,1.396848495368999910e+00,2.961988829476254523e+03,1.784851378766209862e-01,1.837404844745717583e+02
2.047462527708999946e+00,3.437659796134000079e+00,2.445251561100000026e-01,1.636654833390115346e+04,1.184706201508968215e-01,1.588497879401460544e+01
2.219246914589999786e+00,2.440413234959999955e-01,2.664473721504999837e+00,1.806587720420395272e+04,2.256438623213561853e-03,8.949822790866476113e-03
2.170761347656000151e+00,3.102311263052000001e+00,1.928979124315999938e+00,1.758382593881919456e+04,1.655440158218118287e-03,1.451080651552822363e-02
4.953546152869999775e-01,4.746368739660000280e+00,1.102118581604000003e+00,2.865724146683909566e+03,4.256793200067249816e-01,4.671330416859815955e+02
2.230427557281000173e+00,2.598151654840000213e-01,1.992878097438000040e+00,1.817729725301242797e+04,2.460816748026508627e-01,1.418541171578084104e+01
2.829786245221999952e+00,3.823574375175999851e+00,1.155546791137000096e+00,2.427740988232411109e+04,2.726778029937118597e-02,3.485222810127831305e+00
2.576450488759999824e-01,2.529151176935999779e+00,5.486523273440000459e-01,1.344778118507591898e+03,1.525495386004082027e-04,2.151475207191136125e-04
6.336825152439999886e-01,4.085078336529000431e+00,2.930327595166000165e+00,3.846694397064863551e+03,8.626372022121545470e-04,4.722385328766909481e-03
2.846373610051000203e+00,1.677956659069000045e+00,1.266962247736000080e+00,2.444941625063346874e+04,6.795419735286450241e-03,9.253350226289397407e-01
1.359894074550999976e+00,6.145430860894999903e+00,1.930605271242999965e+00,9.857223004973233401e+03,1.814995668811891034e-04,1.015209329762911981e-04
1.064757946035999936e+00,5.697048040231999622e+00,1.161092393399000056e+00,7.265369622211920614e+03,5.943607754839652646e-01,2.746322346193049952e+02
1.281196795422999912e+00,1.820955280143000010e+00,9.384585954680000341e-01,9.150926644537068569e+03,5.284323692922436935e-03,3.822718476311152275e-02
8.627100371539999646e-01,3.826099494195999817e+00,1.939776460218000098e+00,5.597794457717173827e+03,2.677891449787406491e-03,1.977243381336933267e-02
2.627638566434999934e+00,3.167920763725999844e+00,1.212563473680000059e-01,2.219406218401827573e+04,3.791779551649961111e-02,1.689591205457471323e+00
6.157276873279999840e-01,1.786620413355999970e+00,2.707339816580000003e-01,3.715914129422803853e+03,2.333144158174699501e-01,4.255386099890445450e+01
2.248424863959999909e-01,1.339916466705000087e+00,2.686944544529000112e+00,1.154109349362539888e+03,5.420631459731423824e-02,4.819506576430166334e+00
5.749107569729999812e-01,1.119008443295000044e+00,2.892004811380000096e-01,3.422323065841918378e+03,7.042672710401361473e-04,2.051278859846066005e-03
2.407690886090999793e+00,1.830547361310000121e-01,2.254030266203999933e+00,1.995630967502245403e+04,2.994015857790932079e-03,3.771049477254789090e-02
2.816038185375000058e+00,1.446934844522999919e+00,1.110102583411000099e+00,2.413496428743133947e+04,3.051442604011187984e-02,1.168151160164181590e+01
1.041602121311000051e+00,8.990346764240000343e-01,1.833418908532000069e+00,7.069251630885249142e+03,5.455153216053236411e-04,7.928393930556654244e-04
2.552050578519999835e+00,3.319911836638000047e+00,2.277273043572999978e+00,2.142145333673255664e+04,7.251626584782546771e-04,1.956856034822674348e-04
1.502694189300000094e-01,5.991937168564000160e+00,1.389024696676000037e+00,7.405075186648881527e+02,5.745630558814934915e-04,1.679678184172247101e-03
3.392487374739999728e-01,3.960110138206000219e+00,1.731079920545000039e+00,1.840581070064672986e+03,1.164996275498639787e-02,1.113060558906924478e-02
1.235323558204000083e+00,4.185724454025000263e+00,1.591579618798999896e+00,8.743981205914655220e+03,2.636572574425899646e-04,1.680533540096195637e-04
2.599806923260000180e-01,2.926073020197000218e+00,1.741535954738999914e+00,1.358549101553674063e+03,1.652782703800714514e-01,5.491190202532535523e+02
7.853528765499999398e-02,4.303767669494999559e+00,1.584415106335999912e+00,3.706153445788501131e+02,7.685673597171367721e-02,1.298275435913400999e+00
8.474104105909999740e-01,3.238921296522999871e+00,1.429893457316999905e+00,5.475906268189882212e+03,6.224980869315897142e-02,1.457111821880695501e+01
6.217022085400000092e-02,2.618263580442000027e+00,7.304590323480000258e-01,2.903243239359728136e+02,1.103407499360594638e-04,1.369844395326567663e-05
1.773411423104999995e+00,3.569317065099999908e+00,5.832852720910000066e-01,1.370964077651111438e+04,1.313504864941926198e-01,8.723436699300897601e+01
2.552464914696999987e+00,4.559661383205999563e+00,1.996789593913000038e+00,2.142567847660827101e+04,2.034278139449813838e-01,7.567848178295785999e+01
2.752165199351999991e+00,2.050803209760000134e-01,1.483495478093000086e+00,2.347458760595380954e+04,8.309407677187481411e-01,6.563118518733333531e+02
1.653900403611000103e+00,1.900685622566000044e+00,3.014324407160000052e-01,1.257476952968824480e+04,1.710747105947577895e-01,5.576610926603723328e+01
2.071648704023000054e+00,1.798959750792999968e+00,3.064338271196000107e+00,1.660432702442625668e+04,4.763075418295713466e-03,3.910901736888745123e-02
2.797314702452999846e+00,6.164750031022999899e+00,1.838149502153999970e+00,2.394114029377943370e+04,2.265945419819836298e-02,2.807982834475759581e+00
2.020691269204000218e+00,6.064544921688000301e+00,1.116646803375999975e+00,1.610394364285985648e+04,9.202611130901577202e-03,9.081670441645399439e-02
6.938452031680000243e-01,7.205631963940000162e-01,1.054857336151999947e+00,4.291865113964952798e+03,1.050704211695927676e-01,2.149105353252020478e+01
2.200343439800000134e+00,5.889989661629000395e+00,1.561047604646000009e+00,1.787771641670217650e+04,3.076559499266405540e-03,3.616215530986167243e-02
2.650948162595999857e+00,3.401362632659000074e+00,1.703691371798000009e+00,2.243304109929546030e+04,9.690633225081580690e-03,2.389853053947934847e-01
2.709021296007000146e+00,5.021056870239999803e+00,7.629342473079999687e-01,2.302987546678273429e+04,8.261731508830108539e-02,4.616553528433918530e+01
2.534908044113000081e+00,2.023947630254999908e+00,7.649342746089999867e-01,2.124674331108995466e+04,1.957521298038117363e-02,9.450162314137607045e-02
1.357020331975000049e+00,5.351323206838999980e+00,1.243877781531000037e+00,9.831258044154019444e+03,3.189186336626666507e-01,1.515438253655579217e+02
2.162018397095999855e+00,3.608082994799999832e-01,2.129936456688999780e+00,1.749709999218006851e+04,3.021317779470896955e-02,4.548430373876022337e+00
1.283567857214999997e+00,5.747158967522000061e+00,1.548828763304999967e+00,9.172058528924531856e+03,3.816191481043667167e-03,3.918343799943420878e-03
7.967775794000000467e-01,1.428219629773000099e+00,2.830145828522999896e+00,5.077496321891448133e+03,3.627038641207370692e-04,4.477121782381486993e-04
2.554592426067999966e+00,2.191772714473999795e+00,2.156552693551000210e+00,2.144737513252525605e+04,3.288137034040250657e-03,8.828021231539369407e-03
2.353737252905999888e+00,3.133924050606999856e+00,2.809231106343000217e+00,1.941240118601132417e+04,1.423305597158055569e-03,2.548476759249248581e-03
5.339341503050000215e-01,1.958956608148000100e+00,1.240085310749999975e-01,3.132974344592921625e+03,8.119271826947598676e-04,1.897114653586362207e-03
