2.257617634015999908e+00,5.894271715129000277e+00,4.746431410099999915e-01,1.844865830389320035e+04,4.947559634741766771e-03,4.222721826441352966e-02
2.133148954468000014e+00,2.461303871320000169e+00,1.939930109055999941e+00,1.721116568567143986e+04,1.323705952646600167e-02,2.435877276709783157e+00
2.516459496773999938e+00,5.272424905753999802e+00,1.234834806032000021e+00,2.105893714471393105e+04,1.521258745452821332e-02,5.253374101375638539e-01
2.073843494589000080e+00,2.464041080623000202e+00,7.242259737509999518e-01,1.662592910375099746e+04,7.239469119797104640e-03,2.883507778122810367e-02
1.838601648794000010e+00,1.714952387025000080e+00,1.794196376584999975e+00,1.433508834656320323e+04,1.597808591960222721e-02,9.984897163040916679e-01
2.803812740282999982e+00,2.431014090979999875e-01,8.381781884179999587e-01,2.400838469579159937e+04,1.055083924841612036e-02,1.800862641854218127e-01
1.268570981092999927e+00,5.190567844243999751e+00,1.672998562175999959e+00,9.038560327682749630e+03,1.295152137793404747e-02,1.256624515162838129e+00
1.609344760669999985e+00,4.021877215462000166e+00,1.018251139076000067e+00,1.215580476982682922e+04,2.939265533802823925e-03,6.082254996343963716e-02
1.643844600099999997e+00,3.333526872960999921e+00,1.915310121325999981e+00,1.248000975217097584e+04,1.907462870176140218e-02,1.060849577309970065e-01
5.680888418059999445e-01,2.104459686075999869e+00,2.030967391251000009e+00,3.373769717947505796e+03,2.022860183721032334e-03,6.311532186009743972e-02
3.442842783519999839e-01,6.172214120669999859e-01,1.862765869353000037e+00,1.872132041874337119e+03,7.843560972614854743e-02,1.808442736794829386e+01
2.653331068113999880e+00,3.911753298755999975e+00,1.853884292895999986e+00,2.245749045264024244e+04,2.203669534913055804e-03,4.850187405481929392e-01
1.680850008248000016e+00,3.640875967530000090e-01,1.596488663534000096e+00,1.282929884283387946e+04,7.770896677953357526e-04,3.820258133019311482e-04
