1.587299688857999991e+00,4.063969806750000191e-01,7.304039942109999961e-01,1.194938510032859631e+04,1.062984990628422933e-03,9.009205286464259596e-03
2.703388036420999896e+00,4.986868374200000176e+00,2.133859210514999827e+00,2.297189154454448362e+04,5.036828539983563210e-03,2.855959618167362365e-02
2.728745128004999909e+00,5.837692019384999931e+00,1.309168808009000040e+00,2.323304482949270459e+04,1.299121390304040693e-03,5.940271016308384770e-03
2.268112174369000034e+00,4.649439715719999811e+00,1.323072825002999942e+00,1.855354630656540758e+04,7.416677409301649856e-03,2.974912820530863783e-02
2.611837716166999890e+00,3.921055132568000090e+00,2.341859220807999797e+00,2.203225797701955889e+04,1.858440845103792767e-03,1.625275042481358692e-02
2.467513827104999891e+00,5.719587736519999854e-01,1.281402718939000041e+00,2.056176421117518476e+04,1.496113681337370438e-01,3.327684599918597552e+00
4.525030857089999969e-01,5.010452250572999588e+00,1.145367783460000011e+00,2.575049045142229716e+03,1.549558459743924019e-02,3.065076262953873032e-01
2.319860498268000004e+00,5.280153348860000539e-01,7.126920447460000085e-01,1.907195680900711159e+04,1.318888629181533545e-01,7.964808314844005110e+01
2.763362713195999909e+00,3.789487614106000102e+00,7.464476186840000027e-01,2.359018643674586929e+04,7.235864090412998106e-02,1.170438517904346831e+00
1.807082345645000032e+00,1.423772616940000013e-01,1.590389843550999993e+00,1.403214384748009979e+04,2.332732524380878251e-03,1.906155641818360266e-02
2.155065646713000049e+00,3.455243661597000138e+00,9.001734822579999795e-01,1.742817570540227462e+04,9.781847447824327732e-03,3.287259790147200045e-01
2.662010523493000047e+00,3.816549687311999950e+00,2.447116949138000042e+00,2.254657394441758152e+04,4.440232176051043221e-03,1.368928474946605744e-01
1.169241949389999924e+00,1.835781544967000078e+00,1.384738772384999983e+00,8.164388800778078803e+03,3.526996508621136651e-03,8.701610220760240544e-02
1.647707631587999932e+00,3.884805688900999865e+00,1.544469968040000030e+00,1.251639881694816540e+04,9.868567470904994476e-02,5.772050695086352334e+01
