1.355898667381999934e+00,2.074210835915999862e+00,1.705783638583000084e+00,9.821127016857108174e+03,1.096513133500937433e-03,6.722180659842960128e-03
1.983920569539999956e+00,2.088059601903999862e+00,1.298035435299000007e+00,1.574428000304252237e+04,2.105174949618486731e-03,1.002289193096818076e-01
1.398916630428000074e+00,6.188081740940000186e-01,1.974046638294999934e+00,1.021104961396192084e+04,6.737208357166402529e-04,9.859921964313846012e-04
1.418534033762999913e+00,6.213139681104999923e+00,2.166493538990000189e+00,1.038978499752314019e+04,4.947093214069030361e-03,1.526634392434190850e-02
6.471237440079999903e-01,5.503127143866000104e+00,1.898287186204999921e+00,3.945233770983249997e+03,7.293854569966852150e-04,1.147141172713512939e-03
3.951402269090000252e-01,5.758290037823999619e+00,1.227541109154999921e+00,2.196673588072299026e+03,5.324143849457556527e-04,3.722492252089170056e-04
2.828708565913999884e+00,5.316997815338000422e+00,2.395405437807999860e+00,2.426624003636889393e+04,1.160113674374463853e-02,2.677385019461654692e-02
8.477579167590000297e-01,3.970869859836999805e+00,5.508479582369999461e-01,5.478667210046699438e+03,1.279963038615345794e-04,5.605952725906111029e-04
2.897347097940000116e-01,2.273558385084999856e+00,1.611452499479000045e+00,1.536186980909488057e+03,4.833618702043737518e-04,4.983540933255434799e-04
2.202717843329999869e+00,1.011714808650999942e+00,1.009293489955999990e+00,1.790133528277341247e+04,3.988078878421919687e-02,2.251267716172217881e+00
2.568316243988999936e+00,4.243689237275999560e+00,2.189764954200999814e+00,2.158740249602808035e+04,8.232600386440728883e-04,4.834033996487558001e-03
1.145776554201999975e+00,8.526490893600000009e-02,1.185080296363000052e+00,7.960560612670185037e+03,1.103698798475157006e-02,5.740613465195867349e-01
1.142356880200000036e-01,6.015729428432999626e+00,1.948496814422999934e+00,5.511229265442880205e+02,7.399436607483569212e-03,1.484030665558002671e-01
1.109481992115000093e+00,2.290890803807000164e+00,1.973144427148999958e+00,7.647447457817834220e+03,9.772078824638627363e-04,8.911344516577560321e-04
3.686817849699999816e-01,5.798624115110000421e-01,1.288243886147999895e+00,2.026503609936931980e+03,2.854640696788490750e-01,3.139230940594502499e+02
2.682513313813000178e+00,2.219510493496999803e+00,1.287522442073000040e+00,2.275719150486140279e+04,9.625714672059717397e-03,1.088370458859283380e-01
2.356757321659999960e+00,5.621330365903999926e+00,6.023206726490000218e-01,1.944279179508477682e+04,1.356498890455415385e-03,2.905202049086738972e-03
8.389007754570000364e-01,4.955681519261999846e+00,4.235320928160000165e-01,5.408407829243579727e+03,1.061540060758315836e-03,5.648350417041585192e-03
1.977237883858999901e+00,5.237545731860000053e+00,2.891526957026000044e+00,1.567904466876576771e+04,1.603260384357494545e-02,1.554121380359473337e-01
4.029130117079999795e-01,6.898613573640000052e-01,2.719237869595000134e+00,2.247197738854081763e+03,6.359292513933201448e-05,8.203379671195726341e-05
2.942435398491999976e+00,6.172048043963999753e+00,2.808715147929000011e+00,2.544854984048387996e+04,1.652914300332716108e-02,2.329065046322993937e-01
1.562700566476000086e+00,3.200708601060000102e+00,1.621413857400999969e+00,1.171975176801460657e+04,1.220053160423931107e-03,5.740274671047362713e-03
4.418540483310000044e-01,5.651015000247999964e+00,4.167008271329999958e-01,2.503857511244108991e+03,6.169315699011491266e-02,7.530113160851132470e+00
9.977621187190000018e-01,3.782383778725999957e+00,5.936649988669999711e-01,6.701286377427681145e+03,8.111224162766446149e-04,4.322167790564545274e-03
2.640408340320000047e+00,2.659297355746999880e+00,2.866080514356999842e+00,2.232494124632907915e+04,1.190692512735823938e-01,1.059164897244341041e+01
1.692494884765999963e+00,1.296191329527000002e+00,2.155944824090000100e+00,1.293953513008478512e+04,4.682571122688885916e-03,1.190329391412250359e-01
1.105454784063000018e+00,3.336123393412000038e+00,1.839788985683000089e+00,7.612870228652504920e+03,7.602109516989342952e-03,1.025421552129334307e-01
5.134854028149999916e-01,5.661671928979999713e+00,2.342372663581000047e+00,2.990680899032444813e+03,1.159360036654156767e-01,3.472775805356693279e+00
1.465445230597999915e+00,8.140922860000000339e-04,4.415146151530000007e-01,1.081944595068673880e+04,2.053692993512831189e-01,4.329839530590297869e+01
2.164102391540999815e+00,5.537351723071999743e+00,1.646246195131999990e+00,1.751776667039487438e+04,4.782782499036083469e-03,2.942247958696408427e-01
2.344310828868000129e+00,2.579223693691000019e+00,2.347214259274999826e+00,1.931758662192087650e+04,6.820181743518099332e-03,2.589363986749691759e-02
2.777016882757000094e+00,6.074069749242999805e+00,7.288433027649999785e-01,2.373124633818889924e+04,1.980448701065114486e-03,2.029301609243312765e-02
9.637755586820000442e-01,4.128665451075000270e+00,1.043809227264999917e+00,6.419165894690195273e+03,2.377269130731370639e-01,6.938523887934483980e+01
2.233140075370000088e-01,1.882505214499999996e-02,1.434044027199000038e+00,1.145351266936990669e+03,7.393213575424996539e-04,2.670817907454151995e-03
1.393221344107999915e+00,8.967789933640000211e-01,9.904641423819999790e-01,1.015926601244991070e+04,6.781515627916010099e-03,1.809219591533347410e-02
5.167084249159999976e-01,3.320283523572999940e+00,2.627257749198999903e+00,3.013013421028539142e+03,1.699785144430417051e-04,8.293973914519731525e-06
1.753359643645000077e+00,3.871073411725999946e+00,7.776804736560000153e-01,1.351814563917863597e+04,5.633613005071433713e-03,5.486885956794251146e-02
1.727438724158000038e+00,6.212909706132999865e+00,1.194783705234000015e+00,1.327123522226732530e+04,1.236746140617638566e-02,1.696738996095404350e-01
1.122051982309000051e+00,5.047678873287000378e+00,2.816830503209999947e-01,7.755586915817331828e+03,1.009624193999134924e-02,1.134947629424621490e-01
8.879668936110000077e-01,3.396433573472999790e+00,9.964673707679999604e-01,5.800470364335435988e+03,3.456374731598158695e-03,1.483492017360441007e-02
1.054970546552999933e+00,3.362999737503999942e+00,1.570500696931999896e+00,7.182330333185016570e+03,8.172905199032432302e-03,1.420854338744918977e+01
2.700174495614000136e+00,1.671017665633000027e+00,7.961717502890000020e-01,2.293882264497847427e+04,2.444531820301422409e-02,3.287602543303396740e-01
1.112478076568000018e+00,2.282482549631000168e+00,2.829234687964000017e+00,7.673193299349991321e+03,1.045087370743568930e-02,2.969129519482936394e-02
1.807352083383999997e+00,4.486115580290999993e+00,1.627714684185000094e+00,1.403473212969225460e+04,4.500911502115883395e-03,8.960284706243662467e-02
2.535892682440000101e+00,7.027768968480000433e-01,2.846872194869999984e+00,2.125677306514292650e+04,3.598697705259588653e-01,1.565444771924526890e+02
2.587167325982000055e+00,5.319396991470999758e+00,1.264117177262999991e+00,2.177994154139615421e+04,2.412640487840667352e-03,2.192526963416248711e-02
1.487244552549999987e+00,1.110464562937000021e+00,1.568849949864000060e+00,1.102015502926603949e+04,1.032142150570006418e-02,1.417019361713239556e-01
1.267056122220999947e+00,2.822638187904999985e+00,1.331667731775999952e+00,9.025096727748856210e+03,3.048470223527468756e-02,7.583581867161711676e-01
6.225703005249999533e-01,1.756555159493000007e+00,1.773116264323999935e+00,3.765639124589793028e+03,4.967678074397725504e-03,1.420999087428672647e-01
1.424441526539000025e+00,2.115202287599000197e+00,1.977733260064999943e+00,1.044371875762684613e+04,2.057238667538142107e-01,3.551964571680748577e+02
1.398468280981000067e+00,3.097407986314999917e+00,2.067291115205999841e+00,1.020697130368763465e+04,3.227787360410255650e-03,1.964097584657719178e-02
1.196817012427999982e+00,2.369585217161000124e+00,1.839384464596000024e+00,8.405263690731302631e+03,1.977050716837326042e-04,3.594415344583557978e-03
2.773026971360000204e+00,6.174386064595999812e+00,1.113620252567999902e+00,2.369001580486649618e+04,9.356316349498711160e-03,4.274985096210096730e-02
2.706862534392000086e+00,9.546559934570000294e-01,2.855035291565000133e+00,2.300765277681700172e+04,3.841535411505876772e-03,1.375528043414592227e-02
2.497736232439999871e-01,1.819720277119999952e-01,2.306074269790999942e+00,1.298556873108938817e+03,1.497011386933418467e-02,7.496947772050708281e-01
1.268338498327999941e+00,2.218586209715000201e+00,2.300459484577999980e+00,9.036493838122498346e+03,1.141172154565281123e-03,1.268583121657581962e-02
2.980927337250999898e+00,3.651814321294000187e+00,1.506427836799999920e+00,2.585030623831556659e+04,7.908530566680867582e-03,1.198768833638486353e-01
2.538183464189000205e+00,4.963093969844999620e+00,1.523740803154999934e+00,2.128011034837016996e+04,7.996191779579804940e-03,2.691295467619004844e-01
2.001075680457999884e+00,4.361590372795999926e+00,1.524963764073000050e+00,1.591192893260952951e+04,9.722785958633361342e-03,3.872867354889332203e-01
9.651220235080000265e-01,2.630425756010000171e+00,2.019416464523999810e+00,6.430288790479203271e+03,9.516801003388119075e-04,1.117672102128577788e-01
7.684411564780000425e-01,1.001296532020000019e+00,5.532334845530000322e-01,4.858009441553569559e+03,4.734157088131901031e-02,2.278929412802221943e+00
1.423480129926000037e+00,5.592554083389999597e+00,1.966577509728000051e+00,1.043493802963009148e+04,1.695708994846389581e-02,2.834361048030702879e+00
6.593451475599999556e-01,5.280730957107000023e+00,2.327103837046000212e+00,4.035295015480695383e+03,2.185388690609629727e-03,1.146435561122994759e-02
8.264098583269999798e-01,4.365622206719000253e+00,2.418600616277999826e+00,5.309719152282022151e+03,1.905452585108365071e-02,2.681623943178004676e+00
2.393541068559000173e+00,1.082115530974999906e+00,2.380621866994999891e+00,1.981346541492588585e+04,2.622590974554059578e-03,2.723261272779519543e-02
