1.236311984590000024e-01,1.982761082589999946e-01,1.229044849851999910e+00,5.998194410210368233e+02,3.356576150715297885e-03,7.808602187989291399e-02
1.350352851645999941e+00,5.764670424523999692e+00,2.887624979827999816e+00,9.771065168694431122e+03,1.691688781029649855e-02,9.746836308304918095e-01
4.494790218179999797e-01,5.266181855808000023e+00,1.186316149330000069e+00,2.554789377122602218e+03,1.188471216865055399e-03,2.783705388894861226e-03
2.499595574744999826e+00,1.785115037226000068e+00,7.408100803399999545e-01,2.088745903355216069e+04,7.758380428673969636e-04,8.551522651670705666e-04
7.674735711679999683e-01,1.798530555584000101e+00,1.158496529733000102e+00,4.850560562268336980e+03,1.808374989658508014e-02,4.091915450778121688e+00
2.578027623521999878e+00,3.316855994372000183e+00,2.510611131161000209e+00,2.168656316122748467e+04,4.930150035557017557e-02,1.549051498486202938e+00
2.427807874831999779e+00,1.906794339828000062e+00,8.632761381969999981e-01,2.015963399636989925e+04,2.685985884128495242e-04,3.377700379982013601e-04
2.502068035104000110e+00,1.253744017675000100e+00,1.585253724603000069e+00,2.091258807422597965e+04,1.052165328536557205e-03,5.553821465309835385e-03
1.350519500370999992e+00,5.863436723028000230e+00,2.381955160760000079e-01,9.772568804461341642e+03,3.180701808346021384e-03,6.707691788101884101e-02
3.338617571440000154e-01,3.281747432733999936e+00,2.930931823322000085e+00,1.806947433615071304e+03,4.647115504381414963e-01,3.726436745654219749e+02
2.951612412660999940e+00,6.143089954937999586e+00,2.510411791489999822e-01,2.554426229489353500e+04,7.283461760693339671e-02,7.462497623617973197e+00
2.932274939512999890e+00,5.312454688338999809e+00,1.497467510811999913e+00,2.534263256304878087e+04,5.524605859216366599e-02,1.172520534127911063e+01
2.645397645093999994e+00,2.467864032488999992e+00,1.670836663573999958e+00,2.237610468437588133e+04,3.280770732590133215e-02,2.395979393048851769e+00
1.407848562429000028e+00,4.774278429814000191e+00,2.729650451283999857e+00,1.029235884168916527e+04,1.533130113681059614e-01,3.565059778487407272e+01
2.770856021844999795e+00,4.729440555018999959e+00,1.947387943842999958e+00,2.366758576142180027e+04,6.567392216112887156e-03,2.080772412001516414e-01
2.797400869556999847e+00,3.777000466734000028e+00,1.986106043591999937e+00,2.394203182951499912e+04,2.846070095915412788e-03,2.879659910147549379e-02
2.107874120583999922e+00,3.660926844549999837e-01,1.790187575892000060e+00,1.696139198523173400e+04,3.349224268091815278e-03,1.198188111439674013e-02
2.571619361928000114e+00,3.305330938028999910e+00,2.482995013096000125e+00,2.162112311674428565e+04,3.021600119609945800e-03,3.120355590142077570e-03
2.496787159653000021e+00,5.472118511827999576e+00,1.968911116422999985e+00,2.085892215201564613e+04,1.388873212735603976e-02,4.553653854084451780e-01
2.826480357361000006e+00,3.146174862077999901e+00,1.200341653136999920e+00,2.424314729209906000e+04,1.242499118826589401e-02,3.247346909310014906e-01
6.158781184730000025e-01,5.139895920138999763e+00,1.975403572148000109e+00,3.717005765993220848e+03,1.331128857509518903e-03,5.008723206540975810e-03
8.186509021800000285e-01,5.502451580758999761e+00,1.862549223457999892e+00,5.248653332475802927e+03,1.833315447417445954e-01,8.101829120260367745e+01
1.066538102153000045e+00,8.331552876309999967e-01,1.616484863911000103e+00,7.280495592698584915e+03,9.848102041285742040e-05,5.159020532038967408e-04
3.686188991039999752e-01,8.062289217110000239e-01,2.486669590936999796e+00,2.026102538952042551e+03,1.878290502712349000e-02,2.568274787454420949e+00
2.284674200480000028e+00,5.338801957345999938e+00,1.809671128236000071e+00,1.871924552257022151e+04,8.680682523160825753e-03,4.370169441011939604e+00
2.707919184297999937e+00,3.952288923864000214e+00,1.766557426264000030e+00,2.301852978920243550e+04,1.879637275088055434e-02,7.196097308413228477e-01
7.787953801700000511e-01,2.073056476345000121e+00,1.169470147248999892e+00,4.937911574263558578e+03,9.155955854645656672e-04,4.308422741467777053e-03
2.259983323859000137e+00,6.024075848706000436e+00,1.970158896182000019e+00,1.847229499122167545e+04,1.834980493756482867e-02,2.345162160611288446e-02
2.646020963799999848e+00,2.084537607085000133e+00,2.299466850782999838e+00,2.238249757006704021e+04,2.716023941231651348e-03,1.286773879378399696e-02
2.920786372109000162e+00,1.338524972899999936e-02,2.577505128858000205e+00,2.522293902030754543e+04,3.120513946459725352e-01,2.046607309851626511e+01
1.116237375134000009e+00,2.534849144164000201e+00,2.420519532234000071e+00,7.705523685022712016e+03,2.803465712744427837e-02,2.886676175877412320e-01
2.809262181542000025e+00,5.144422848008000315e+00,8.906896503869999870e-01,2.406479642313566001e+04,3.430349651476390371e-01,7.920570355234926296e+01
1.610922181640999984e+00,1.858819618145999941e+00,1.754470849732000071e+00,1.217059747438482191e+04,3.246013529884040141e-03,1.608122573996204063e-02
1.717087603326999945e+00,2.314806433989000212e+00,1.911284209026999914e+00,1.317283852272160220e+04,3.982687215599903796e-01,7.376558095598376212e+02
1.402542452595999967e+00,3.705202338949999952e-01,6.552298976679999942e-01,1.024404199953478383e+04,1.516412757355109150e-03,1.478910697110159475e-02
1.024981968612999950e+00,3.001944870871999793e+00,1.110080759401000039e+00,6.929229659048331087e+03,5.344519993230034509e-03,7.508873505849566771e-04
1.741388530640000099e+00,3.860597160184000121e+00,1.406305642208999895e+00,1.340402468658285761e+04,4.388182204935380318e-04,2.435919978873828714e-03
1.254139667378000089e+00,2.044094315423000019e+00,1.147060513823999983e+00,8.910459538435743525e+03,3.103796929285030370e-01,1.460376844450503881e+02
2.902413385140000024e+00,3.844419995317000183e+00,1.531007409637999972e+00,2.503166882561822422e+04,1.027434455418991914e-02,1.736433513241385784e-01
1.735321528027000015e+00,3.862151700479000027e+00,7.464748956250000234e-01,1.334624643343432945e+04,1.163175358871517961e-01,2.952590016854291122e+01
2.189967892393999804e+00,2.890239807910000014e+00,9.256867500950000105e-01,1.777455936356971506e+04,2.146408004822086997e-03,4.136658543433690410e-02
2.693921694534000100e+00,5.319718175462999632e+00,1.050328456751999928e+00,2.287449604638551682e+04,6.857774185068472861e-02,2.142384307482836192e+01
8.774475706190000279e-01,5.831383750647000319e+00,1.086432911653000044e+00,5.715839060490005977e+03,4.301971643966943093e-01,3.170692978737644694e+02
1.983555779557000021e+00,2.156980771236999939e+00,1.066623149333999931e+00,1.574071794401772786e+04,1.149341752661874570e-03,1.972033704009035004e-05
2.547842487082999874e+00,5.294041850860000231e+00,9.805563722700000318e-01,2.137854844824930115e+04,4.096367138162145850e-03,5.639792858882049231e-02
2.375980968568999874e+00,6.155321731576999689e+00,1.210383079200999967e+00,1.963639033421636123e+04,7.056811479099277251e-03,2.618013402727271954e-02
2.081487550563000166e+00,1.096128676970000021e-01,2.312363074929999929e+00,1.670119702014608265e+04,2.154782102897454064e-03,1.536921246698300970e-02
2.282357216278000145e+00,2.360319615380999991e+00,6.471911151220000047e-01,1.869605219680566006e+04,2.863075571646341131e-04,2.510541197571780907e-04
2.918311932099999950e+00,3.008643921099999827e-02,2.503556942779999961e+00,2.519716855098929591e+04,1.026296629694395477e-03,1.082244549923896265e-02
2.531942121205999818e+00,5.982049817079999610e-01,1.504823130249999918e+00,2.121653523944913468e+04,3.676549097412666351e-03,4.627345306515857210e-02
2.397331520147000017e+00,5.355677545480999946e+00,1.544044469778000028e+00,1.985171710530849305e+04,1.806225743513099891e-01,1.639016656593936148e+02
7.384685288400000269e-01,1.279827552253000045e+00,2.627683540441999810e+00,4.628662568549932985e+03,1.104269221465747908e-01,2.689749282012345333e+01
2.535189120527999940e+00,8.387636609909999708e-01,1.608068900139000057e+00,2.124960639061925758e+04,1.262417775358784799e-01,1.131873358656418702e+02
1.312748047261000028e+00,1.946886945864999996e+00,1.168285239405999931e+00,9.432890611781100233e+03,1.388267197718550117e-01,6.602007825473951641e+01
1.959502328511999902e+00,2.870337879651999824e+00,1.519009188062999893e+00,1.550610905681295117e+04,1.271164776101099377e-03,1.706534875016603881e-03
1.274736140771000059e+00,2.007551514210000054e-01,9.342561761650000074e-01,9.093394769155067479e+03,1.674802676375689806e-03,7.739181475009148693e-03
1.761586064345000091e+00,7.487015417000000145e-03,1.181226593451000006e+00,1.359665693858447594e+04,5.074470005254547167e-02,1.453342042096557263e+00
5.116093852540000153e-01,4.779681657048000076e+00,1.465680237921000106e+00,2.977698368960630887e+03,8.826683918557381243e-05,2.491425546403428775e-05
2.708935038859999977e+00,3.582230062519999869e-01,1.895799306483000102e+00,2.302898746638450757e+04,3.417919295035546073e-03,7.287150933538593701e-03
9.133803816459999947e-01,2.515819026307999806e+00,1.570763088184000011e+00,6.006184797457812238e+03,2.899746713158681010e-04,1.687896820122083454e-04
2.132854679660000086e-01,1.321797271672999985e+00,6.710624360789999576e-01,1.088172529836981994e+03,4.190815254430200337e-02,3.226666200246269267e-01
4.491249936130000120e-01,2.849200384575000022e+00,1.994697714133000011e+00,2.552419796080796004e+03,3.662985941985524158e-02,3.945674599653545389e+00
