3.753947631649999783e-01,3.892322883459999883e-01,1.001908321031999893e+00,2.069410435611363027e+03,3.823610649360966729e-01,1.499219446152107196e+02
4.288203813320000113e-01,5.505709091082000128e+00,2.939236623143000049e+00,2.417304866825568297e+03,6.518642491219392258e-03,4.735662951153837147e-02
1.983996297368000095e+00,1.870539630929999975e+00,1.383388842612000014e+00,1.574501954218117862e+04,6.599353233391745677e-02,1.485331862052261975e+01
2.079597084490000025e+00,4.313768024756999608e+00,1.001682929753999973e+00,1.668257776475913488e+04,2.276126299024542818e-03,1.662159355380976242e-02
1.964510161820000045e+00,4.916746028108000210e+00,1.329244233799999897e+00,1.555491041796034369e+04,6.593024589714200712e-04,4.118953165355994481e-04
1.037229955421000049e+00,5.723536797060000403e+00,1.909336463740000100e-01,7.032356021144576516e+03,5.983205279878786031e-01,3.363875007718383472e+02
1.800033199897000058e+00,1.711115794319999939e+00,2.140489855054000135e+00,1.396452966755200941e+04,3.776276118494933769e-03,2.670180547988685801e-02
1.550814235335999935e+00,1.969359806499999976e+00,2.654502384080999811e+00,1.160906191515539831e+04,1.111397425485005164e-03,5.980533401124166551e-03
1.905765753125000073e+00,2.086587993109000116e+00,1.019621227922000051e+00,1.498390687717864057e+04,5.590985468820448313e-03,5.480388395354610087e-02
2.310766359920000124e-01,1.423688343523999977e+00,2.775188594414999876e+00,1.189948407406716797e+03,6.487129638863400665e-04,1.282728998456759452e-03
9.419258330669999513e-01,2.981935755383999798e+00,2.782309719813000015e+00,6.239306589594421894e+03,4.227028550678781915e-01,5.475636352187126477e+02
3.184935959219999946e-01,5.088420069294000037e+00,7.766786235329999899e-01,1.711681246396430652e+03,9.235495790126932447e-02,4.462121032085482852e+01
2.813726843816999779e+00,5.878824076692000133e+00,1.536478641144999990e+00,2.411102649225334972e+04,6.469101757274039154e-03,2.995049902362249550e-01
1.641612152226999966e+00,3.238228130074999989e+00,2.211444590664000120e+00,1.245898845014071594e+04,1.544357707069535408e-03,4.104278573840908911e-02
2.691151136712000014e+00,3.426694893584000035e+00,9.047297018600000129e-01,2.284600105216017255e+04,4.389680839358559190e-03,1.192876837535789512e-02
2.539862549297999816e+00,5.661466018141999790e+00,1.662348539607999998e+00,2.129721811192383393e+04,1.066028407916863943e-02,9.757049270487880843e-01
2.307828352924000015e+00,5.918408230470999953e+00,1.426990006292000013e+00,1.895124194666695257e+04,1.339401357235489066e-03,5.697454741332836064e-04
2.232640750468000146e+00,4.423554215100000131e-01,2.849143334898000202e+00,1.819936400766919178e+04,5.942270659501629887e-02,6.426371526062089501e+00
1.062713345209999938e+00,7.085823454020000467e-01,1.216787744029999896e+00,7.248005222186227002e+03,2.308087448108161154e-03,2.740378204871718806e-02
2.011291994316000142e+00,6.259161159142999864e+00,1.655133657254000079e+00,1.601189288911327276e+04,1.777307328299847482e-03,5.371822504116090073e-03
4.709328814899999688e-02,1.253567206715999971e+00,1.350369301106000064e+00,2.177543604251548004e+02,8.071581973894682274e-05,1.590437299867388101e-05
1.898950259393000106e+00,4.461236623128000289e+00,2.683923908409999726e-01,1.491786902173912313e+04,1.854261241887977590e-03,6.280933825513090873e-03
1.226872861244000079e+00,4.693810247314999629e+00,1.475773236496999985e+00,8.669416184287856595e+03,5.076093695912073031e-03,3.652076928459787042e-01
7.742588233710000489e-01,1.050726164817999964e+00,1.450300135445000027e+00,4.902860733007808449e+03,6.493026900243482457e-04,5.701254962039947922e-03
1.730682417488000002e+00,2.679463968370000004e-01,6.874147646510000431e-01,1.330209342293752525e+04,6.268383555080667136e-02,2.199153961761125586e+01
2.664979091773000075e+00,1.434843522775999913e+00,2.785309823739999802e-01,2.257705318956000701e+04,6.103883880248087701e-01,8.462019200618497052e+02
1.281348204511999933e+00,2.374180143559999900e-01,1.360762956449999894e+00,9.152275783368733755e+03,4.572693581276746633e-01,2.752495538081831796e+02
9.937911556059999540e-01,5.720208219782000114e+00,2.353679569279000017e+00,6.668179812391179439e+03,3.108933716553480536e-03,6.724651708754619817e-02
1.577115938339000101e+00,1.428165539959999952e+00,1.401605885598999901e+00,1.185422901576497134e+04,1.265417802825752509e-03,3.367473855105554675e-03
1.027001506605000003e+00,4.501722152570000191e-01,2.946554532329999976e+00,6.946210271604687478e+03,1.788077817938657455e-03,3.598887448176457150e-03
2.078276569084000158e+00,2.448190811142000101e+00,1.926391995764000109e+00,1.666957376853285677e+04,8.141964337309534269e-03,2.744310069971572785e-01
1.982602538562000083e+00,7.245412242130000458e-01,5.606803672040000519e-01,1.573141041479032901e+04,4.349723614195536575e-02,1.778765681705679613e+00
6.306939488549999639e-01,8.360107767240000376e-01,1.566397203139999972e+00,3.824858354726801736e+03,2.023636709122433777e-04,3.613667068616934955e-05
1.481029941647000081e+00,5.220771260391000368e+00,1.335908017298000017e+00,1.096286992704096883e+04,8.026048414010550705e-03,4.557840025213863444e-01
2.164483551647999882e+00,4.659969841621999898e+00,1.897877290120999927e+00,1.752154693831424447e+04,1.554827299917542829e-02,1.836333584210656289e+00
2.765238358767999838e+00,4.749635326225000398e+00,2.473996277158999835e+00,2.360955729897836500e+04,7.167425539464990746e-03,5.210544184889043251e-02
1.676700916456999924e+00,1.011642689340000040e-01,1.844428832875999902e+00,1.279005828606185423e+04,1.445345175505350077e-01,1.100958955989774068e+01
2.265894183417000107e+00,6.240687452806000124e+00,1.853895461323000093e+00,1.853137153948627747e+04,7.223877998552595547e-02,1.003390895667278393e+01
2.010874623992000121e+00,5.764898926435000348e+00,2.090187381374999820e+00,1.600780720638554703e+04,4.602944150611863023e-04,1.770734310364132172e-04
1.874591900110000042e-01,1.082223385540999949e+00,1.319085428361999934e+00,9.432257248490421944e+02,9.753179342111267802e-02,3.090690092163730807e+00
1.916362260064000012e+00,3.878443183418999851e+00,1.714370684017000102e+00,1.508666737593847938e+04,1.409036646878687781e-03,5.066089122030455368e-03
6.986341149470000067e-01,1.438487309577999973e+00,2.541229527452999903e+00,4.327746583714445478e+03,8.440482182675103362e-02,2.169002027643423425e+00
2.200132414383999979e+00,1.567298266105999982e+00,1.881181916460999970e+00,1.787561749863791192e+04,5.863402975583566386e-03,6.846721546128187175e-02
1.141114382278000106e+00,6.147223407085999902e+00,1.246648103695999987e+00,7.920191965314435947e+03,2.239481159449832007e-03,7.822382412663600459e-03
2.600027254151000111e+00,3.230490425426999934e+00,1.785117535259999944e+00,2.191141847108567890e+04,1.478838224315096039e-02,3.443177104293338453e-01
1.395111606411999938e+00,2.116399152726000210e+00,1.884864590198999990e+00,1.017644760041871632e+04,3.673532251846794040e-03,1.586171469491777508e-01
2.169490445906999909e+00,1.066599525799999948e-01,1.342793130360000031e+00,1.757121539143413247e+04,5.395099310247144370e-02,7.685158118330908117e+00
1.360822109184999906e+00,3.777559476257000171e+00,2.803008255151000050e+00,9.865610748925539156e+03,1.704225473829905704e-02,1.763073915606074571e-01
2.193181939078999942e+00,4.554398135872999909e+00,2.754578991818000144e+00,1.780650542241859148e+04,1.188231633903786416e-01,1.938326871904228810e+01
2.360969474561999792e+00,3.474984444526000082e+00,1.936773572976000057e+00,1.948518900084123015e+04,1.917634089773235812e-03,8.046383575741139493e-03
2.854893652147000083e+00,1.685618232511999937e+00,8.803953538750000085e-01,2.453782684598780907e+04,6.550158157529992198e-02,4.598027927025801986e+00
2.929310767616000177e+00,4.171441898979000307e+00,1.522595109410999958e+00,2.531174397812291863e+04,7.718150256828157710e-03,1.008952675166694540e-01
1.719223538654000016e+00,1.581734404400999994e+00,2.241397807742000037e+00,1.319313287765385758e+04,1.552940961256184596e-02,6.486749722381744965e-01
1.454180317377000042e+00,3.301649635161000074e+00,1.861974997878999893e+00,1.071598613512530210e+04,6.502260787534614936e-03,3.268172887677591593e-02
6.423251600129999961e-01,5.168421821257999760e+00,2.084566423935000135e+00,3.909992910009092157e+03,1.369893648654742994e-04,1.050968868809964562e-04
8.838030085989999618e-01,4.873906905241000231e+00,1.599089815419000082e+00,5.766933725089690597e+03,2.609679790694910319e-03,5.083680710957336202e-02
1.107907224612999952e+00,1.276258361433999955e+00,3.299260200370000007e-01,7.633922653501572313e+03,2.471351874402939481e-03,2.238448455226898712e-02
2.076474020919000019e+00,3.181239608273000119e+00,1.013534537434999994e+00,1.665182526828080154e+04,6.485219684794213272e-04,1.297946349328120267e-04
