1.755589383163000061e+00,2.222265652447999784e+00,9.173647763379999542e-01,1.353941864877300213e+04,8.723286847765973628e-02,5.079933944827848080e+01
1.765373413043000106e+00,1.745212495552000087e+00,1.001890745070000088e+00,1.363282652675748432e+04,6.728762223026298894e-01,8.427789996948129101e+02
2.289013312822000046e+00,5.543571889599999830e-02,2.385870042051999818e+00,1.876269141974820377e+04,8.794386474747922788e-03,4.403924368134302103e-01
2.588659852390000182e+00,2.683844615457000149e+00,2.364191802237999962e+00,2.179519291972510837e+04,1.184762497570521558e-02,5.312866510201988968e-01
2.168432063696999812e+00,6.084071946485000382e+00,4.902330002029999800e-01,1.756071456047232277e+04,2.572684446485343224e-01,2.932871562245986183e+02
1.841003889820000072e+00,4.780351246882999838e+00,2.079584244555999994e+00,1.435821830191492336e+04,5.562627039896189673e-02,1.681605578631214115e+01
2.903321246074999973e+00,3.485596774198000070e+00,1.845754328906999975e+00,2.504111505014486102e+04,2.070943982310793352e-01,3.426909124966413600e+01
2.430637074122000030e+00,4.900187116259999698e+00,1.764110076239000069e+00,2.018825149021313700e+04,3.544742715068870814e-02,1.363222962968461127e+00
1.251875330687000076e+00,4.633921011707999860e+00,7.028527020450000551e-01,8.890392672327956461e+03,1.885326930884379014e-03,1.615277521338491507e-02
2.229485823179999937e-01,4.763785247231999698e+00,1.961978068654000040e+00,1.143259094765251575e+03,1.703640658416100747e-04,1.984144934495511324e-04
1.605751029007000064e+00,2.223349956725999998e+00,7.494333961110000164e-01,1.212211474818309398e+04,2.420756554977776011e-03,1.271578130801640644e-02
1.405086538014000075e+00,4.673578945742000279e+00,2.089548214820999839e+00,1.026720297029209178e+04,2.024291887435548595e-02,1.618245054125508009e+00
2.260326270684000161e+00,4.025739259793000180e+00,2.770663838306000049e+00,1.847572187038535048e+04,2.238034094091202568e-03,1.492633518790608890e-02
2.993714242424000194e+00,1.037730911719999954e-01,2.706959764616999831e+00,2.598394028085151149e+04,7.110431847330433638e-03,2.350059050694316698e-01
2.885513743859999813e-01,3.144998395230000021e+00,2.278114712544999865e+00,1.529045000495661043e+03,5.400807758307628603e-01,4.531053556589413915e+02
