1.410120133828999922e+00,4.631947813283000315e+00,2.437822017348000081e+00,1.031305618993138887e+04,3.020276220118626176e-01,1.461784950937136429e+01
2.377488455221000052e+00,3.444220958143000111e+00,2.423910939015999855e+00,1.965158304379793481e+04,7.581814891559578856e-03,5.332156681075754523e-02
1.999208178369000111e+00,2.319518711225000196e+00,2.506786707773000167e+00,1.589366598771991085e+04,3.154207366276086735e-03,5.257688544336687475e-02
2.302708509342000109e+00,5.677800136972999567e+00,1.482855395102999907e+00,1.889990860972521841e+04,3.238335790271724534e-03,8.869388184847028928e-03
7.385157412470000349e-01,3.316598722460000204e+00,2.009001363911000038e+00,4.629021774156501124e+03,3.832037716262565730e-01,2.280831536261455739e+01
2.728235922127999924e+00,2.600105941673000132e+00,5.467118681029999872e-01,2.322779681384345895e+04,1.338105534249342705e-03,1.421178482053588391e-02
2.042271288530000117e-01,4.491301249536999940e+00,1.438131697578000079e+00,1.036952853998350975e+03,3.435560679209660045e-02,2.431985036919982690e+00
2.389685707907999834e+00,1.480020085997999946e+00,1.028219565609999941e+00,1.977456948517122510e+04,1.462396849401445195e-02,9.859129943419241426e-01
2.743853375927999938e+00,1.992218585492000038e+00,1.575565868276000092e+00,2.338882658779488338e+04,2.047687555289206835e-03,4.078526683162574801e-02
1.847759132738999943e+00,5.619118184179999753e-01,1.161225400426000087e+00,1.442329153922479964e+04,1.578108948480242855e-03,1.032629524465801807e-01
1.989027117723999982e+00,5.999196452878999608e+00,1.852931895281000108e+00,1.579415641286138816e+04,2.813846567907601209e-03,1.963196031574472936e-02
2.930000323455999922e+00,3.797196647254000190e+00,9.737546993240000504e-01,2.531892937297755634e+04,3.991613033859627534e-03,1.406099303763025561e-02
2.146504015415000133e+00,6.132845605371000097e+00,1.801157763019999969e+00,1.734335568814121143e+04,1.269144685003493209e-03,7.095601413453785089e-03
