2.733851139058999902e+00,2.336470531009000151e+00,1.149862654417999952e+00,2.328567726267454782e+04,2.489874212782978644e-02,1.154201821166081360e-01
4.550996918019999948e-01,4.312973017455999702e+00,8.506912828099999491e-01,2.592472058763991299e+03,1.786772370512311264e-04,1.349653928038240793e-03
1.707843448580000034e+00,6.189442502730000406e+00,7.741891936179999822e-01,1.308506366006864846e+04,5.705929475211952680e-04,3.114999329364099494e-04
3.052256685210000264e-01,6.422809313259999486e-01,8.236430731770000291e-01,1.630261423619802144e+03,1.525958246703888049e-02,1.184814854613618351e+00
2.239388371513999942e+00,2.792773974009000071e+00,1.625018222455999917e+00,1.826666514051139893e+04,2.492643332850996447e-03,4.589604101494274696e-02
1.017801935702999927e+00,6.190768755088999598e+00,1.903695099884000097e+00,6.868934895693653743e+03,8.134580285847296116e-03,8.856122807672393848e-02
2.223237192880000102e+00,3.806169326763999994e+00,1.156926569344000066e+00,1.810563107360845970e+04,3.993515237088438030e-02,9.354207050915505084e-01
1.772118790006000033e+00,8.298440995410000243e-01,1.764615145253999984e+00,1.369728330594410363e+04,2.636855286370831317e-02,3.984633818739477196e+00
2.142685494435999871e+00,2.512035540913000187e+00,1.129520078507000092e+00,1.730554480146952847e+04,9.369896751721917827e-02,4.683754871866965708e+00
1.978043985960999951e+00,5.991989270904999998e+00,1.639577207736000020e+00,1.568691154078388536e+04,2.576953586365714546e-03,9.168564420115483948e-02
1.057248261275000045e+00,2.878746001875999827e+00,2.568779499785999842e+00,7.201636330489976899e+03,2.716260446922658025e-04,5.343390096389735548e-03
2.535452353580999851e+00,2.232644060084000071e+00,2.535690034592000153e+00,2.125228776386221580e+04,3.753159059402298714e-02,1.083794210764569277e+00
2.943877882163000059e+00,5.822664108718000442e+00,1.107020134019000013e+00,2.546359140177504378e+04,4.799623742162104079e-02,7.307707305536760956e+00
2.590871436223999957e+00,5.686515505302000228e+00,9.644252589630000205e-01,2.181780079155805288e+04,2.039513443795125738e-02,8.720586299464077040e-01
2.102842583555000200e+00,9.668202399030000338e-01,1.884636652119999978e+00,1.691173172680953212e+04,2.384236530521746319e-02,2.379080574802636239e+00
2.052294236040000108e-01,6.231559123369999620e-01,5.631588112450000017e-01,1.042600148569468047e+03,1.560470763413903273e-03,1.244973194352085120e-03
2.059050498906000115e+00,5.837197533150000339e+00,2.816571934365999841e+00,1.648040933268371373e+04,4.864407786692558078e-02,2.717376442365163403e+00
1.261864974467000078e+00,4.174731899799999923e-01,2.312975540444000000e+00,8.978989274893270704e+03,1.682212072277631393e-02,6.755423459235754269e-01
