2.883880999474000006e+00,5.707135652634000245e+00,5.326021634959999806e-01,2.483892486003426529e+04,2.840322714058416288e-03,2.180788706557617793e-02
1.459266886663000085e+00,4.013785177945999649e+00,8.339642339520000336e-01,1.076268053563640024e+04,4.030060974628211709e-03,2.460562881210532835e-02
2.894748603192999870e+00,2.676253100148000108e+00,1.095880295166999918e+00,2.495192885300531998e+04,3.576856773495203871e-03,5.199860975378491762e-02
6.189181366579999954e-01,4.090535107734999620e+00,3.061508472293000160e+00,3.739081186656549562e+03,5.307864865047488096e-04,6.232999702868853532e-04
2.721995379318999930e+00,4.980075953043000325e+00,1.767984310983000018e+00,2.316349304760113591e+04,2.718989803689505491e-01,1.650137591911046968e+02
5.956894395020000399e-01,3.623966223341999804e+00,2.329711379362000123e+00,3.571127628284184084e+03,3.739851267919203949e-03,1.166774563691848288e+00
1.634843459252999898e+00,5.349030070316000085e+00,1.082089923902000095e+00,1.239528824894062382e+04,6.656128126168618176e-04,5.336975061830442338e-04
2.106023238349999938e-01,2.595955140960000129e-01,1.533838946456000052e+00,1.072958402705257413e+03,3.328927472857692860e-04,2.286905555247506928e-04
4.345438340230000085e-01,4.690056837915999921e+00,2.879194641564000179e+00,2.455233306739993623e+03,3.160459563222300233e-02,2.077511738092215676e+00
2.292034429602999968e+00,1.287789590910999982e+00,2.725937686058999887e+00,1.879294905200420180e+04,8.396961096338230891e-04,4.623157866563958746e-03
2.816020555810000214e+00,5.815109778673999585e+00,2.491520616193999782e+00,2.413478169410678674e+04,6.554519223873227218e-02,1.017586522985823194e+01
2.577903503980000011e+00,5.885328485496000184e+00,2.550679453696000021e+00,2.168529542196582042e+04,1.760937190402901004e-02,2.577556943032217607e-01
