1.103548239381999974e+00,1.471275063491999990e+00,5.585774050850999650e+00,7.662212847881783091e+03,4.116274540915470376e-02,5.254830717740574642e+01
2.137025942080000018e-01,1.491396903032000010e+00,3.841928026470000201e+00,1.086438950969513826e+03,2.613979402762136584e-01,5.826641651626111980e+02
2.635130251075000096e+00,1.289464819436000109e+00,9.496273758140000298e-01,2.227818430314991929e+04,1.634671660585831562e-03,6.355893478318682017e-03
2.229574845745999845e+00,9.911900300199999458e-01,2.453826994528999883e+00,1.819018961319197115e+04,5.220358627539933849e-01,3.501888584848231858e+02
2.709602685479000073e+00,1.234893322060000020e+00,6.026744286856000166e+00,2.304096171918967593e+04,2.297140299861375953e-02,9.556093631251073861e-02
2.671288528153000108e+00,1.764675820686000041e+00,4.025799130762999667e+00,2.264809760253644345e+04,1.139405925965637500e-01,1.043931894407467631e+01
1.104331666078999907e+00,1.456687146474999972e+00,3.849959255364999944e+00,7.668932034280810512e+03,2.674703344223088863e-01,3.779970693958664469e+02
2.775996531919999732e-01,2.235090270599000117e+00,4.137681761239999645e+00,1.461357290083419912e+03,2.192324263418025942e-02,8.812702802970192595e-01
2.753680015666999825e+00,2.262880713557000156e+00,3.161701036716999980e+00,2.349403822514455169e+04,3.311020107019983089e-02,6.034115079899597944e-01
2.874667835143000172e+00,2.118149544682999874e+00,2.856617648099000206e+00,2.474364537090238446e+04,1.144361559582098183e-02,1.021043131341696109e+00
3.424071387350000051e-01,1.335825844713000032e+00,3.563403929410000170e+00,1.862062868936189261e+03,2.586692769650610849e-03,2.507470881422402612e-02
1.107332724294999959e+00,1.237573903739999981e+00,6.182500265313000121e+00,7.694681660802662918e+03,8.805204447237067328e-03,3.930582897684321841e-02
