2.938917679540999917e+00,2.609501568624000178e+00,3.326774480610000251e-01,2.541067042086964284e+04,5.540111673566899819e-01,5.386853541323446279e+02
2.742129815561999973e+00,2.083690916754000089e+00,4.613805911330000065e-01,2.337519785099224464e+04,1.865324340288022605e-03,3.978724804593356673e-03
1.665475024467000020e+00,2.043750312928000135e+00,4.613129145359000205e+00,1.273005793238519072e+04,6.993178822332982159e-02,4.938005271099215054e-01
2.144749497907000091e+00,2.787887248132999929e+00,2.193315497741000097e+00,1.735070301459246184e+04,8.570732660806984482e-02,2.088521899868065645e+01
2.896850269605999895e+00,1.177948413319999998e+00,4.371144207879999577e+00,2.497367449349498929e+04,3.789454273107258422e-03,4.919455607888405940e-02
2.534180032490000123e+00,8.296363407029999637e-01,3.015231981618000212e+00,2.124989314913572161e+04,1.970191386709519710e-01,9.397998321695007462e+01
2.751274635189000062e+00,1.802065123318999929e+00,5.216233819894999790e+00,2.346928253535168187e+04,1.237903807989385215e-02,3.009969070452330198e-01
7.812428730589999759e-01,1.376684381146999980e+00,1.867996172942999911e+00,5.006683447542904105e+03,7.896554233392071021e-02,7.679452981662410593e+01
1.432588699125000087e+00,1.879211397993000077e+00,1.995438948696000026e+00,1.057507187038098527e+04,2.251864775406457742e-01,2.627998621676431412e+02
2.179495602790999964e+00,1.536940607897000044e+00,3.277947867458999909e+00,1.769386599022885275e+04,1.343317188452710920e-01,7.311050647783491740e+01
1.427346202090000071e+00,1.831288250490999969e+00,6.803081471199999841e-01,1.052736982624503980e+04,1.975426169020816705e-02,7.442529177912795557e-01
7.008104760379999520e-01,7.905583583209999654e-01,1.528467227420000074e-01,4.383207549460347764e+03,3.500860521569507805e-03,4.651297597538342141e-03
1.137296442440000055e-01,1.252918753564000065e+00,3.023142473096000149e+00,5.439726397616898339e+02,6.053133701059152175e-03,1.106841625790732087e-01
1.198399540290999932e+00,9.081590840580000545e-01,5.200729950206000041e+00,8.483776080925932547e+03,4.613109340738421639e-03,6.753075983683157375e-03
1.454041743446000012e+00,2.756036758496999806e+00,2.622303140825000156e+00,1.077066801590332761e+04,1.045314390099942765e-02,1.846826993395331629e+00
1.881409562593999940e+00,2.564498094965999897e+00,4.188726207502000420e+00,1.478412103541450233e+04,2.701591084664761375e-02,3.119433149240290470e-01
1.391696083695000086e+00,1.299997727647999923e+00,3.316486313650000017e-01,1.020400262416583973e+04,4.171002995364634924e-01,9.946631071101637644e+02
2.551650788931000058e+00,1.272724909062999954e+00,3.720137287132999848e+00,2.142737212136420931e+04,8.457993080225771620e-02,2.291547901478812577e+01
6.893852910540000378e-01,1.324067901499000000e+00,2.441997271842000217e+00,4.296125102786357274e+03,7.104389211303704151e-04,1.581080249933597805e-03
2.725779256786999838e+00,1.988362602343000107e+00,4.128295644063999958e+00,2.320710498401401128e+04,1.007860217169847528e-01,6.337366527416225637e+00
2.678864742871999827e+00,2.318900831819000086e+00,8.898430560740000494e-01,2.272570971885617109e+04,4.548541215667005651e-03,1.986828462019830654e-01
8.006538161009999488e-01,8.339886342369999817e-01,5.071304863640000438e-01,5.159766012193737879e+03,1.584185514567136299e-01,3.293192354571062310e+02
2.820752050267000044e+00,8.359285696389999742e-01,7.009453813089999707e-01,2.418572264536313378e+04,6.618220567620068662e-02,1.036635373116243208e+01
4.780494909119999969e-01,4.159597621589999905e-01,2.286631554440000103e-01,2.760460594278878943e+03,3.977234090686660069e-03,2.474996343818222991e-02
1.626967634949999963e+00,6.751738723429999700e-01,3.110320895799999902e-02,1.236913646922717635e+04,9.157360552888214184e-03,3.222287685658797307e-01
1.732643791237000075e+00,2.109167198769999807e+00,1.999512042841000037e+00,1.336365190489957422e+04,1.968642701158514544e-02,8.960647083225289911e-02
2.644461549969999936e+00,2.012364420032000112e+00,2.121644666104999910e+00,2.237356776164066832e+04,7.686716719154962352e-02,6.813292854077690919e+00
1.545804178100000037e+00,1.955861341215999971e+00,5.886016973961999632e+00,1.161419748007869748e+04,1.329307478499770247e-02,1.915230063354670664e-01
6.852007619119999671e-01,4.778397079510000034e-01,2.734679275740000137e-01,4.264326414972786552e+03,1.733239289462717159e-01,4.512330480174687608e+01
1.310232532356000013e+00,8.218163518459999928e-01,5.312269214997000333e+00,9.471976137473735434e+03,7.705022631400762143e-03,2.934060998643144014e-02
2.699054017488999868e+00,5.792404773999999534e-01,6.357255941789999865e-01,2.293270726014235333e+04,4.430613173857413795e-02,1.603498761048409094e+01
1.181912158647000055e+00,2.240411980993000096e+00,6.231796844400000479e-01,8.339831736918476963e+03,3.181392589030689576e-03,5.053918279304670663e-02
1.157233888646999942e+00,1.280984641399999902e+00,2.276556556947999965e+00,8.125254990230692783e+03,7.431786720043268013e-02,1.419960798864009277e+01
2.483957724738000028e+00,2.139284661052999859e+00,2.044320526837000163e+00,2.074085151484552625e+04,2.578651146685296668e-03,6.518716226437062597e-03
2.540572370242000222e+00,1.347252476827000001e+00,2.761409520442999810e+00,2.131480686121387407e+04,1.858696335888152321e-03,9.433161705384289775e-01
2.222383772828000037e+00,1.605617089039999890e+00,5.801313951985999751e+00,1.811879714794287429e+04,3.247299637452796123e-02,1.670638923040275836e+00
3.715932744509999885e-01,2.023630281151000077e+00,2.931190493117000084e+00,2.048815285498466892e+03,2.568086870298643132e-01,7.403664038030674988e+01
2.561707201821000091e+00,1.479354745718000075e+00,2.144758863368999791e+00,2.152962378744874877e+04,2.351824109971474824e-03,6.417704256052147137e-03
2.241560362821000130e+00,1.656220607757999952e+00,3.933663737444000219e+00,1.830927187451020291e+04,1.548815410464065428e-02,3.518108824024954728e-01
