2.642643917110000018e+00,4.372894528299999806e-01,4.295014085274000415e+00,2.235498377822207476e+04,4.537830976217324674e-02,9.289461971558271358e+00
1.303405066752999941e+00,2.800653644881999860e+00,3.216092176836999883e+00,9.411076611958196736e+03,2.580227503320873805e-01,7.939792390420329582e+01
8.126352909799999802e-01,6.020331513450000172e-01,1.940553790660000111e-01,5.254743167996764896e+03,6.035208230983984956e-02,6.575613105628223209e+00
2.599245220449000193e+00,7.899946719070000123e-01,2.710805023213000098e+00,2.191189221897274911e+04,9.783420857616386135e-01,7.382531159616594323e+02
8.130769340639999454e-01,1.220836603605000015e+00,5.183908321178999579e+00,5.258251081884635823e+03,1.979668271970833615e-01,1.686737636955205062e+02
2.793520452556999878e+00,3.918454350910000050e-01,1.618268431905999893e+00,2.390457303654071075e+04,2.636976900129910442e-02,5.787170782941639668e-01
8.984557814179999768e-01,2.455737247223999997e+00,8.046120357780000010e-01,5.945427452279571298e+03,3.251116414400063714e-01,1.055512837606923569e+02
5.950030446430000231e-01,6.949569575059999504e-01,2.904230293596000045e+00,3.591918992440721922e+03,1.036008589969010518e-01,4.191973152900994926e+00
2.301687404752000177e+00,1.351297100922000061e+00,3.334529629293999875e+00,1.890835401039964563e+04,7.991477660872584607e-04,1.222735510420731040e-03
4.170239915499999728e-01,4.348216549719999824e-01,3.116724814887999795e+00,2.346846087243624424e+03,3.864920142242071407e-03,6.412485203371327824e-02
2.004770150255000161e+00,6.295627484089999504e-01,5.249184322271999825e+00,1.597861890749995291e+04,1.559117263043874151e-02,2.105548124935598953e-01
7.797046606180000339e-01,2.231250368882999879e+00,4.898796682199999669e-02,4.994594680566510760e+03,4.222981739088695410e-03,6.337885535285103789e-02
2.178846234182000074e+00,2.566914938871999841e+00,4.887518593019999913e-01,1.768744354545792521e+04,2.016725904525757881e-02,1.285098063750146125e+00
2.883471488757999968e+00,1.185518440871000001e+00,1.774152777830000083e-01,2.483490469668946753e+04,1.868109833812569565e-01,7.594075544511077247e+00
2.636171658918999849e+00,7.641708589889999459e-01,5.331020423977999911e+00,2.228882670074704947e+04,1.872719772982776032e-01,4.370066420526481465e+01
2.905243552046000044e+00,1.964360230018999953e+00,2.125430274246999929e+00,2.506078451834548105e+04,4.111688995831815768e-02,2.408314886926887777e+00
2.645198999333000067e+00,1.549052357869999952e+00,4.660637068445000253e+00,2.238110824808556208e+04,2.032597454544748591e-02,8.401834531936439587e-01
7.258872755999999996e-03,7.709389021700000511e-01,2.490378015785999821e+00,3.220455412622683866e+01,4.590973632303561869e-02,8.152255392492895325e+00
1.342766126541000027e+00,5.311078415790000395e-01,2.774759025344000207e+00,9.763142109089492806e+03,9.996961774805674869e-03,2.877998310636921686e-01
2.597679680993000062e+00,1.349971308793999958e+00,3.820408012655999830e+00,2.189593111942197720e+04,1.361130445338710471e-01,1.115565694243069430e+02
2.343772017716000189e+00,1.788461484734999996e+00,6.226145406967999563e+00,1.932930881878640503e+04,1.023061526642947590e-03,4.925013615012450692e-04
2.913290177754999988e+00,2.773442764273000183e+00,4.591421712595000315e+00,2.514433402120845858e+04,4.110843723597592744e-03,2.291389879020406042e-02
2.356096455984999949e+00,2.343178859456000129e+00,1.623055284667000109e+00,1.945283536674514107e+04,4.332803574217750781e-02,7.437721206849718492e+00
2.203348734707999856e+00,5.350681393080000126e-01,5.444304692897000031e+00,1.793001750056102173e+04,5.152158072761992003e-02,5.427367843413724025e+00
2.493502454739000118e+00,1.799728809467000090e+00,3.220671812311000082e+00,2.083746223996322078e+04,1.955563580295274079e-02,1.324587806514011090e+00
1.770493149310000014e+00,2.069741526477999916e+00,3.641083104418000094e+00,1.372286165770371554e+04,1.036383613785561986e-01,5.043205537343568068e+01
2.299289544526999851e+00,2.010505955205999840e+00,3.381967891840000018e+00,1.888440945365766311e+04,1.470723758835581997e-03,2.179247425606902627e-03
2.198769872141999926e+00,1.136709367581000052e+00,5.368125903746999938e+00,1.788465004303245223e+04,1.102622957309418172e-02,1.143649850290509445e-01
1.317530810587000056e+00,7.796147719120000152e-01,3.871699783418999896e+00,9.537154157174807551e+03,4.162624061090258363e-04,2.920606366594845371e-04
2.023163140782000102e+00,1.835291373505999912e+00,2.495188853200000154e-02,1.615792682718244941e+04,9.143174103548748141e-03,8.229738019119695047e-02
2.675235389773999994e+00,1.345440211149000032e+00,5.556864137590999952e+00,2.268852548033238781e+04,6.422238675474341643e-03,5.667142400271239083e-02
2.870388045494999929e+00,2.821683401471999808e+00,6.081820360633000355e+00,2.469929673448466565e+04,5.794651715142183912e-01,1.655437046734498949e+02
1.950992857091000010e+00,2.286156490528000074e+00,3.336423346561999903e+00,1.545613234206818197e+04,1.729999621238558936e-03,4.256156204529795532e-03
2.929889491432000170e+00,1.918234213539999899e+00,4.214021096391999954e+00,2.531680225637667172e+04,1.060892331847421675e-02,1.311095102545908886e-01
