1.129573518498000029e+00,1.075458688346000002e+00,2.023907174024000000e+00,7.886029380556406068e+03,6.053024087183295904e-02,5.276565089500572014e+00
1.912901592094000014e+00,1.684437109037000058e+00,2.203052665657000198e+00,1.508768383589373661e+04,5.396936523771212607e-02,4.965706649005650064e+00
2.120276245398999837e+00,6.822570568860000240e-01,4.641124483099999809e-01,1.710959942724907160e+04,2.026091274584391339e-02,4.547435122905667981e+00
1.876351962303000054e+00,1.233696830953000090e+00,5.850863409366000134e+00,1.473545932206099860e+04,3.076875812211326763e-02,1.073936222754417535e+01
6.261401247229999578e-01,6.215940183789999685e-01,3.699436364603000182e+00,3.821156410946973210e+03,4.232291672229291368e-01,4.101662199674032649e+02
2.312020575816999823e+00,1.527422513210999977e+00,5.243591197917999658e+00,1.901158892561629546e+04,2.990242252005137491e-01,7.627574035297211452e+00
1.437436511055999899e+00,2.628612917150999984e+00,3.222971703081999983e+00,1.061921632022677477e+04,2.915114931106708163e-01,1.505968230338939584e+01
2.664311263312999944e+00,2.140563939927000003e+00,2.239575782768000067e+00,2.257665310600435987e+04,1.016756160181119840e-02,1.045543109925543446e+00
1.839672628004000110e+00,1.816768474239000009e+00,5.533753816287999783e+00,1.438330909572426754e+04,1.942581157766377908e-02,4.047851411168621460e-01
2.600683002918999787e+00,1.981699071721999994e+00,3.678024432743999927e+00,2.192655220525691038e+04,1.213253803313637108e-01,7.272004627262616339e+01
5.463886160119999502e-01,1.529716970855000024e+00,2.904006117849000201e+00,3.240443036126330298e+03,4.990588813772820626e-02,3.956052414262722472e+00
1.257183413579999964e+00,2.257214857155999788e+00,3.602139216986000037e+00,9.000701639462395178e+03,7.508285280753183855e-02,1.436765332694938309e+02
2.321081098909000051e+00,1.118746980160999938e+00,4.913578523663000297e+00,1.910217569090604957e+04,9.767261745680681784e-02,7.864300361415808993e+01
