7.768565707210000060e-01,1.463847030881999967e+00,2.214248773018999916e+00,4.972228134802126078e+03,1.715124235809661613e-01,1.349251203537306765e+02
1.159608579316999899e+00,5.144487655859999453e-01,5.990324053800000215e-02,8.145856459450345028e+03,3.763009513579233800e-02,9.192943287611766934e+00
2.695436395324999790e+00,1.729618293911999949e+00,3.743374456300999853e+00,2.289559769548525946e+04,1.557136881169457476e-01,7.075326022427523185e+02
7.718778909519999898e-01,1.155782173551999970e+00,6.264038622902000419e+00,4.933181381056615464e+03,1.928344585552091428e-03,8.584914557214716122e-03
2.155572775961999810e+00,2.168570216412999851e+00,4.535177275809999742e+00,1.745749023120955098e+04,1.015452918258428735e-03,3.920187541256160008e-03
2.182102273708999896e+00,1.593710385320999956e+00,3.067674706351000147e+00,1.771965018236141259e+04,1.611920724964649720e-01,5.041416852760737299e+01
2.610191809071999991e+00,1.705230061003000008e+00,1.156216114920000093e+00,2.202354011954049565e+04,2.517917758729491459e-02,3.966443896134043356e+00
2.835708261793000062e+00,5.078543345629999983e-01,5.991524756806000163e+00,2.434032138167199446e+04,2.295550808820069882e-03,6.352840019855719722e-02
4.755092046320000265e-01,1.501381046806999908e+00,3.634358643375999787e+00,2.742952539033672110e+03,1.243711231229775449e-01,5.110229857371162865e+00
2.946262407502000080e+00,1.380987710522000089e+00,5.344257910631999842e+00,2.548706864663206579e+04,1.116449979285884936e-02,6.525132860889562014e-01
2.118692161853000133e+00,1.925596964069000050e+00,2.719977610018000203e+00,1.709401082491779016e+04,1.053615527749665517e-03,9.100023106578995031e-04
1.093459905490000023e-01,1.849535542032000102e+00,3.350781118487000221e+00,5.215044863562136470e+02,6.064654212997740990e-01,6.656427642406752057e+02
2.781831677175000017e+00,1.016202945027999904e+00,5.713221392166000001e+00,2.378402805342081410e+04,3.910930478002628274e-01,3.334993184068673600e+02
2.372900172605000080e+00,4.182947025509999861e-01,5.730885885478000041e+00,1.962143761956309027e+04,6.790136086751975553e-01,6.459613099743820612e+02
1.431566899087000078e+00,2.932446647398999851e+00,1.855024369571999898e+00,1.056577142697049749e+04,1.041875725122811194e-02,3.288472424822809770e-01
9.232151620200000630e-02,1.590010811486999964e+00,2.527185633514000163e+00,4.353478026355483053e+02,2.893082028593222787e-03,3.938622410058063850e-02
5.831179289610000094e-01,1.837766740736000104e+00,5.147593750397000179e+00,3.505254025661254673e+03,2.655555653015509096e-02,5.076843038725911583e+00
2.192351336893000102e+00,1.528809895678999942e+00,3.618388491921999961e+00,1.782108352492915583e+04,2.759769626062939518e-01,3.112692200828352611e+02
6.677007864200000531e-02,1.334521569822999965e+00,6.121075762251999564e+00,3.093856339517393508e+02,4.385908387273644571e-03,1.638146445808277818e+01
1.396403698385999981e+00,2.366610087987000011e+00,1.406928871911000023e+00,1.024660074187097598e+04,2.183852005831230514e-01,2.720240139854800177e+01
2.321643472567000099e+00,1.539084261473999904e+00,4.647835895318999988e+00,1.910780031904638236e+04,4.464514219512931426e-02,3.487395514316864897e+00
9.548869654930000062e-01,1.677139209634000094e+00,4.074664576490000245e-01,6.408966891902246971e+03,1.719634584842033853e-01,5.745361139289404839e+00
3.113866819050000179e-01,1.524970936466000015e+00,6.063296963505999670e+00,1.667797269689271843e+03,2.733061623391120909e-01,3.451919837071604746e+01
1.605982787432000070e+00,1.376886988200000106e-01,4.866979449530000057e-01,1.217318257202098357e+04,4.930602984686700829e-02,8.252169967358894409e-01
1.457356507677999957e+00,1.196472665753000042e+00,1.496584245181000083e+00,1.080094588198381643e+04,7.174392827543961404e-02,4.955055440976469328e+00
1.634389804425999904e+00,2.119295508646999782e+00,5.797555087302000310e+00,1.243856845549887657e+04,3.622535547849407844e-02,2.254552334049125140e+00
2.010907674660999955e+00,2.058437112172000205e+00,5.266383147471000115e+00,1.603841792996560253e+04,1.031760032288153162e-01,1.727066763456002718e+01
4.206545661100000166e-02,5.913681044140000065e-01,1.487714291644999909e+00,1.915178302841393645e+02,8.175087909922802709e-02,2.746162312258119798e+00
1.703074612580999903e+00,2.025582113157000208e+00,1.374693508567000011e+00,1.308410952370352788e+04,5.428615251616988012e-03,2.804925169894381676e-01
1.619223866145000024e+00,2.188060690799999986e+00,5.842361480473999613e+00,1.229676524556593540e+04,2.159845204019631912e-02,5.559381073998950207e-01
2.557368831933000131e+00,1.171872594145999980e+00,1.967662071489999942e+00,2.148550384250270508e+04,4.885358951533651586e-03,1.299796895122515283e-02
2.317343688882000041e+00,1.642747168772000110e+00,4.653694374432999936e+00,1.906480171057050393e+04,4.137332783898497839e-03,5.882472671577488633e-03
1.756545752112000036e+00,2.036523901820999960e+00,5.329492955370000118e+00,1.359031473140922208e+04,2.870618109281289007e-02,1.911566920124971203e+00
2.738691220699999818e+00,1.625438961209000110e+00,5.188284846858000066e+00,2.333983366127668342e+04,2.310208779802272461e-03,2.290982353879157749e-03
8.925284731039999642e-01,5.438787049750000158e-01,5.317596738738999740e+00,5.897158332395037178e+03,1.168086199013896737e-01,5.519635789354986777e+00
2.964147464172000035e+00,1.425863399602000037e+00,3.391866019221999817e+00,2.567322967976475047e+04,6.904552654920008414e-02,2.643003143374348607e+00
2.153321169580000027e-01,1.516459094288000076e+00,4.876164274398999687e+00,1.095738179218333244e+03,2.536738897262743597e-01,4.476531558709248770e+01
1.207936715720000054e+00,1.125957400964999966e+00,3.025635270395000020e+00,8.567252370212940150e+03,2.307307681095701474e-02,1.044524571910924182e+00
1.811447502589000003e+00,2.038268865712999922e+00,2.485787743098000213e+00,1.411325000449581603e+04,1.938111411704801224e-01,4.813811812180335714e+00
1.078177624257000033e+00,1.733231521977000034e+00,4.610430750266999667e+00,7.445240811738142838e+03,6.749362763007822619e-02,2.515585284252546683e-01
2.713618850770000090e+00,1.644537722633000021e+00,3.373863660879999893e-01,2.308219518629016966e+04,2.423197002791779853e-02,1.278591596006545539e-01
1.126351050692999900e+00,1.441682625736000034e+00,2.411619067969000163e+00,7.858248916558842211e+03,3.743104772947261072e-01,1.163496490265969925e+02
1.725938796184999902e+00,2.540635709743999993e+00,5.554252890244000262e+00,1.330017965710790304e+04,1.793014422183918100e-02,2.266591709280216360e+00
