7.734389504459999731e-01,2.349856182442000119e+00,2.505866637942999908e+00,4.945417353642988019e+03,5.563623380297782334e-02,2.272378821008305128e+00
2.468808893860000020e-01,2.052028868643000159e+00,2.132903892398000156e+00,1.278515624910644647e+03,2.398077551831918029e-03,2.733960501079013561e-02
2.227835812282000116e+00,6.918488247449999795e-01,3.633858454014000205e+00,1.817292085221431262e+04,6.846186759278385381e-01,4.749015065069875732e+02
2.531986942554000031e+00,1.102066520633999902e+00,5.825774770850999928e+00,2.122762880428222707e+04,1.583426397873264613e-01,1.874680026350001327e+01
2.320028673733999902e+00,2.430393922719999988e+00,5.782909414755000199e+00,1.909165040965658045e+04,3.584251227754501334e-01,1.987993748411963679e+02
1.221309092439999966e-01,1.394992004811999919e+00,2.156188002766000089e+00,5.873536080135133943e+02,2.742443876991202539e-02,2.617599263590964509e-01
2.795190753010000084e-01,7.139282490970000339e-01,8.938676067699999894e-01,1.472937314069168679e+03,2.649648023102786284e-03,4.534774908167590185e-02
2.177871688928000093e+00,2.552087622470000206e+00,4.275609812116000441e+00,1.767780565407120230e+04,9.751789514497971600e-02,7.559524448782370065e+00
2.546212690507000165e+00,1.565766239113999925e+00,6.125843191130000420e+00,2.137210661614101627e+04,1.829403547698369922e-02,5.423982035495711340e-01
4.398179910180000096e-01,1.999040872634999966e+00,3.870311270734000164e+00,2.499607078409994756e+03,2.900237523708915077e-01,1.608288609022399100e+02
1.037323956312000028e+00,2.836072442706000007e+00,5.016142679762999990e+00,7.098455170941661891e+03,4.305083310310780509e-01,2.325208405680979240e+02
1.944789718848999982e+00,2.336583560033000051e+00,3.587833003101000173e+00,1.539603702491307740e+04,4.634941654933746324e-01,5.467747917700829703e+02
1.722926165182999902e+00,7.625608231599999565e-01,2.372451305089999796e+00,1.327167686611147838e+04,3.498280274359367569e-03,1.487939623103931921e-02
2.350761519640000019e-01,7.019407679119999965e-01,3.181142829029000030e+00,1.209520805224879723e+03,1.154269982721997613e-03,8.703622758255564725e-04
2.624366555632000164e+00,2.079521343309999881e-01,3.126567564918000031e+00,2.216822815912345322e+04,1.662012633100013181e-01,6.074172278789117030e+01
9.832400963720000497e-01,2.579506952271000131e+00,1.077685748544999988e+00,6.644505195393276153e+03,8.926752412651207946e-02,7.912788464525978327e+01
3.287662025590000203e-01,1.476854528015999923e+00,4.376858249734000061e+00,1.776090653247438468e+03,9.839223689716093402e-01,8.785864558088894682e+01
6.176047258279999674e-01,2.962745927744999896e+00,3.819353712608000162e+00,3.758006240209016596e+03,6.695549831219272524e-03,2.385903012410228036e-02
9.566878057319999629e-01,2.645077144806999847e+00,5.308404168214000407e+00,6.423875637594833279e+03,3.752468888021814331e-01,9.687600868189313985e+01
9.309973021090000023e-01,2.154152543477999782e+00,3.608481765542999931e+00,6.211861925798636548e+03,1.591924169650863752e-01,8.817007661041177613e+00
1.034474752700000055e-01,1.827242264382000103e+00,1.886725371869999890e+00,4.914544629163343075e+02,3.986695286830215235e-01,4.964834284035359815e+02
2.803421988703000078e+00,1.092439067781000084e+00,4.208404912551999999e+00,2.400674979096051902e+04,3.940830129878228165e-03,1.255122900875454139e-01
3.337099729810000248e-01,2.631641953434999959e+00,6.249535471479999771e+00,1.807150769045961624e+03,1.021830984420478991e-03,1.736244662138292398e-03
8.411428284199999883e-01,2.709891069664000174e+00,4.582224590005999687e+00,5.482181368475537056e+03,1.548641000093187083e-03,2.577920389888802271e-03
3.802079149970000183e-01,1.322984816278000020e+00,2.264590148827999805e+00,2.104652993621620681e+03,6.245623660772011698e-01,4.435709642805927047e+02
1.573568089974000106e+00,1.188743226573000022e+00,7.701550332900000684e-02,1.187153790997393844e+04,1.968519838811779721e-01,7.021262355377854192e+01
9.502946094440000158e-01,1.417110666993000034e+00,4.600240256188000032e+00,6.370979753203433575e+03,5.805099248798251815e-02,4.564940582930678836e+00
2.457881948270999928e+00,2.638518408866000087e+00,4.343721070450000110e-01,2.047723633781793615e+04,4.399805461486006736e-02,6.282611266413402618e+00
2.642362352675999837e+00,1.435852697048999982e+00,3.127870057968999973e+00,2.235210517327269190e+04,8.143981921208907904e-02,9.123817161376695850e+00
1.119140585717000036e+00,5.849171194869999812e-01,2.028800730778999917e+00,7.796157055147665233e+03,3.590778886790172431e-01,4.220014564332220743e+02
2.155853635690000214e+00,1.062513124092000050e+00,6.620198342290000149e-01,1.746026260824163546e+04,1.903927057912694135e-02,2.417610106949676929e-01
2.136457502219000215e+00,2.724188597606000073e+00,5.193924379338000108e+00,1.726895643635288798e+04,1.582480147282122954e-02,1.093987955678170781e-01
1.752015716872000084e+00,1.167802078825999956e+00,2.472954745571000146e+00,1.354730897985004594e+04,1.651038855474795328e-02,2.652140922004983992e+01
2.102187080419999798e+00,1.923386096306999971e+00,5.958805069451000413e+00,1.693171462434423665e+04,1.770538107002518624e-02,6.980432541546406355e-01
5.926261919090000108e-01,7.122633708390000429e-01,2.944040535030000072e+00,3.574549800343412244e+03,1.421361385775496075e-03,2.004005181109110890e-03
