1.032146327888999959e+00,1.884105948858999957e+00,4.656946861164000140e+00,7.054739522817960278e+03,6.109927402940310004e-02,4.448886678573366282e+00
2.139222221122000001e+00,2.366498472107000151e+00,2.254304656511000093e+00,1.729620602371099812e+04,4.506272514462655865e-02,2.458479579230867795e+00
2.818222610134000217e+00,2.066966728718000024e+00,2.195021264596999977e+00,2.415958935370633117e+04,4.057713502914301884e-01,1.625268998602754777e+02
7.336436082709999473e-01,1.323789702230999898e+00,3.796420968249999972e-01,4.635548923864141216e+03,2.704870097393622178e-02,9.631335194832257862e-01
2.008308697623999883e+00,4.532375686119999858e-01,1.815573291862000005e+00,1.601309146133429385e+04,3.704949733232155984e-02,6.808543870157627964e+01
1.672660246389999994e+00,4.793121933619999830e-01,2.094087886709000035e+00,1.279759290463264006e+04,1.461931956726978191e-02,8.498618789580682231e-02
1.440961736213999922e+00,1.960363655829000074e+00,8.038795203880000351e-01,1.065133747056824541e+04,2.415524852401702283e-01,2.642264065600282663e+01
1.175261982851000031e+00,1.652179793373000027e+00,5.156132346107000330e+00,8.281904200228245827e+03,1.047740961787404015e-02,4.680449611453141312e-01
2.115414018834000043e+00,2.322435012357999984e+00,7.759070467649999969e-01,1.706175810856445241e+04,1.928745988695815261e-03,1.570830731494646804e-01
1.000252802074000025e+00,1.452175727436000097e+00,1.011891518951999913e+00,6.786651931488921036e+03,1.379940282166300936e-01,3.233410432029930615e+00
4.010318832479999873e-01,9.795561379310000483e-01,1.660800377324999966e+00,2.240942270893859586e+03,3.872630709995349141e-03,7.558169902011376007e-02
2.192427409078999911e+00,9.452836458869999792e-01,1.209136134133999896e+00,1.782183671750585563e+04,3.916513218509163341e-01,1.934988041333170017e+01
2.635931934908999796e+00,7.994063592550000319e-01,6.245200828591999986e+00,2.228637684197838462e+04,7.202062848725497568e-02,4.378402815457754826e+01
1.660061647777999916e+00,1.899684390730000061e+00,2.533897189601999944e+00,1.267921582419685365e+04,4.000611969573798499e-01,3.961953128391260179e+02
2.166575484931000162e+00,1.531082883767999947e+00,3.233245651859999903e+00,1.756614703375019235e+04,5.495709288713844509e-02,6.427490269190525396e+01
1.010401525630000019e-01,4.066716604860000084e-01,3.019614611655999870e+00,4.792507936347956843e+02,3.140564425619680328e-02,2.288541569895574113e-01
2.840027416444999897e+00,2.507192954059000112e+00,3.275048694326000209e+00,2.438499167358078557e+04,9.395460900778791757e-02,6.512745440609993608e+00
3.659105149099999843e-01,1.518463903872999898e+00,1.322817643380000074e+00,2.012157968297110301e+03,2.238311696532941861e-02,3.341267453503519169e-01
2.770204079677999864e+00,1.191696357634999925e+00,7.099057561499999558e-02,2.366419475878714002e+04,1.072671151101608003e-02,1.182010598933516121e-01
1.847717584303999905e+00,6.148990017759999871e-01,1.251306858123000021e+00,1.446043170502948124e+04,5.813106230789359674e-02,4.083928298297172965e+00
1.601823306471999997e+00,1.005767889416000038e+00,8.427974574140000286e-01,1.213440422414813111e+04,1.245192353834988653e-03,9.189706548971981331e-03
5.625620336319999693e-01,1.809917404512999983e+00,4.116977095609000159e+00,3.356481217222448322e+03,5.863161358527394819e-03,4.508851205105047361e-02
6.153837145539999831e-01,1.877271073114000099e+00,4.695806740949999836e-01,3.741611998588382903e+03,7.672228976693796776e-01,5.425098984486450036e+02
9.250561715389999939e-01,2.681703020820000116e+00,3.313809361885999838e+00,6.163040114453073329e+03,2.815243468903631530e-01,4.410284128587023389e+01
2.896048269803999986e+00,7.579119944790000396e-01,5.369211671670000019e-01,2.496535298873657302e+04,1.053498910819777312e-01,7.202827242628311311e+00
9.477226753430000317e-01,2.204831522266999855e+00,3.765409951410000122e+00,6.349725282884851367e+03,2.366778313785523891e-02,1.598998086972173605e+00
2.139951533177999909e+00,8.174368885610000524e-01,2.686416590048000153e+00,1.730339532376880379e+04,2.659867065491989813e-01,2.864965050741247978e+02
2.801203186118999877e+00,3.566321626019999802e-01,2.860472774030000220e+00,2.398384830156396129e+04,3.493781318365245525e-01,2.446290589734571768e+02
1.858814494473999934e+00,1.031736675941000048e+00,6.050289635339000327e+00,1.456691842337589514e+04,5.252898252821610638e-03,2.480677427647836608e-01
3.006546968250000118e-01,1.974335800293999910e+00,4.314990290718999866e+00,1.601632177208102121e+03,1.595788047880877542e-03,2.322666605343749605e-04
4.699301394850000091e-01,1.959925639476000070e+00,1.378154449781000102e+00,2.704587407800333494e+03,5.447515001053767486e-02,2.033022965726419162e+00
1.437942841137000105e+00,2.334973564209999797e+00,3.468521940815000093e+00,1.062382885207639265e+04,2.508823372323362721e-01,1.451674945637450378e+02
5.278033077839999754e-01,1.136510377071000111e+00,2.295261540933999811e+00,3.108231462666345124e+03,2.723129911843354643e-03,7.982924584067856546e-04
2.601867425857999905e+00,2.331942545855000049e+00,3.744658238502000192e+00,2.193862988402600240e+04,2.232443659612516618e-01,1.524127636761486997e+02
2.950721740196999843e+00,1.401777363387000097e+00,9.567669413279999979e-01,2.553346820266349459e+04,1.834949403123493916e-01,2.933184466222078868e+01
1.571868691416000052e+00,1.901111397281999960e+00,4.522095332754999752e+00,1.185575897062090007e+04,2.910417594296786925e-01,5.481498170575968061e+02
2.042850394239000167e+00,2.426345710156000202e+00,4.911432717771000434e+00,1.635018795748969569e+04,5.919087864172213331e-01,4.035319017401565134e+02
1.441798463750000092e+00,6.171531692670000346e-01,2.252936160661000109e+00,1.065896406295681118e+04,9.768807746311313975e-03,2.381611210288969438e-01
2.993337495832999906e+00,9.032893391920000514e-01,2.179284118750000054e+00,2.597743795699603652e+04,8.342408649622465866e-01,1.967381733786364180e+02
1.613676443469000077e+00,2.594707687560000142e+00,3.358028736017999893e+00,1.224496418132447070e+04,1.380093792238170913e-01,1.732128548865156858e+01
1.623179110389000090e+00,1.541974883108000016e+00,4.088674733422999807e+00,1.233372105947743694e+04,2.003318849645032221e-02,1.166318345450610394e+01
1.835062597924000061e+00,9.687993467769999700e-01,4.598597475134000412e+00,1.433914471281385704e+04,1.488890044131978632e-02,7.280050012095387046e-01
