6.927044343949999572e-01,5.536410896640000523e-01,1.348653403571000053e+00,4.321384229840448825e+03,7.368669099018307876e-03,1.670846145162729612e-01
1.558439848239000058e+00,8.004745498169999474e-01,3.816938617058000194e+00,1.173119729243753682e+04,1.122762571288400124e-01,1.569629604757662200e+01
2.518974343252999848e+00,2.910827083689000006e+00,3.042318091273000125e+00,2.109559098121894203e+04,9.200078350516545378e-02,3.486155700748166719e+00
2.150864937435000179e+00,1.582250841590999935e+00,5.699219143487000316e+00,1.741102869301319515e+04,1.173142511468622598e-02,1.275450963720881514e+00
1.249350007466000001e+00,2.037230880125000088e+00,6.003083681130999771e+00,8.931489804145261587e+03,2.098645637911173423e-01,1.333905915345009987e+02
1.963776156318000066e+00,2.727912768558999890e+00,1.236344392659999986e-01,1.558008925020499191e+04,3.139998521748311316e-02,4.276785567590783432e-01
5.976314353699999776e-02,1.820419707020000111e+00,3.611062424907999890e+00,2.755586202698790430e+02,1.005023412878450385e-04,1.803655004661792256e-04
1.719974712621999968e+00,1.754509629550000005e+00,2.454911121520999995e+00,1.324376254990783491e+04,2.582180161540265431e-03,4.691453727864652173e-03
5.093734684380000211e-01,8.011134056349999977e-01,1.875641641602999954e+00,2.978346855166949808e+03,4.185386038265845321e-01,2.056022650421230367e+02
2.220819084611000083e+00,2.225549093740999851e+00,5.405402045028999680e+00,1.810326847287638520e+04,1.277692703883881731e-01,2.135501389286226015e+01
