5.658632652970000398e-01,8.425738126030000164e-01,6.271096946122000304e+00,3.380277110203457141e+03,8.678909402177061028e-03,3.412434690054007014e-01
1.624942972743000036e+00,2.943552624902999959e+00,5.012631462376000435e+00,1.235020766832135632e+04,1.104642748482536014e-03,1.141967940342042756e-02
7.662746873100000078e-02,1.901095535332999908e+00,1.138716957755000037e+00,3.574980675700561505e+02,3.026433559217273084e-02,4.087658602189561119e-01
1.396818534052000071e+00,1.751446466882000008e+00,4.870112599729999880e-01,1.025035600479949244e+04,1.680183255889627914e-01,2.800958848293264509e+02
2.185079782358000156e+00,1.334691917490000046e+00,1.123944932991000067e+00,1.774910932392425457e+04,1.833653291719846389e-03,2.204086172851765085e-03
4.210746615100000034e-01,2.686827887664000158e+00,1.275793500270999914e+00,2.373838485131305788e+03,1.575129407116037522e-02,4.773944678603429526e-01
2.207308772831999999e+00,1.795779647493999986e+00,3.028995812798000120e+00,1.796926722378030536e+04,1.345553607269664442e-03,1.506388059578079863e-01
2.656177970813999867e+00,1.936464782772999937e+00,4.087853794322000134e+00,2.249341004459849864e+04,4.113714766676957683e-04,5.012129706736309642e-02
7.089929173179999600e-01,1.185835566171000055e+00,7.388142983540000319e-01,4.445806688813052460e+03,8.881111218549484626e-03,4.397242830621969634e-01
3.775644299229999890e-01,2.293225066979999838e+00,2.783436833326999871e+00,2.087484486585997274e+03,2.070430268889765155e-02,6.540420390914334359e-01
2.701509585284000092e+00,1.697562480606999991e+00,5.478275600939999990e+00,2.295790109202548774e+04,3.901966056016996798e-03,5.113728765235810159e-02
7.676751419900000595e-02,9.567244123629999875e-01,9.612965526969999841e-01,3.581859967453486320e+02,1.521293461406038978e-04,1.290196241126783056e-04
2.150957464634000171e+00,8.176982932059999598e-01,9.223180327690000402e-01,1.741194166476829560e+04,5.588021761493136216e-03,5.212892601090721861e-02
2.539631284432000147e+00,1.533284991930000007e+00,3.740025327950999845e+00,2.130524848554089840e+04,6.040400203218531522e-02,6.701513334458230275e+00
2.941287630270999820e+00,1.791748380300000054e+00,3.749114784761999886e+00,2.543531885312078521e+04,6.546077053460351569e-02,5.502398099256903663e+01
2.003560356596000069e+00,4.315839925239999819e-01,3.422672369983999818e+00,1.596683569161746709e+04,1.321977524723896291e-01,1.079037641214368648e+01
1.645123543750000028e+00,8.255090788929999590e-01,4.419212909842999970e+00,1.253909321449809613e+04,3.334641512002801955e-02,1.159361748347989796e+01
2.482986054817999833e+00,1.658095848694999930e+00,1.427702236660000068e+00,2.073101989327168485e+04,8.385699897347415055e-02,3.238390782314317651e+00
1.637188831259999977e-01,2.281010624444999912e+00,5.638177106218999590e+00,8.081762322168846140e+02,6.597648097444255844e-02,7.301819981817487815e+00
2.355414114280000026e-01,2.041910685056000041e+00,1.485161227699999920e+00,1.212226531004638900e+03,4.458332694438181185e-03,2.894868873984058233e+00
1.827379588481000017e+00,1.959665057567000046e+00,5.694631099462999835e+00,1.426558890963412341e+04,1.295995241707641838e-03,2.407126085638437631e-03
2.158494833466999996e+00,2.024041068405999955e+00,6.107786951757000260e+00,1.748633715920398754e+04,6.871171097413605322e-01,9.151283809866987440e+01
1.637187381228000005e+00,4.881847135360000145e-01,3.609064320418999827e+00,1.246475565304796874e+04,2.384834199406873217e-02,3.488065237564931920e+00
2.950226851816999840e+00,2.207935929862999913e+00,4.969224315980000029e+00,2.552831832479274817e+04,4.390158075251402586e-02,3.595449877450547227e+00
1.972276251193999963e+00,7.415072630390000530e-01,3.636610015847999922e+00,1.566259710778199405e+04,1.755596596695345804e-03,1.505718325645639087e-02
2.218916206235999944e+00,2.322377693061000059e+00,9.763486290499999443e-02,1.808438607049165876e+04,1.532727855828119531e-02,5.258768394981043315e+00
1.221860880816999950e+00,2.329209772005000012e+00,5.372866276549999931e+00,8.689401335947541156e+03,6.413109608047336263e-02,1.915409409016109166e+01
2.412178026891000027e+00,6.989371547760000469e-01,4.299008285731999557e+00,2.001633881814568667e+04,9.151123613615414279e-03,1.139845188276073645e-01
2.267727246198000035e+00,2.757893284086000207e+00,1.627992929364999952e+00,1.856964469125110918e+04,3.878421540434907056e-01,4.555854996304858560e+02
1.761312084912999953e+00,1.957865182236000035e+00,5.927784052857999697e+00,1.363558749982502013e+04,3.608667402742600228e-01,1.304019401337825741e+02
4.298175177300000288e-02,1.965676634457000027e+00,5.272494883710000524e-01,1.958194430998558460e+02,1.677424945473187171e-02,2.707483298122203008e-01
1.158414780483999929e+00,6.252708027860000017e-01,2.662026680409999901e+00,8.135498493862805844e+03,1.049627869804625052e-03,3.565639163836670927e-02
3.510443127740000002e-01,1.249643628292000042e+00,5.602864754445000095e+00,1.916934527862188816e+03,1.926786580126899073e-02,2.623485478699272289e-01
1.903321075884000013e+00,2.238983973092000035e+00,6.077161763540999573e+00,1.499523194162415530e+04,8.432069565306728187e-02,4.258161039197128162e+01
2.789424050256000154e+00,4.724520122559999757e-01,2.274603375239999947e-01,2.386231807724718601e+04,3.326939988304469797e-02,8.530171101798627475e+00
9.693986638849999560e-01,9.322640949680000011e-01,2.101459573779999868e-01,6.529305173356466184e+03,5.384114561296275969e-01,2.661294204462704442e+02
1.298838430033999902e+00,1.281090282612999953e+00,2.514057450032999963e+00,9.370383263223300673e+03,7.909325339169796451e-03,2.426919196993219785e+00
9.521607125450000098e-01,2.716805480380999782e+00,4.762593171656999580e+00,6.386410278800500237e+03,2.213897677863120930e-03,3.995714608404213330e-03
5.717671691179999627e-01,1.443645570766999953e+00,2.821405429338999848e+00,3.422926233737004623e+03,2.440240851748885775e-01,1.937869981020260752e+02
2.731569419818999922e+00,6.934425012049999504e-01,5.778084444630000149e+00,2.326661245556050199e+04,4.612048878895552151e-01,5.629138248400349767e+02
2.289137061150000041e-01,1.616540515742999951e+00,4.568344952639000311e+00,1.173788756965239600e+03,9.996874508818319460e-02,1.006577717812184680e+01
1.634659456253999998e+00,1.949381378583999957e+00,5.690716564863000038e+00,1.244109217852545953e+04,4.450318242553857884e-02,8.585072156082750894e+01
2.549989799205000018e+00,1.631163255354000086e+00,1.486522485810000127e-01,2.141048996862075364e+04,1.048689479079455839e-02,1.612605658452473945e-01
7.164297846799999592e-01,1.051911550807000051e+00,4.537058245289999903e-01,4.502868620741542145e+03,2.782951976829177096e-02,7.693326623699439093e-01
8.926060172119999470e-01,2.162430661513000008e+00,2.314459679962999950e+00,5.897789287674495426e+03,8.171909980500854376e-01,3.580342869687951861e+02
1.672141178638999914e+00,2.407586867496000149e+00,3.420112601000000092e-03,1.279271213536863797e+04,5.230076115552704241e-01,5.099249375088903236e+01
9.830548369860000468e-01,2.217100733117999933e+00,2.470410542368000062e+00,6.642960631140215810e+03,1.883352969735418297e-02,7.307142662912797793e-01
2.275993160177999908e+00,2.306626523634999870e+00,4.858475701208000430e+00,1.865200504061447282e+04,1.090778584972176973e-01,2.445591012066541670e-01
