1.714522496243999994e+00,1.186260572709999961e+00,5.201168643796999724e+00,1.319222166503247354e+04,1.925062127584581118e-01,5.693952361054148525e+01
2.152757226329999884e-01,1.773328996280000014e-01,4.741127387750999844e+00,1.095416117630336203e+03,1.934524451555741376e-01,1.355904582613046330e+02
2.635147628078000182e+00,1.141720011212000063e+00,2.442489106541000154e+00,2.227836187724607225e+04,2.200854798161873405e-01,1.187771521099401895e+02
8.626771436360000100e-01,9.415562810040000175e-01,5.025854556982999988e+00,5.655316515185600110e+03,2.027159250146978384e-02,2.823418026109409951e-01
2.887699490212999986e+00,1.737999781530999988e+00,1.964685402693999938e+00,2.487874815692763877e+04,3.969528968660753117e-03,2.790727701193319345e-03
2.828114830805999791e+00,1.494788195948000054e+00,3.798753454228000148e+00,2.426181361928676051e+04,2.006590931512101383e-01,1.500538009007653351e+01
2.259415195534999921e+00,4.317890615159999945e-01,8.886247229549999460e-01,1.848687801423596102e+04,5.510657614380326530e-01,7.710683434597932262e+00
1.884381627210000021e+00,1.046407939710999990e+00,2.844300183605000143e+00,1.481272849209781634e+04,3.054890345589461043e-01,1.345195266977492565e+02
1.083210281448999890e+00,4.406382606320000117e-01,6.221138642025000109e+00,7.488183791950489649e+03,3.569461882641748220e-03,6.468404497044298596e-02
6.015519403350000349e-01,2.626728497289999797e+00,5.961565385979000098e+00,3.639872099191449252e+03,5.015164778377289440e-02,4.769294467525802439e+00
1.319210969038999925e+00,1.255652937730999952e+00,4.070766944413000132e+00,9.552170481429238862e+03,7.732145686520205952e-02,8.668400534117507661e+00
2.574186485010999892e+00,8.265976774819999706e-01,3.551730972540999787e+00,2.165660384873195653e+04,1.093538613326038196e-02,3.045388451080390246e-01
2.025661960065999967e+00,2.195385163265000106e+00,4.182734395879999845e+00,1.618231055896477301e+04,4.151784046395672056e-02,5.398498285642350680e+00
1.898076546383999919e+00,1.496374655919999963e+00,1.607734187049999930e+00,1.494465988596968782e+04,6.959219074629804935e-02,4.650965174150902826e+00
1.387472194304999906e+00,1.685613230334999990e+00,6.121333387319999986e+00,1.016580851933417216e+04,7.366479843082221653e-03,7.002003817427997212e-02
