2.798304022122000134e+00,2.260758760168999792e+00,2.983711985535999922e+00,2.395392880703515402e+04,4.257945684128912334e-02,3.150364266171138961e-01
6.478346448530000190e-01,1.400694245391999937e+00,1.087712711720000058e+00,3.982700229116564060e+03,2.100813178759259603e-01,1.190385206418759481e+02
1.785707548735000039e+00,2.148852472884000164e+00,8.354946881200000508e-01,1.386768458728911355e+04,2.857526999015324014e-03,2.327842622598961034e-02
1.676126976653000034e+00,2.830563539779999971e-01,1.495216373451000003e+00,1.283019826599507360e+04,3.985719298853555165e-03,1.418428757441588250e-01
9.610095085990000285e-01,2.923821412341999881e+00,3.995019057642000160e+00,6.459682696109499375e+03,9.248593501136818940e-02,2.114499684218701958e+01
1.265546980019000012e+00,2.628747052037999854e+00,3.053649224567000164e+00,9.074706553662606893e+03,3.297666247351886681e-02,1.005944959786196025e+00
2.428188070523999986e+00,8.013306657290000246e-01,1.013093865347000078e+00,2.017762253858407348e+04,2.816802652398249507e-02,2.583212277223069009e+00
1.008427570585000099e+00,8.021646808510000115e-01,2.444912376310000024e-01,6.855168654786099069e+03,8.195491064153895278e-02,1.230564057965851354e+01
4.381472977809999780e-01,2.807806471591999919e+00,6.218732442134999872e+00,2.488339153539019208e+03,7.024935742431515952e-03,2.117357644045388954e-01
9.208205484999999468e-01,2.510609675486000114e+00,5.412748579208000343e+00,6.128281810234043405e+03,6.583052189320104386e-02,2.209344749619704018e+01
1.417601321160999905e+00,1.763696923104000058e+00,4.752065273200000384e+00,1.043880125299523388e+04,2.513305360452229853e-01,5.403259857663154975e+00
2.181699173603000030e+00,4.675131277019999865e-01,1.144016672186999983e+00,1.771566250861593289e+04,3.949389996402710157e-01,4.509654094229371140e+02
