2.612655598891000075e+00,1.162284946605000036e+00,5.066694235615999631e+00,2.204867983049906252e+04,8.812094613664250842e-02,5.148804644760976990e-01
1.140748475837999987e+00,1.944415774782999984e+00,3.391621987816999972e+00,7.982512859673377534e+03,7.319861676540252438e-01,5.552548772811964000e+02
1.151185661990000025e-01,1.398877064581000029e+00,4.999479757168000305e+00,5.511154869580685727e+02,2.940684254813566087e-02,1.802522034799634554e+01
1.190485612400999926e+00,9.788509036310000244e-01,5.641164892911000095e+00,8.414624859992425627e+03,2.317135631107818117e-02,2.815081274663926436e+00
9.160373949060000021e-01,2.739558239983999943e+00,2.106563684479000109e+00,6.089079004952981450e+03,1.253573236655866618e-01,1.090796501696976719e+02
1.277271592900000030e+00,2.306563305812999953e+00,5.750345482519000129e+00,9.178639307148830994e+03,6.372145644139637355e-02,1.742277456005018266e+01
2.871516492714000002e+00,2.170936556886000179e+00,4.930757386028999711e+00,2.471098907179720845e+04,4.417530665305233195e-02,1.453205329675314683e+00
6.980518419290000498e-01,2.068385734308999968e+00,4.612697602221000004e+00,4.362146474826155099e+03,7.190150544469209315e-02,1.658669982909459861e+01
1.621442478602000081e+00,1.736363553009999894e+00,5.359484468616999564e+00,1.231749256448905362e+04,1.220853977485803453e-02,1.307527722898304545e-01
1.390425672838000004e+00,2.195564586905999871e+00,3.773006358229999968e-01,1.019251237934954042e+04,5.374743665021931849e-02,2.901541207929288824e+00
2.426015503952999808e+00,1.096540995797999907e+00,1.803875464100000103e+00,2.015572559990230729e+04,3.904900191366497686e-02,5.421445597039892261e-01
2.212235133549000032e+00,1.667895651560999948e+00,2.550478905525999984e+00,1.801811215444769186e+04,4.678052813131296228e-02,5.564619336866457822e+00
