2.970308078562999832e+00,1.939840903236000003e+00,3.561317492096999882e+00,2.573739469361626107e+04,1.499134217730673131e-02,7.739490611879948911e-01
1.057646360718000000e+00,1.095627018856000001e+00,3.957742585486999864e+00,7.270554471370320243e+03,2.489186018745404017e-01,5.162566230481403409e+02
2.871194324714999802e+00,2.424435417819999827e+00,5.211588796880000096e-01,2.470765087334240525e+04,9.543052918104697954e-03,2.682422576982687268e+00
3.793369144029999918e-01,2.259770387634000066e+00,1.174102285099999990e-02,2.098992819464037893e+03,3.067149601645472400e-04,1.563533277455267075e-04
1.470600359435999982e+00,1.156424776641000074e+00,7.899357847079999662e-01,1.092206597030386547e+04,8.419543775026279431e-02,1.941818138560755713e+01
1.114034127349999986e-01,1.038315587083999958e+00,4.580367025475999831e+00,5.320353260395310144e+02,6.483451624693170601e-02,1.250087336464558803e+02
3.258597099450000201e-01,2.491944467281999920e+00,5.516244452839999646e+00,1.757882504011795618e+03,6.099837844343812196e-03,1.681969640642427474e-02
2.952670653673000078e+00,7.143877629889999747e-01,1.670382431721000094e+00,2.555375018443438239e+04,1.714875082605992751e-01,1.359381240050278805e+01
8.872957103440000104e-01,1.329968461636999999e+00,4.206004410998000154e+00,5.854613138495480598e+03,7.036199461864146576e-01,7.771900264433912753e+02
9.803531800879999869e-01,1.000399418401000107e+00,3.352535060361999886e+00,6.620444320388281994e+03,3.676724123589986040e-04,1.094716879740042722e-04
2.702975174301000205e+00,1.441140286925999936e+00,1.304839909485000060e+00,2.297293963817623808e+04,9.835170152671365851e-03,2.548161861794348004e-01
2.842659216424999968e+00,7.984451081090000457e-01,3.144677533643999823e+00,2.441221602843515575e+04,5.471864497210170430e-01,3.409959669206035073e+02
1.432729441740999921e+00,1.014206579139000031e+00,4.208709062389999755e-01,1.057635302505094296e+04,2.159600856237277322e-02,5.551532505289379360e-01
3.244736221019999811e-01,2.068310693611000062e+00,1.502356188887999933e+00,1.749212872495987313e+03,8.682631127014189820e-02,1.307157397970873269e+01
2.737613052698999905e+00,9.252836626839999745e-01,4.666711440211999573e+00,2.332874673446994348e+04,2.594163266683499613e-02,1.158476539435555175e+00
2.919923064459000184e+00,2.587229549694999964e+00,1.134383620731000075e+00,2.521323176630141825e+04,4.112629277311889188e-03,6.195962081571426694e-01
2.502147515516000009e+00,7.305270302130000282e-01,5.027032914870000369e+00,2.092502054489919828e+04,1.267020225822331533e-03,9.715015154670176428e-03
1.054095672460999999e+00,1.536771170344999993e+00,2.486788547459999887e-01,7.240427063329910197e+03,3.162949038181022332e-04,3.947423275960773364e-04
2.928786116636000081e+00,2.654539041551000178e+00,5.094232466785999947e+00,2.530533332444027110e+04,8.957097522969633546e-03,1.762331121173425219e-01
1.124142746969999940e-01,1.315487808689000060e+00,4.397257415654999946e+00,5.372186927066474027e+02,3.311601014483852440e-02,1.224557057667511017e+01
1.573356384326999979e+00,2.647514765204999954e+00,1.896796519765999944e+00,1.186957202655835135e+04,8.204968540060081361e-01,8.593588741184926221e+02
2.534479325387000159e+00,2.011455483144000134e+00,1.589727638784000030e+00,2.125293183432795558e+04,2.307121932677940190e-01,1.386725619943351262e+01
9.486135922100000228e-02,1.541750107428000005e+00,6.252381215496000344e+00,4.480893494198379585e+02,1.257046547344413661e-03,5.748377292328508883e-04
1.466481605449999892e-01,1.167397186070000092e+00,5.143982442262999832e+00,7.163268733276187277e+02,4.353353581649078638e-03,3.428241792074149252e-02
2.806054420969999796e+00,1.682117293049999907e+00,6.207203136640000452e-01,2.403392434783132921e+04,2.971902207196070247e-02,9.407827277283090650e-01
5.675107650840000018e-01,8.761429910870000004e-01,4.311578275039000374e+00,3.392166524613021920e+03,4.677210969870581048e-01,5.727262793308951814e+02
2.076891081663000183e+00,1.326921789110000027e+00,7.824126626549999797e-01,1.668342842716354426e+04,3.274945014610632782e-02,3.097958944689488958e-01
2.419584954103000118e+00,1.173016956014999890e+00,1.950389062833999931e+00,2.009093281958991429e+04,4.826999885025647086e-02,1.017868045268938282e+01
1.489808541836999956e+00,1.212071591930999892e+00,3.273530480156999989e+00,1.109814732832614936e+04,1.020207328520101459e-01,3.524834730618822931e+01
8.898996856499999941e-01,1.821220500978999901e+00,3.019533839151999910e+00,5.875776885008302088e+03,1.260219927044554412e-02,2.703344007220432887e-01
2.471719893597999818e+00,2.774938308749999916e+00,4.466567830578999754e+00,2.061707342017269548e+04,3.864588601207665647e-02,4.907082352455662266e-01
2.040248928462999878e+00,1.815012354757999935e+00,1.651070487801999942e+00,1.632476288616643251e+04,4.514686648051672441e-02,3.654687856754146758e+00
1.263164470693000085e+00,1.943993479146000070e+00,2.402599484410000041e+00,9.053613546304020929e+03,4.762774146284074472e-01,1.069120684174250329e+02
9.811893675900000555e-02,1.359825392836000013e+00,5.842858181193999911e+00,4.644892638754236600e+02,3.651742912512032091e-01,4.935856568350756675e+02
