5.513890977930000492e-01,2.134395343656999788e+00,2.889188391418000101e+00,3.276222745862706233e+03,3.873886655026574644e-02,1.059845784463685714e+00
1.373287397106000007e+00,5.706330503059999781e-01,4.786682490523999967e+00,1.003773127865121387e+04,1.623690647503865381e-01,6.939879550444860001e+01
5.103813756859999495e-01,6.390430589329999522e-01,3.463486415360999882e+00,2.985418196896149766e+03,1.656592542851937078e-01,1.092621108521862965e+02
1.316394278471000101e+00,2.339022235373000136e+00,2.385412833955999901e+00,9.526998898978461511e+03,8.643088299894483018e-02,3.990444162639175829e+01
2.644402747665000053e+00,3.801988643290000192e-01,5.381200767842000410e+00,2.237296651763927002e+04,2.925910146080134000e-01,6.092984141479274740e+01
2.464818343551999913e+00,1.468694498612000077e+00,1.981280037647999981e+00,2.054731427795203490e+04,3.894880662042670555e-03,6.075474181145731206e-02
1.682370134888999891e+00,1.633129548927999997e+00,5.519453032023999839e+00,1.288895094971526487e+04,7.716509140157023008e-03,1.699485926642182010e+00
1.542237553165000108e+00,1.596647497551999972e+00,5.056054364313999905e+00,1.158120855482395018e+04,1.208841356371866908e-03,5.088985990619979138e-03
9.858457437159999781e-01,1.611691788971000072e+00,2.336484023709000102e+00,6.666236934599453889e+03,6.991477124516295126e-03,5.057962204356863722e+00
1.606920409251999970e+00,1.153516812816999915e+00,3.301584673008000070e+00,1.218192677366706448e+04,6.504961476110632246e-01,2.017202930110773593e+02
2.375293825541000103e+00,8.377689180080000186e-01,2.992669034000000183e-03,1.964547148144026869e+04,1.357243572733159986e-01,4.785563271968760546e+01
1.156439921150000050e+00,2.148533868977000161e+00,5.960694902480000223e+00,8.118369200202885622e+03,4.147183789648443974e-02,4.696954133851676261e+00
2.385471013221999836e+00,2.977528727775000217e+00,2.495259905109999954e-01,1.974770381997416916e+04,2.141648500510635877e-01,2.996405549232961008e+01
2.189156839989999936e-01,9.816022980759999683e-01,2.487284214334999799e+00,1.116238006962091276e+03,4.473808490756833733e-02,4.175419832939618914e+01
