1.850776186834999892e+00,1.352772650804000110e+00,2.138350874152000092e+00,1.448976994888978879e+04,2.842568532403714765e-01,1.101098123658262864e+02
1.362590118439999998e+00,8.769437918639999552e-01,1.276173481177000024e+00,9.941336136540525331e+03,8.299832700744867731e-02,1.030520861844746339e+00
2.638399426673999848e+00,2.370830852170000114e+00,1.238195503905000106e+00,2.231159512074350641e+04,5.907704837602157505e-03,1.259408576696056242e-02
2.343057041975999955e+00,9.689579531740000196e-01,6.219237387297999575e+00,1.932214614635629914e+04,1.198251470410386793e-01,7.906348367568826419e+00
1.236563807959999983e-01,4.314520492419999798e-01,1.833203273320999971e+00,5.952755418139399808e+02,7.268225526028910220e-03,1.493510349993753261e-01
2.884681948288999820e+00,1.996601320189999917e+00,5.363981527441000097e+00,2.484745586192751580e+04,8.178983657439236055e-01,5.259562738759769900e+02
2.196999448359000073e+00,1.921181154884999964e+00,5.393628721819999638e-01,1.786711317723556931e+04,3.507923159257403389e-02,5.816466103027878809e+00
3.201535155169999980e-01,1.285972756832000075e+00,1.077067376552000022e+00,1.722248735974851115e+03,8.363337751373756124e-02,1.342884470142489661e+01
5.330113479579999813e-01,1.335874238691000082e+00,3.695326069591000184e+00,3.145156777849671471e+03,1.237354237775235323e-02,9.573799407160764829e+00
1.244608563821999914e+00,1.954841060746999926e+00,4.524694031523000426e+00,8.889645138941230471e+03,7.446056792733701107e-03,1.169656670441151791e-01
