2.667546997531000219e+00,2.351177733480000143e+00,1.108776522029999989e-01,2.260978196790211587e+04,1.627771216437703117e-01,1.825276155825123681e+01
1.226230702986000010e+00,1.424858646119000039e+00,1.713708531945999924e+00,8.727801958931533591e+03,1.544451571889402929e-04,9.674500360180416736e-05
4.496927955399999954e-02,1.239576698180999914e+00,2.765206510289999753e-01,2.051687483849559896e+02,1.003074671239121562e-04,8.707120191078059892e-04
5.674432223130000397e-01,2.257244182553999945e+00,2.941269034969999918e-01,3.391678910737784008e+03,1.426775221647502180e-02,5.952757767224566843e-01
2.189314924350000080e+00,9.203771050739999460e-01,3.215205726819000187e+00,1.779102375437657247e+04,7.687541591644660166e-02,5.456766029204889179e+00
5.280878569800000477e-01,1.024096363635000007e+00,5.530537773052000006e+00,3.110246431579213095e+03,7.265981050011804943e-03,5.714403165561193765e-02
6.549582687120000246e-01,1.432846122403000022e+00,4.770638661559999605e+00,4.036063747819517630e+03,1.025996022529601821e-02,1.342496327136201983e-01
2.812367462750999803e+00,1.825358368854999913e+00,1.151777177864000024e+00,2.409911040684202453e+04,1.542898691998638439e-01,1.309459467554167844e+01
1.932131530119000073e+00,6.307822296180000121e-01,5.474688743686000336e+00,1.527351852760550901e+04,1.451355726263276608e-02,7.495350183035850433e-01
2.192970329906000160e+00,1.662620242348999966e+00,2.594752376997000010e+00,1.782721232580761352e+04,1.979685779738128704e-02,1.014608419729589456e-01
2.705766633311999847e+00,2.568757657944999995e+00,1.831998734883999891e+00,2.300158673343211194e+04,4.667518876347481749e-01,1.553382485771586552e+01
1.655040773857999969e+00,1.246712555428999947e+00,6.109199540348999591e+00,1.263209018880894837e+04,2.487795111374901599e-03,2.765185265686136498e-02
1.213677740065999933e+00,1.557504072058000011e+00,9.118224412219999575e-01,8.617575893934816122e+03,9.051346173453371502e-02,2.264880145539648595e+02
3.521655493010000249e-01,2.512385899253999799e+00,3.520684470537000177e+00,1.924082238052336152e+03,1.918406085830211549e-01,5.751698276322419900e+01
2.993261923323999874e+00,2.055119180014000069e+00,1.647906534450999994e+00,2.597664976784072860e+04,4.098584777974612070e-02,5.593896483944897913e-01
2.231116567444999976e+00,1.665780120229999994e+00,1.740415955718999985e+00,1.820550105246484964e+04,5.231366601852010384e-03,6.918580543088383161e-02
2.695131809870000006e-01,1.182346554291000107e+00,2.137740775730000209e+00,1.412769795397709458e+03,1.700709264949017488e-02,5.579992547429217797e-01
4.700062046999999715e-02,2.421400558369000144e+00,5.576531891451000256e+00,2.147505734489886322e+02,6.023326946452479264e-02,4.303593896373387739e-01
2.613789917431000198e+00,8.594640707770000443e-01,3.092646577392000218e+00,2.206025536682097663e+04,2.582295345185299171e-02,4.416379914192475331e-01
2.495240120175000076e+00,2.675625492981999809e+00,5.828822564332999612e+00,2.085505743376332612e+04,1.070357191313555389e-01,6.049359246170483928e+00
2.497657386608000074e+00,2.026187587618000219e+00,4.132371202309999880e+00,2.087953754904859670e+04,2.811869645912809523e-02,7.140888260622896277e-01
3.964856991119999896e-01,1.662409271675000078e+00,4.025096104829999910e-01,2.211031303067775298e+03,9.329498099883283269e-01,7.871415177191144039e+02
1.559180007200000051e-01,1.319264217661999972e+00,2.697903219619999793e-01,7.659975545095944653e+02,2.424341617682961580e-01,1.244120796206351969e+02
2.767348085192999907e+00,1.354509083853000062e+00,2.986933026846999795e+00,2.363477343081023355e+04,8.354720916494970395e-02,1.453803314589625906e+01
3.575381353670000206e-01,8.883564010450000215e-01,4.104580856969000102e+00,1.958409383251157351e+03,1.673841873162630958e-02,7.590245279200857453e+00
2.561701940518000153e+00,2.003868975704000022e+00,5.743966827280000409e-01,2.152957027398862556e+04,2.939983511940205685e-02,6.340457130943656594e+00
1.381804385279999936e+00,1.199191034657000055e+00,2.689883192811000079e+00,1.011459804870204425e+04,9.571585196355833144e-03,2.406809944942746304e-01
2.647220287879000100e+00,1.478433217882999973e+00,2.456060772114000201e+00,2.240177787839460507e+04,2.077006658023101450e-03,3.683374841008434878e-03
1.802884470606999967e+00,7.628059060399999813e-02,1.461834087561999951e+00,1.403148019144714635e+04,1.860385116130457497e-02,4.561974191657971467e-01
2.816710187891999784e+00,2.761355558675000044e+00,2.399872678113000202e+00,2.414396532619951540e+04,6.078391943505300626e-03,2.672993965957026763e-02
1.433393384011000027e+00,1.660163066118000019e+00,5.210907331031999767e+00,1.058239713968775504e+04,1.375411543329705111e-01,7.051029692900107193e+01
2.079261546587999998e+00,2.251961254788000133e+00,4.286110071562999835e+00,1.670667168228044466e+04,9.865742531877495780e-02,9.849153363457625687e+01
5.221756900230000165e-01,1.694577890266000031e+00,4.560841406485000249e+00,3.068440480733308505e+03,3.038552123884423750e-01,1.879683817446570160e+01
2.154818932547999832e+00,2.029913532529000086e+00,3.989333682489999866e+00,1.745004933664804412e+04,6.895524027012297011e-03,9.368510791025405626e-02
2.988075248178999832e+00,1.249781132595999988e+00,2.031725317562000033e+00,2.592256235444053164e+04,2.283928951445157642e-03,1.199348138732324320e-02
2.049319212045999983e+00,9.663024902829999707e-01,3.636325802382000205e+00,1.641343601316462809e+04,1.598576994416973582e-02,3.705002104316031386e-01
9.668876062650000325e-01,1.502342308128000070e+00,4.247116906882999920e+00,6.508449792813712520e+03,2.668334185082554821e-02,3.352975182188027148e+00
3.195906607299999758e-01,1.528276286172000065e+00,1.661401078798000031e+00,1.718742029685259922e+03,1.571740881883363066e-03,9.927292278150985638e-03
2.775773753010999823e+00,2.563671377971000087e+00,4.641456352518999573e+00,2.372158538548201614e+04,1.225600036639840941e-02,3.248141219153668491e-01
1.519985034045999939e+00,1.150640677246000054e+00,3.653394773368999981e+00,1.137575093923936038e+04,9.934860457268392207e-04,2.982211067755196655e-03
1.479613583089000040e+00,1.370504554528999996e+00,1.407382563199000014e+00,1.100462933755521408e+04,4.249372915063377026e-02,1.806145279637936030e+00
4.725700798110000211e-01,1.073405087030000038e+00,6.078001687923999974e+00,2.722726404309645204e+03,2.408647916536242606e-02,2.366610186879453792e+00
