2.149299233614000215e+00,3.030561561813000182e+00,2.198549025605999852e+00,1.739558087015434648e+04,7.385662878105716533e-01,1.913355957732079915e+01
1.995804945280000020e-01,2.361278137704999835e+00,2.537059905576000141e+00,1.006441205769880298e+03,4.258651355803499405e-01,3.632174205180202620e+01
2.897863736555999825e+00,6.165207676949999716e-01,2.120017835475000112e+00,2.498419068972015157e+04,6.602610828568188962e-03,1.485020892095737510e-01
1.512475010713000056e+00,2.307491303143000216e+00,4.491395624263000208e+00,1.130655353216055300e+04,3.080933836030667439e-04,4.210750265747526498e-03
6.097704344800000120e-01,2.129233877489999927e+00,6.001961342457000192e+00,3.700248701739078570e+03,3.406141430152288818e-02,2.013625187659916094e+01
2.705047223529999934e-01,1.913870437456000051e+00,5.563897803380000173e-01,1.418710110943649624e+03,1.233618714090730685e-02,1.230850940174607278e+00
1.741009608584999979e+00,1.151778936174000068e+00,3.455284801077000090e+00,1.344291485777647358e+04,2.490781312931414793e-03,1.400098139270501175e-03
9.628759097679999712e-01,2.137652218521000069e+00,3.864813253756000044e+00,6.475159062496582919e+03,2.001708694967586216e-02,1.872788450669327309e+00
1.100166746168000032e+00,5.698854226299999715e-01,2.321315459208999954e+00,7.633224051430923282e+03,5.525489937185594502e-02,1.362761207113051576e+01
5.319082858039999584e-01,2.111423928589000187e+00,5.750568713886000438e+00,3.137327928135297043e+03,9.804285881703826699e-02,1.000986066970847022e-01
8.362594221300000130e-02,8.284494543589999704e-01,5.262918602439999871e-01,3.920253393570231424e+02,1.927670048578469797e-02,2.660144949462151853e+00
2.921655674122999979e+00,1.089816588891999949e+00,1.645351052677000103e+00,2.523123295222162051e+04,1.098079848985406837e-01,1.054805457550429963e+02
2.679247485255999983e+00,9.016677425619999964e-01,4.430781402853999573e+00,2.272963155493670638e+04,3.799020390477677277e-03,1.353518874445207819e-02
1.892533826038000022e+00,1.750743880324999946e+00,3.223830342109000213e+00,1.489124148003047776e+04,6.296768523547766234e-04,4.012222836379602479e-04
7.159373555670000000e-01,1.483492974131999986e+00,1.752600806840000081e+00,4.499085408718866347e+03,2.990060874410265662e-03,3.456205386240072952e-02
2.473580391991000216e+00,1.549016824124999969e+00,3.608223362552999802e+00,2.063588453134876181e+04,9.987722140217958344e-02,3.759238415873799255e+01
1.731582648257000034e+00,9.072446361929999981e-01,3.283152493340999900e+00,1.335360341829888421e+04,9.546618964723236614e-04,1.133862599404108617e-03
2.927353658797000158e+00,1.709615807395000076e+00,5.717601573440999729e+00,2.529044478064734358e+04,1.129600303392188365e-01,2.170732672507024574e+01
2.867925296585000172e+00,1.831115554117000110e+00,3.603705961490000220e-01,2.467378164236247176e+04,4.150518150413836510e-02,2.739075975983653599e+00
7.007198451799999672e-01,7.741106445809999848e-01,5.867469052069999691e+00,4.382515268095360625e+03,6.657956654955413285e-03,6.946737936528577483e-03
2.483474890735999807e+00,1.740767973917999978e+00,4.549631961614999831e+00,2.073596598721110058e+04,2.069553598350686724e-02,3.452178843726009028e+00
2.851122933450000119e+00,1.951611322823000094e+00,3.390578542575000132e+00,2.449979516881483505e+04,3.060011044027204363e-01,1.395580992647159349e+02
2.101073616639999919e+00,6.733281652979999921e-01,2.334501426767999988e+00,1.692077416305511724e+04,1.370220584252750638e-02,1.019775496763996925e+00
1.227090207817000067e+00,2.280092150829000186e+00,1.574337498211999975e+00,8.735358739206594691e+03,2.497243399984868661e-01,1.019901410422938852e+02
2.339978241375999968e+00,2.504184164486999986e+00,5.832999912554000410e+00,1.929130686649630297e+04,6.232803597919229360e-02,2.425047498178481753e+00
1.148718781729999971e+00,2.143784184389999847e+00,5.207432150953000161e+00,8.051464841862859430e+03,5.576579443573453053e-03,3.075285342713345860e-01
2.377897114526999811e+00,1.229945792517000092e+00,3.876503872530999928e+00,1.967161497590508588e+04,3.737894203837394819e-02,2.133676717422683566e+01
2.478393242792999995e+00,1.120667195036999964e+00,1.287491946452999914e+00,2.068455738436079628e+04,4.933878356522242159e-02,2.600094215788290586e-01
2.679366406453000060e+00,1.655217164163000021e+00,5.163997522485000324e+00,2.273085012021837247e+04,2.134524812375021910e-03,5.674775910473384838e-02
7.198220941920000504e-01,2.257440964345000189e+00,8.408873282359999868e-01,4.528949626649905440e+03,1.953209237673031451e-02,8.816278092322689108e-01
4.329222464909999735e-01,7.500856926140000436e-01,4.339958137340000022e+00,2.453171270029797597e+03,5.392869640145472321e-01,4.658827557288433496e+01
2.316927744641999798e+00,2.714580021591999959e+00,3.697467858130000007e+00,1.906064293193770209e+04,7.370677281019781535e-02,7.988739056528084248e+00
1.110272317863000069e+00,2.042819711342000133e+00,4.903256447311999722e+00,7.719920114705457308e+03,3.769446643774279626e-01,1.234862378268603749e+02
2.894606554557999978e+00,1.942443429816999911e+00,2.679159727091999788e+00,2.495039474768688160e+04,1.877339226563551344e-01,1.116635297139817311e+02
1.186567272853999988e+00,8.741104031440000144e-01,6.065446501041999561e+00,8.380426367109399507e+03,1.232477267791888195e-02,8.726398951028398188e-02
5.543415072120000398e-01,2.190662955352999930e+00,2.198777042135999782e+00,3.297388827453114118e+03,5.479957780518371867e-03,3.902977679647873926e-02
2.668743133175000004e+00,1.869431433674000109e+00,5.770368868265999929e+00,2.262203019511565071e+04,6.971339424920875404e-03,8.048907663675501922e-01
8.330485554590000286e-01,2.268356687313000108e+00,4.663778533319000275e+00,5.417397526233762619e+03,2.082644715640930011e-02,9.829200944626161757e-03
1.311135877350000090e-01,5.977587682470000274e-01,4.587060863920000009e-01,6.341991876742220029e+02,9.571740548158201578e-03,1.138932034728144388e-01
3.898001540689999822e-01,2.134978142183999950e+00,5.445534405999999938e-01,2.167203359696719417e+03,5.957327414640165575e-01,4.052345000253607736e+02
2.528179566132000122e+00,1.882361007686000010e+00,4.186965933559999797e+00,2.118898383647520677e+04,6.602889806607468992e-02,3.261131053959399395e+01
2.670481455092000189e+00,2.342021503115999881e+00,2.441979516181000065e+00,2.263983192120003878e+04,8.892808151670690553e-02,5.318140015588305403e+00
3.858773002399999985e-01,2.484042775050999907e+00,2.140080892460999973e+00,2.141575073525563766e+03,6.602735939293580616e-03,4.941867524513792742e-01
8.401925609629999903e-01,1.864397693684999968e+00,6.094998922480000303e+00,5.474567358966856773e+03,3.405824039206467591e-02,6.010740143057268225e-01
2.170453648426000193e+00,1.612566156386999960e+00,5.058623230924999881e+00,1.760446940744171297e+04,2.295419807878825921e-02,2.285335946100766957e+00
1.016996045261000070e+00,7.818957366700000078e-01,4.476322002543000167e+00,6.927132474777535208e+03,1.251031880477938493e-02,3.053144166398237824e-01
8.054025842390000189e-01,6.679088824719999762e-01,3.448421293570000046e+00,5.197365493582012277e+03,5.415050579813036370e-03,1.185261935525293644e-02
2.615370699944000066e+00,1.467087913100000029e-01,4.003319417010000048e-01,2.207638838068375844e+04,1.405572860282901931e-02,2.672702040559231218e+00
1.697998409176999957e+00,8.709618211340000027e-01,2.844815956981999960e+00,1.303621722964791661e+04,1.168957165042880560e-02,2.566135362919257923e-01
