2.525855692067000113e+00,7.715829224510000195e-01,4.869597607650000270e-01,2.116540125441957935e+04,9.194390393458166206e-04,1.998615568894451539e-03
1.461413637946000099e+00,8.697661385839999815e-01,4.158550313908000007e+00,1.083802486991050682e+04,2.965842669102653484e-01,2.629798206895764565e+02
6.553545101090000324e-01,7.258530918910000018e-01,5.205655489257999591e+00,4.039036591682050130e+03,2.860456951472520066e-03,4.586383685192618222e-03
1.999714423059000046e+00,1.377152787441999982e+00,3.425242356841000202e+00,1.592938567858277747e+04,3.410782828334766870e-01,3.781408609614819625e+02
8.941948317129999602e-01,2.480377063358000012e+00,3.771019313727999922e+00,5.910720114794670735e+03,1.451852091677415663e-03,6.605071395621338326e-04
2.618219838274999933e+00,1.554027489999999956e+00,4.639230951257999891e+00,2.210546994093397370e+04,8.488943801477348561e-03,2.574876582832317795e-01
1.650084206202000026e+00,2.589909705191999922e+00,2.122174934534000190e+00,1.258559666130099686e+04,1.023004912800855890e-04,7.835101103529646522e-05
2.398556983255999864e+00,2.196968135929000088e+00,2.635125311620000188e-01,1.987926603260220872e+04,7.002070324604671436e-02,5.395746589946893046e+00
2.429005380712999873e+00,7.029527243650000035e-01,2.253021794279999879e-01,2.018586093988192442e+04,1.248026672330083131e-01,2.790727996395644084e+01
2.470226118275999916e+00,1.920931294092000030e+00,1.145963957523999932e+00,2.060197190708152993e+04,1.481094718643305996e-01,4.451856409946437765e+01
6.335569553230000484e-01,1.011655707224000000e+00,1.935964694124000074e+00,3.876218396438179752e+03,1.400257470991275299e-03,1.962074580187552972e-02
1.352188074354000014e+00,7.532357945469999594e-01,5.799125023748000096e+00,9.847761876322290846e+03,5.709494394618926938e-01,4.295351189955430300e+02
2.709566052318999940e+00,2.633693438402000098e+00,4.005850370414999695e+00,2.304058565683920096e+04,1.479663316261401740e-01,1.640200024712650304e+02
2.196118486906000200e+00,7.335731797769999840e-01,1.413376474220000012e-01,1.785838778883769919e+04,6.706330359850689593e-01,1.811530309117155468e+01
8.703103505610000346e-01,1.656134648332999948e+00,2.664306226900000074e-01,5.716956236178839390e+03,5.019034727239132972e-03,1.100146598210526711e-01
1.697102076091000056e+00,2.762423275474000128e+00,2.749152580671000212e+00,1.302776361320340402e+04,8.744678129950797605e-04,4.577922469629775934e-03
5.140211081700000184e-01,1.339428526572000067e+00,4.938739583040000269e+00,3.010984979639735684e+03,1.550973046082115099e-03,6.798902653969671195e-02
1.408593647020000006e-01,1.599873368299999932e+00,9.472535979799999450e-02,6.855591585120797617e+02,2.410157747466969702e-01,1.683960005391633672e+02
1.822211568506000079e+00,2.189095180899999882e+00,5.270929194937999718e+00,1.421614501146901785e+04,4.934979043835576729e-01,2.547266526031854141e+02
3.128782917979999745e-01,1.594354546564999975e+00,2.411672874670000022e-01,1.677036383796508517e+03,4.328518705974849223e-01,4.354904809744883210e+02
1.095102445828999960e+00,2.617681685291000093e+00,4.038018570230000215e+00,7.589848917900839297e+03,4.552623666329957790e-03,1.792016681360650288e-01
2.347787674284000037e+00,2.618268224196000027e+00,1.669971485468999983e+00,1.936954497065129544e+04,2.984758332917220058e-04,1.115058920173818451e-04
1.452330341109000056e+00,9.981533633860000254e-01,2.674529876687000041e+00,1.075504146426727311e+04,1.968659420397164961e-01,2.642355876325704145e+01
2.414697800327000099e+00,1.164120650654000055e+00,2.025882108769999912e-01,2.004171066205839452e+04,1.631702324297024803e-02,1.327861694456679842e-01
1.381053608440000025e+00,6.605876338589999897e-01,2.605524498560000124e-01,1.010781799976139700e+04,9.292188904368113567e-02,2.998036775562804124e+01
2.349842827899999986e-01,1.956385545400999959e+00,5.752241056335999581e+00,1.208986670422664474e+03,1.177857884929495690e-02,3.214842830547464114e+00
4.537089607779999922e-01,2.439113393502000182e+00,4.856643201187999637e+00,2.593723997526125459e+03,9.222860172300870879e-03,2.867117589039296810e+00
1.048829354415999893e+00,1.668540401502000003e+00,4.514728123247000013e+00,7.195788117602523016e+03,1.435649695852577734e-01,9.083493329418446649e+01
1.770129581121000051e+00,2.346571682096000089e+00,1.850404550656999936e+00,1.371940391563213961e+04,2.071256463537271830e-01,9.319645848061072968e+01
1.995949251195000107e+00,2.138251916345999870e+00,3.062888833934000132e+00,1.589273511863367276e+04,3.620176229237496157e-01,5.084532404726599708e+01
1.645361578147999992e+00,1.817842610779000001e+00,4.087227631363999691e+00,1.254132400176000556e+04,4.924754824903634920e-01,1.201671404283300717e+02
6.754774059289999633e-01,1.456196969577000067e+00,4.090330008550999707e+00,4.190637679353488238e+03,1.072309948886722430e-01,2.932210315528820956e+02
2.957984970202999886e+00,6.569266733809999703e-01,4.905455870307999788e+00,2.560906593705657724e+04,8.670813667777244179e-04,1.173781496541631856e-03
7.733591238900000553e-01,2.367116238497999792e+00,5.692256955200000051e-02,4.944791495815971757e+03,1.990587892286010529e-03,1.077234901475523920e-02
2.360057966817000086e+00,1.042285574055999975e+00,8.014852995690000537e-01,1.949256500316074380e+04,5.528592837173989562e-03,2.189117870429571275e-02
1.081192863999999934e-02,9.113575197640000347e-01,5.045006243749999619e+00,4.809775610391048417e+01,6.609576730392416333e-02,2.449825030546635318e+01
1.659641598926999917e+00,6.933661015709999820e-01,4.360943777710000191e+00,1.267527215735521349e+04,9.746733829939179250e-01,3.047917097471184320e+02
1.610325539138000028e+00,2.367714358968000088e+00,2.664500258374999930e+00,1.221369164333250592e+04,1.241812389238207831e-01,5.837476236074602554e+01
2.182692755142999985e+00,2.384725492452000051e+00,2.559236253471000033e+00,1.772549176735194851e+04,3.102781872392858242e-02,6.099064518852246763e+00
2.432236070779000059e+00,8.061141226669999993e-01,2.213110839651999839e+00,2.021843059438552154e+04,2.840235519930874161e-04,4.031917883949632554e-04
8.826867806979999953e-01,2.694909941881999949e+00,1.286327908570999989e+00,5.817193080583456322e+03,5.874470761650870537e-02,2.017888334947871343e+00
