1.578139136826000044e+00,1.215184276808999986e+00,4.326769504189999616e+00,1.191399773382417152e+04,2.243414017704689276e-02,1.590149590595069551e+00
1.401766956142000087e+00,2.049844829471000107e+00,4.782816844859000049e+00,1.029516997025375895e+04,5.528659481859379277e-01,3.827123202272571234e+02
2.529143287411999896e+00,1.149706583921999981e+00,9.340932210589999451e-01,2.119876470953443641e+04,1.859072109111932622e-03,9.953522276974895167e-02
1.786126431780999946e+00,2.802374446027000143e+00,5.505732721923999762e+00,1.387167530205030198e+04,6.929777728664102826e-03,1.148200538383363778e+00
2.681227582390000030e+00,6.288149526930000288e-01,6.029989280577000343e+00,2.274992242544119654e+04,4.691394058991427696e-01,5.757620676117252856e+01
1.363031204082000070e+00,1.417980905692000082e+00,3.691423488203999792e+00,9.945307543082328266e+03,1.481888785866895264e-01,7.015206091853153225e+01
2.039482753115999802e+00,1.600731391702000073e+00,4.973494941620000276e-01,1.631727591912285789e+04,3.471805636660432390e-03,2.897190738097905616e-01
2.148506293023999980e+00,1.696592637408000037e+00,7.216894386919999738e-01,1.738775819570505701e+04,2.831691412814113518e-01,3.229419020193127494e+02
9.103779010800000515e-01,1.551176902661000057e+00,7.800051058260000225e-01,6.042760689246430957e+03,1.367969354620175888e-02,2.562318336687268161e+00
2.174640019259999946e+00,1.892078001985999958e+00,2.231829230595999913e+00,1.764585118543000135e+04,3.079017065926848221e-02,1.118615197278222979e+02
1.613204041678000022e+00,2.230630847203999956e+00,2.590934116641999907e+00,1.224055464975205541e+04,1.247754889200115846e-01,2.313459707508735530e+00
8.958826922379999891e-01,1.918240453040999993e+00,3.156024215206000072e+00,5.924463462753145905e+03,1.090984546869788463e-01,1.852536259250862472e+01
7.496639674289999888e-01,1.789348453691999907e+00,2.793591165450000080e+00,4.759772779912712394e+03,3.085831987489825838e-03,2.037176321008680058e-03
