1.788805491179999985e-01,6.990693902800000359e-01,2.620588901820000149e+00,8.911325001455330721e+02,4.504191233936634224e-03,3.878390809559609798e-01
2.182880370378999846e+00,2.605735539028999792e+00,4.767873661070000102e-01,1.772734788906152608e+04,2.782818232927938840e-02,4.225954842443157000e-01
9.376795637499999447e-01,2.572117499152999809e+00,4.903118899037999689e+00,6.266868065563541677e+03,1.142462903624535259e-02,9.263501265229836523e-01
2.125672765015000021e+00,2.781754266315000113e+00,5.183130863813000033e+00,1.716272122498996760e+04,6.796623419788720977e-01,3.574199345311503748e+02
2.550407305610999931e+00,2.091648283061000146e+00,4.551446672022000151e+00,2.141473329390000799e+04,7.783103314724806876e-02,7.103256510698815873e+02
3.697995677440000239e-01,1.622542445956999924e+00,4.537418954454000009e+00,2.037229524783732813e+03,8.767403554949530775e-03,6.742953767723290637e-02
1.098724724713000089e+00,1.633325616260999924e+00,5.539717850184000092e+00,7.620868415739527336e+03,1.712584366989710616e-01,2.762277043286844602e+01
3.713741512789999755e-01,1.751493817557000066e+00,1.850530810109999980e+00,2.047399191240524715e+03,5.295515995703976853e-02,1.150474078317366589e+00
2.639498585347999970e+00,9.526327527129999639e-01,2.938964582490000144e-01,2.232283000139949581e+04,4.055718196096007311e-02,7.504295064491156353e+00
2.322361399619000011e+00,1.676090482079999999e+00,6.108875793898000062e+00,1.911498107317422182e+04,2.237443635536862652e-01,9.952637658230034390e+01
2.753613229004999940e+00,1.017997814264999912e+00,6.203247833330000072e-01,2.349335082315404361e+04,4.388343617605905411e-02,2.191651391756132483e+01
6.427738810930000435e-01,4.741295058980000143e-01,2.455412212945999872e+00,3.944884871782008304e+03,2.004429251992838890e-01,5.516538961031704957e+01
2.380431635273999813e+00,2.012103639411999989e+00,1.316845386338000079e+00,1.969707261242462118e+04,3.632086649882774743e-01,4.214710081223885396e+01
