1.718960339344999921e+00,1.263649725222000031e+00,1.141345613738000031e+00,1.323417099820354269e+04,1.215207270717157118e-01,1.619321273409680728e+01
2.210354741211999929e+00,1.267774622934999984e+00,1.236137996649999904e+00,1.799946574708517073e+04,4.479336771030780623e-02,4.035197536091017056e+00
3.223926764569999825e-01,2.833866105730999951e+00,5.424474224231000008e+00,1.736213759745026891e+03,2.458215516911554932e-02,4.426289224395500432e-01
6.387332234129999842e-01,2.678601770251999969e+00,5.570556963789999649e+00,3.914749133281307422e+03,4.573777148657843204e-03,3.775312065673415776e-03
1.960120278852000020e+00,9.854439630979999754e-01,3.366802896988000171e+00,1.554462340847400083e+04,2.384233163814081513e-01,5.156461714296258236e+01
3.331381187849999925e-01,9.303982073159999810e-01,1.247278069937000078e+00,1.803552268602918502e+03,6.231297218406953858e-02,2.730676088056708295e+01
1.306747371618000031e+00,1.435248920302000020e+00,2.033764472331999862e+00,9.440880303939842634e+03,5.677710409057962204e-01,5.585561484544083442e+02
1.345811988404000070e+00,9.997904125979999446e-01,4.101480493591999732e+00,9.790483003026747610e+03,3.683533645697945752e-02,2.739170950739824306e-01
1.243086224412000007e+00,9.000063319290000363e-01,5.125356377766999927e+00,8.876217782338073448e+03,7.116700560919649865e-01,5.033766600777713052e+02
1.416160721028000058e+00,1.478723383039999950e+00,2.358796697059999836e+00,1.042571924135379595e+04,4.027156234667546020e-01,2.246711228171151333e+02
1.495665270214000087e+00,1.629035826826999989e+00,2.293236878582999960e+00,1.115193269731300461e+04,2.321495256292420428e-01,4.273953646649005691e+02
1.399933596144999903e+00,2.358076736988000022e+00,5.457818382215999797e+00,1.027856262653330123e+04,7.334183085660735645e-03,1.226122581557189013e-02
6.440434054429999833e-01,2.988160396750000114e+00,4.823196096842999658e+00,3.954363632135730768e+03,1.636812653152726893e-01,5.463821148384653981e+01
1.707979919355000042e+00,7.033717009159999867e-01,5.061813845542999957e+00,1.313041672686744459e+04,4.572936125634830332e-03,5.013599892256506013e-02
2.936877936704000103e+00,2.278060435315000021e+00,2.953456977920000170e+00,2.538945877879616455e+04,3.026129568453747847e-03,4.640122573978509683e-03
1.131060926596999971e+00,1.700940510104999914e+00,5.801607758899000267e+00,7.898858489628213647e+03,2.077545932408274842e-01,1.397825557358571018e+02
1.318234322324000063e+00,4.349696215809999988e-01,4.184184299725999701e+00,9.543441232415372724e+03,1.606691073370766646e-03,6.133552267080207357e-03
