2.546069179543999805e+00,6.789191547149999728e-01,3.534281233189000115e+00,2.137064843124660183e+04,2.584887082364876743e-01,1.634114443995243704e+01
2.912115040543000077e+00,2.053943541195000222e+00,6.133906750516000095e+00,2.513213009897457596e+04,1.327278371740335701e-02,6.333623771631021526e+00
6.961127551010000136e-01,2.314616175817000077e+00,1.001393526431000103e+00,4.347355557391362709e+03,8.645036733313790633e-02,7.559268333657624517e+00
2.054030492672000108e+00,1.877004326573999959e+00,5.564217881709999647e-01,1.645952319508748405e+04,2.462899093790594796e-01,2.237070404448251111e+02
8.973278681359999620e-01,2.903311677052999862e+00,3.675937301632000054e+00,5.936236004889652577e+03,2.476211773263017613e-01,1.715943692291515674e+02
2.479084091285999936e+00,1.998547268533999999e+00,4.166387200418999903e+00,2.069154532095497052e+04,6.448356919462649994e-02,8.837130929635080179e+00
1.855521799663000015e+00,1.306973321122999909e+00,1.542504771850000012e+00,1.453530863545863212e+04,3.449647995663072675e-01,4.390672175852747614e+02
2.241311279062999873e+00,8.887602433529999679e-01,6.090791031392000399e+00,1.830679594769334290e+04,6.136169126800792434e-02,2.261313806194119636e+01
1.751546546504000101e+00,1.727741044899999912e+00,4.138437046545999642e+00,1.354285618446494118e+04,3.521918414445398549e-01,1.147648888309625193e+02
1.461208533965000056e+00,1.342267859421000020e+00,5.068260377469999689e+00,1.083614984869325599e+04,1.381915032761636773e-03,1.905963779226000632e-01
2.540928314687000089e+00,1.446535274299000084e+00,4.781276730252000284e+00,2.131842225542927190e+04,3.317837175723071796e-01,2.944634149299591641e+01
8.495608328139999665e-01,9.967887530789999451e-01,4.089239915590000329e+00,5.549727389956300613e+03,1.259797879795320277e-02,4.843197466669677098e+00
1.357632100757000027e+00,2.856241305070999825e+00,3.888346326889999816e-01,9.896715189761058355e+03,5.522356074044557639e-01,9.457728128945893786e+02
8.151464496800000514e-01,2.396556631316999919e+00,5.871770851067999786e+00,5.274695579044823717e+03,2.264737537983003146e-01,3.548110122762285101e+01
2.269608877158999949e+00,1.780172858692999904e+00,6.106359927811999988e+00,1.858838834109150412e+04,4.611078074631492184e-03,3.176974910692788312e-02
2.637382275974000212e+00,2.158269221084999856e+00,2.972763453378000076e+00,2.230119915841716283e+04,7.601148831814048545e-01,1.524052437661479473e+02
2.517581606019000162e+00,1.466145523155000019e+00,7.887880136839999778e-01,2.108146576337635270e+04,2.072110440251052552e-02,2.060525446316680831e-01
1.753805845415999931e+00,2.340110877716000015e+00,1.928064193548999938e+00,1.356430087884941167e+04,2.661395581007613975e-02,1.092516624370582612e+00
2.182374934809999889e+00,2.228648879106000180e+00,5.722709253928999651e+00,1.772234756129326342e+04,5.064332337690992739e-04,3.947530453724873087e-03
9.914533393540000406e-01,1.386842024127999951e+00,2.293204931721999795e+00,6.713054024403631956e+03,2.984208764788503707e-02,6.409023241235626500e+00
2.467353311876999911e+00,1.182019530797000062e+00,3.428997195886999805e+00,2.057293325751445082e+04,3.658080102227113245e-03,9.229080665046476839e-03
2.117181216709000058e+00,8.687632031740000205e-01,5.859375040439999793e+00,1.707914393644089796e+04,3.380240066316874542e-02,2.780127323562448183e+00
6.170454880579999690e-01,7.467045276249999475e-01,3.208162297438999833e+00,3.753876774602850219e+03,6.019683649470234377e-01,4.523716307232353273e+01
2.753466353430999991e+00,1.400024997849000030e+00,3.565467543062999844e+00,2.349183911518342939e+04,2.256825168021594358e-02,2.615997974901810852e-01
1.631932882005999952e+00,1.081616740220999962e+00,5.436406003870000170e+00,1.241557757670312458e+04,1.051873004367420879e-02,1.621532926562575083e+00
2.831729367180999990e+00,9.185431685899999588e-01,4.921238319400000200e-02,2.429917978049645535e+04,5.433623101320492754e-01,9.617741366172967332e+01
7.751068045379999605e-01,1.869211698038000025e+00,3.549894873313999888e+00,4.958497574042566157e+03,3.364214825403753772e-02,2.763768118783754613e+00
2.354508572652000087e+00,1.172680669245000029e+00,1.858791704701999947e+00,1.943691387578654394e+04,1.119462233126182482e-02,6.494948064350369865e-01
2.452228845751999842e+00,2.039848778247999928e+00,3.348455118762999838e+00,2.042014827474067351e+04,1.019509627542805053e-01,2.930557104204138508e+00
9.865067533069999950e-01,9.297685526469999795e-01,4.575745392872000217e+00,6.671752188464308347e+03,1.519895030058229235e-01,4.421660510403795286e+01
1.902706610035999946e+00,1.374988916658000049e+00,1.877067446560000130e-01,1.498930537867050771e+04,4.807788280205903958e-02,1.293767146838482418e+01
2.566829027243000105e+00,1.424710807289000014e+00,1.233468709680999975e+00,2.158172729229186371e+04,2.627747108503232162e-02,1.430608355874600557e+00
2.564825518427999995e+00,5.365635937930000043e-01,5.566875408666000169e+00,2.156134385329526049e+04,1.426548468312742284e-02,1.454914533162888213e-01
5.755637328899999849e-02,2.274486506269000063e+00,4.123687401730000146e-01,2.649697182939277127e+02,2.391137227493935757e-01,1.323092069933375683e+02
5.617144500520000472e-01,1.564193931931000092e+00,5.337239006737999780e+00,3.350377698882076402e+03,5.076288395913996360e-02,3.033002355457549370e+00
5.365371605769999608e-01,2.694479978622999816e+00,5.320918142751000168e+00,3.170209798405650872e+03,7.273311023687624097e-03,1.526254044784751927e-02
2.134793326061999785e+00,4.708792794030000062e-01,5.979306393423000188e+00,1.725255708459117523e+04,1.732190696201028890e-02,1.589358997827631015e+00
1.305390390094999908e+00,7.997114828779999796e-01,5.766036126130999584e+00,9.428777881035608516e+03,1.830869534220576911e-01,1.648975327153201249e+02
