1.688111298052000109e+00,2.043373344842000172e+00,2.045024952612000124e+00,1.294301839465090234e+04,1.992126525629242806e-01,7.376997740720186414e+01
1.912046003443000020e+00,1.555282704816000061e+00,5.883781736587000211e+00,1.507942381369497889e+04,1.529001026329836199e-01,6.110237792319522043e+01
2.496905336868000091e+00,1.400800435218999995e+00,5.315661619253999604e+00,2.087192097003168965e+04,3.483186036509581807e-01,3.970595064814121429e+02
2.208215223798999816e+00,1.038365591121999998e+00,7.430422939009999617e-01,1.797825323763183769e+04,3.435712059047905109e-01,1.121835593515362746e+02
1.336447064047999955e+00,5.131339318350000012e-01,1.907878232609000024e+00,9.706463708527853669e+03,6.900872183708188501e-02,7.465128755012582218e+00
5.606358341880000040e-01,5.687543992129999726e-01,4.966905983873999730e+00,3.342614063931822784e+03,5.612888224758611909e-05,2.276633467496478724e-03
1.792900622192000082e+00,1.654191180146000084e+00,2.585577963189999995e+00,1.393623879394926735e+04,5.162432012162833095e-01,1.340992652581958282e+02
1.571870638710999968e+00,1.713584583297999897e+00,1.646687220226999981e+00,1.185577704925034050e+04,6.005000029767241371e-02,8.351139166560791693e+00
2.426489233612000085e+00,1.902815307447000004e+00,3.483292836277999793e+00,2.016049995693717938e+04,6.804046577894779999e-03,3.742395798625780756e+00
1.632872207781000062e+00,9.567126056339999574e-01,1.332898575236000083e+00,1.242436656828412561e+04,1.559472554235742381e-01,1.558350225259147237e+02
2.288768902035000163e+00,6.944865518670000348e-01,5.474081149083000142e+00,1.877940419885334268e+04,1.600714395809569451e-02,6.689812631048226432e-01
1.814381816048000085e+00,2.381809313248000048e+00,5.074245982166999624e+00,1.414128765907869820e+04,1.004166477058889007e-02,1.169048911588610684e+00
8.129370938509999922e-01,1.194105960881999939e+00,4.323813710269999611e+00,5.257140295498761589e+03,1.429023584985062052e-02,9.888640499163936504e-01
2.108136941991999969e+00,2.245613491736000000e+00,1.406015447239999938e-01,1.699019356137705836e+04,1.625082189596111296e-02,4.132945605833319991e-02
1.472610594880999990e+00,2.077307257373000038e+00,2.823617927016000007e+00,1.094047086291402047e+04,9.556831342191491729e-04,1.038957534354340018e-01
8.472497580309999998e-01,4.071394132460000037e-01,4.050268033364999631e+00,5.531166054006894228e+03,5.743050645357692177e-03,9.869463676493525628e-02
2.465834611152999845e+00,2.035529269393999918e+00,2.420297755693999964e+00,2.055758437785846036e+04,4.265449661877060254e-03,1.476351449802673979e-02
3.994686894130000110e-01,9.947459287909999892e-01,2.458887371337000083e+00,2.230647649283460851e+03,4.195314168871900305e-03,1.589378509143006601e+00
1.043842731263999957e+00,8.937311029500000226e-01,4.671876472723000440e+00,7.153570281823070218e+03,2.225323539195974559e-02,1.290734463662008480e+01
2.851445579227999794e+00,1.719757263813000092e+00,2.150959235288000038e+00,2.450313459680382221e+04,9.993119858480417617e-02,3.582962384736542560e+01
2.588645874990000095e+00,1.209000472427999906e+00,2.863412536354999816e+00,2.180386020810798072e+04,4.086301346652925631e-03,2.872686649497569952e-02
1.099646796020999906e+00,1.410807483461999912e+00,1.734797026969999933e+00,7.628768527459727920e+03,1.130539103461509765e-01,9.679201578607327106e-01
1.479700143057999906e+00,2.427495304508000107e+00,6.006136047442000248e+00,1.100542277125240798e+04,6.170231242053003662e-02,5.541249533310543995e+01
1.144062968379999934e-01,1.369193763178000012e+00,1.056406163237999962e+00,5.474510391792115342e+02,1.871599778879730613e-01,1.408995062274724219e+01
1.241436105672000023e+00,5.622568872709999832e-01,1.386476173700000036e-01,8.861667647945583667e+03,8.350717617991862962e-01,2.623293290127523392e+02
7.277622046770000352e-01,1.912664995577999960e+00,9.705367599669999512e-01,4.590122629807970043e+03,1.803135215853904176e-04,3.025556979292073684e-06
2.802034104485000121e+00,1.909311310944999951e+00,7.479945530549999555e-01,2.399242432952018498e+04,3.571049097493470079e-03,2.752748260944918798e-02
2.623335913076000114e+00,1.978298820273999947e+00,2.729914503444000218e+00,2.215770356425168939e+04,7.703282037838730077e-03,2.812034660289578492e-01
4.009617488319999756e-01,1.592179776919000034e+00,1.260779523193999996e+00,2.240480171419151702e+03,4.030795113144914898e-01,9.783879827896356574e+01
1.676925526156000101e+00,1.309125414518000019e+00,5.129280249466000363e+00,1.283771073563351820e+04,1.410219816429159057e-01,1.662133379762639720e+02
6.546350736249999525e-01,1.919745419319000002e+00,3.641771700829999903e-01,4.033639297768213964e+03,2.728189664500386968e-02,1.027423724409738393e+00
2.841895711119999834e+00,1.758707167420999973e+00,4.883546530814999898e+00,2.440431762135147073e+04,2.328222816385915050e-02,1.306312206123060093e+00
5.150200283460000250e-01,1.307884305613000064e+00,5.328505475717999929e+00,3.018010198889409821e+03,8.860741405867041121e-02,4.017417107957675881e+01
2.996398754793999863e+00,2.162819216122000121e+00,5.143794138997000331e+00,2.600936818906640838e+04,2.489185785422717151e-02,8.244845646603570444e+00
7.372106055489999754e-01,2.856904960127999882e+00,4.491706449110000055e-01,4.663146419413425974e+03,1.154935969174543525e-01,9.196989127808533837e+00
2.829541543509999979e+00,2.513834732133000127e+00,3.801239680169999913e-01,2.427656170406351885e+04,4.244984015880541063e-03,6.073694942954779297e-01
6.582787861819999753e-01,1.432049440199999912e+00,3.288264536874000221e+00,4.060991132967758404e+03,2.932227391992936472e-01,1.834290375344238839e+02
2.868306354357999854e+00,2.834550155382999925e+00,5.586582878410999875e+00,2.467772933056868351e+04,1.370097598399874217e-01,1.446255903260222730e+01
2.984338326392999896e+00,2.691667316660999898e+00,2.198534322577999855e+00,2.588360224110361378e+04,1.833636998137657681e-01,1.270206043330241954e+02
2.065187491747999982e+00,1.144533021463999933e+00,2.994306635674000017e+00,1.656874206475385290e+04,7.374400043914651134e-03,7.224182179287256048e-03
2.877524572843999984e+00,1.333777618118999975e+00,4.031603926322000042e+00,2.477325368235258429e+04,2.556357323358120492e-01,2.415337822317960814e+01
9.357348014969999461e-01,2.367090324042000038e+00,3.854676960542000153e+00,6.250849205231277665e+03,2.388454849499797254e-03,1.839252720484733233e-02
2.563440202749999841e+00,2.580947375946999856e+00,6.280179500145999683e+00,2.154725138359892298e+04,4.906521327361430124e-02,9.755127187347126139e+00
9.721748576630000471e-01,1.206587744309000065e+00,1.103343526688999932e+00,6.552378320621936837e+03,1.247895608016587748e-01,2.301205865871684519e+00
