2.799449259809999813e+00,8.373893498550000203e-01,3.850220287117000151e+00,2.396574711469040994e+04,2.120566781311804261e-01,1.584122480236432295e+02
1.771763092523999994e+00,1.735174361212999949e+00,3.469274059751000117e+00,1.373494064627270018e+04,1.670694595678903424e-02,1.729865485965682570e-01
2.657275544760000052e+00,1.369387174087999925e+00,6.017456408806999946e+00,2.250464111579616656e+04,6.632311413367017461e-02,1.247549207292498963e+01
1.269721209455000110e+00,1.667066499624000109e+00,4.342415542377000115e+00,9.111683967166396542e+03,6.701489083330590402e-02,1.165520691306203638e+01
9.215247446030000456e-01,2.477834848689000058e+00,3.250142433415000198e+00,6.134057775245338235e+03,3.394990790892759430e-02,2.003475147927189681e+01
2.448245974023000038e+00,5.498687392650000172e-01,1.003101157242999975e+00,2.037994054090707505e+04,1.455557397856628576e-01,4.568441276045827237e+01
1.097971248744000095e+00,2.285194219266000193e+00,8.968629797299999817e-02,7.614413974752112154e+03,8.231595120869491036e-03,2.122159285379233706e-01
8.041314338670000339e-01,2.044995304897000210e+00,3.322982063187000179e+00,5.187295181350474195e+03,6.656291961716625551e-03,1.175862022459571721e+00
1.372734363189000106e+00,4.045051363509999942e-01,4.095545061668000031e+00,1.003274371111917571e+04,1.684224113461911098e-03,5.722312627352233762e-03
4.340299969790000212e-01,6.484964502279999543e-01,3.374597181362999798e+00,2.460617957457033299e+03,4.026319027162857112e-02,2.732042712150023700e+00
9.278333211820000148e-01,6.516709962960000047e-01,2.077390909553999965e+00,6.185851780506859541e+03,9.783314803014976982e-03,1.603119757057860639e-01
1.442123624816999961e+00,1.161526975144999918e+00,1.483400792302000060e+00,1.066192809467251573e+04,5.021389095288522099e-03,4.364575514905344802e-03
1.296683273400000003e-01,2.389176518639000157e+00,2.473254385091999907e+00,6.266299513436547386e+02,1.373648009236798188e-02,9.996263837842793432e-02
