1.404931139960000075e-01,1.874738019130999911e+00,5.838459811875999605e+00,6.836190358068810156e+02,1.024514210821991962e-02,1.138643725544875585e+00
2.641734250328000133e+00,2.182483897976000176e+00,1.772835669970000083e+00,2.234568388173199492e+04,1.241029552901827260e-01,8.209663499241344198e+01
2.775469533433999825e+00,4.689287705679999751e-01,1.504798534592999948e+00,2.371845018904294557e+04,1.630616753227618178e-03,1.060386802880592186e-02
2.472321403563999986e+00,1.671316829905000079e+00,6.341233152680000318e-01,2.062315489944426372e+04,8.017326933115120902e-01,8.462008590694942995e+02
1.632178352533000032e+00,7.486268804429999646e-01,8.334622705299999934e-01,1.241787427136237238e+04,5.186782363267100626e-02,9.195794396590876829e+00
2.369540930303000170e+00,2.794209004834999899e+00,2.915270796230000183e+00,1.958771566430992971e+04,5.212900922439775084e-03,7.776074265401294872e-02
2.211265851582000064e+00,1.646382199332000029e+00,4.371192682493999726e+00,1.800850017597199258e+04,1.243348380036163187e-01,8.161883425544044002e+00
2.974579772199999805e+00,6.817667274919999576e-01,3.659286947373999954e+00,2.578189812308190449e+04,1.079163148411560122e-02,1.194623159691218517e-01
1.016583263939000004e+00,2.156849612630999946e+00,3.480414658729999999e-01,6.923662223461069516e+03,1.975269838575903769e-01,1.255588122223861980e+01
2.610122813865999980e+00,2.390199361736999872e+00,5.495225015343000230e+00,2.202283617135503664e+04,2.220494622601995871e-01,1.527292525543402633e+02
2.771973862114999854e+00,1.209221435556000035e+00,1.713607329832000037e+00,2.368242881146102445e+04,9.678515411026511472e-02,1.218590636827400431e+01
2.820737878462999948e+00,1.407525202753000082e+00,1.047069951429999979e-01,2.418557621680072043e+04,5.246945682839729980e-02,8.486621870923261923e+00
5.086351597000000023e-03,8.643448490970000453e-01,5.033710100350000438e+00,2.252858263446096032e+01,2.176349797221256623e-03,5.044027216277507594e-03
1.400898021199000087e+00,4.297249215910000086e-01,1.620889152203000005e+00,1.028729820030877818e+04,7.795818016539372841e-02,8.836763019673082908e+01
2.151209797108999844e+00,1.909276404159000018e+00,3.603487394086000162e+00,1.741443148140141420e+04,3.464881786936781314e-03,9.832270841334878053e-02
2.955878874749999774e-01,2.324648225857000039e+00,4.314749652807000402e+00,1.570584340650757895e+03,1.449275871022698932e-04,7.724067168166120394e-05
1.331795113562000088e+00,1.806979581138000057e+00,1.958462794092999948e+00,9.664776522353628025e+03,2.035798887939688218e-01,1.554406895316416737e+01
2.341995647379999934e-01,2.484493481537000115e+00,1.519360669506000017e+00,1.204426034321156749e+03,1.286851410098347089e-02,1.720189041874696789e-01
4.967960872569999742e-01,2.651973767187000064e+00,5.833794227200000265e-02,2.890420097657231963e+03,6.010299795024671987e-02,9.219574082509458535e+00
2.676546485822000054e+00,1.655775405561999980e+00,4.735757828570999806e+00,2.270195725556981051e+04,3.894841085492816574e-02,4.102527225614877437e+01
2.558559030539000023e+00,2.168438611072000199e+00,2.590878109463000012e+00,2.149760656934172584e+04,3.186162074862177590e-02,3.109154890927350312e-01
2.471704900543000072e+00,2.545218446670000079e-01,2.531987698833999989e+00,2.061692183826998371e+04,1.256390770023995372e-02,4.384929159328413428e-01
9.199825849460000482e-01,1.404470917035000044e+00,3.346384019294000201e+00,6.121410113104047014e+03,2.274301100339951899e-03,1.940932184085432475e-03
2.859745021553000033e+00,1.305265746894999968e+00,1.404982558111999902e+00,2.458905558720439512e+04,2.794024749153730183e-02,1.591508461333182578e-01
2.390910445703999798e+00,1.786042247534000094e+00,3.757066983971999896e+00,1.980237510966350601e+04,6.181101157261515572e-02,8.932371697148109746e+00
1.614151728269000108e+00,1.074873740616999918e+00,3.166103688075999845e+00,1.224940089188064667e+04,4.942766042281961786e-02,7.633919370815166694e+00
2.366619333325000074e+00,2.167455317589999930e-01,2.284164823688000112e+00,1.955839375569746335e+04,5.934502311087990201e-01,7.149635902642685323e+02
2.490691651189000044e+00,2.298368759125999805e+00,4.078004912164000295e+00,2.080900508568814257e+04,8.638709915134467066e-01,8.051206290567924952e+02
4.418351502819999888e-01,1.324797934218000073e+00,1.927144969320000012e+00,2.513226595012034068e+03,2.977617732391977801e-01,2.617413571508535028e+02
1.721232037529000003e+00,7.869892000670000165e-01,5.889229081755999573e+00,1.325565293622306308e+04,3.199997756996119866e-03,4.794185900604468920e+00
2.440096220625000090e+00,2.131389446801999821e+00,1.261954058920000121e-01,2.029770220336994316e+04,4.834454327764378320e-03,3.949380260694153322e-02
2.967840472078000058e+00,1.412080024301000103e+00,4.745334856450000416e+00,2.571169118674582933e+04,2.958160895977601790e-01,3.055067604733534381e+01
2.601956902580000008e+00,1.688090737038000055e+00,5.950355046060000319e+00,2.193954232409454926e+04,8.955453432298075833e-02,2.406773594953946827e+01
2.477884191687000026e+00,5.517273188600000378e-01,3.358300320290000252e-01,2.067940854050992493e+04,2.467230252659321499e-01,1.245341304565089189e+02
2.845031925662000027e+00,1.300777930196999943e+00,3.585494504404000082e+00,2.443676368910830570e+04,8.923426719067860391e-02,3.799383342584481227e+01
2.376500255630999980e+00,2.535434909160000139e+00,3.266358236713999830e+00,1.965758642466317542e+04,6.251059232226618967e-02,2.569287929146907512e+00
