2.865510748266999919e+00,3.276999894829999982e-01,4.411893154362999780e+00,2.464876930152562272e+04,1.691569931764023982e-02,7.648751973466721976e-01
1.740181155142999980e+00,1.753723095173999935e+00,5.590387273442999572e+00,1.343506218527896090e+04,1.404991923463111692e-01,1.325817341957791129e+01
7.788986727969999802e-01,1.033859834920999976e+00,1.177323059306000008e+00,4.988262940703718414e+03,2.680945242282700702e-01,3.130444753135966351e+01
1.918177576194000089e+00,1.540305856333000101e+00,3.335609552140999856e+00,1.513863477846933347e+04,3.508178976304954233e-02,8.712215217576174453e+00
1.037049580539000093e+00,2.246145915363999990e+00,2.834031626553000116e+00,7.096137224205472194e+03,4.299632043571029183e-02,4.094388804373194191e+00
2.097546769650000087e+00,2.716109899620999801e+00,1.761460038774999903e+00,1.688612773014800041e+04,4.726823256640071969e-01,8.223628556019858706e+02
9.449620723880000073e-01,2.985480425341000110e+00,1.472463380288000057e+00,6.326927770971313294e+03,2.153528336016276024e-01,1.215111943093824323e+02
1.483959500821000033e+00,1.738863778323000098e+00,2.068650985372999962e+00,1.104447751883723140e+04,2.014106010607413788e-02,5.473246795903021766e-01
2.241112137445000041e+00,8.081560330160000305e-01,7.063114133690000518e-01,1.830481648771173786e+04,6.105370183814791407e-02,1.034878562133907209e+01
1.629963013021999974e+00,1.517197535291000099e+00,6.156684836842000408e+00,1.239714946471818075e+04,6.249681532041066745e-02,4.176167225083892021e+01
2.919569597591999965e+00,1.917232823068000025e+00,3.691423488203999792e+00,2.520955958010999166e+04,3.425876226592884221e-03,9.032885866162250477e-03
2.133452721729999890e+00,2.096370548240999998e+00,1.659831957498999921e+00,1.723934800380829620e+04,5.497588964477242296e-02,7.466285989974126291e-01
2.557513895447999897e+00,7.019269100830000108e-01,4.342219499299999619e+00,2.148697889397648760e+04,8.266859484712986428e-03,4.710790706485032331e+01
1.928662557603000094e+00,3.006961201430000119e-01,2.892559782360000220e-01,1.523996889483232007e+04,3.300957974317023091e-02,2.906973487079902996e-01
2.113689480086000216e+00,2.878640406363000004e+00,6.491136142479999593e-01,1.704479451343977780e+04,5.784295989699136942e-03,9.880026452105893364e-01
1.850970442419999973e+00,1.343722252003000106e+00,5.939541434007000298e+00,1.449163357375956912e+04,1.681507533894068263e-01,2.101286254495450834e+01
2.362899163288000093e+00,9.860238367229999801e-01,2.483827765527999887e+00,1.952106622169291222e+04,7.375658614102964875e-03,2.039695987259295684e-01
4.136978101980000044e-01,1.231129763603000082e+00,4.039281269920000028e+00,2.324731907275842332e+03,2.892423319977373460e-03,6.551173746192222140e-03
2.749233750064000059e+00,1.529626256103999937e+00,1.318501441695999921e+00,2.344828089999567601e+04,2.750394217858396217e-01,4.633062423174162632e+02
2.658726588616000086e+00,1.917292886637000038e+00,6.087667842484999703e+00,2.251949028336358606e+04,2.432906955665263271e-01,3.180468213289848478e+01
1.760959203982999988e+00,7.913852288029999960e-01,4.418246408240000256e-01,1.363223484593717694e+04,3.333479363228948611e-02,6.629876572156031544e-01
8.765746517069999966e-01,9.915391162840000439e-01,5.624854081858999599e+00,5.767645564904608364e+03,1.468870357484019108e-03,2.803671076673658075e-04
6.276029063700000465e-01,1.489247336932999932e+00,4.128053521184999575e+00,3.832002231200611277e+03,4.548157168543028213e-04,1.102895521221563960e-03
2.318257324670000008e-01,2.035416464103000145e+00,2.173892630079999888e-01,1.190649167483886913e+03,1.567285780596045786e-01,6.759690490441418831e+01
2.739080098542999941e+00,9.773680892989999869e-01,3.507034505567999894e+00,2.334383271074589356e+04,2.689921994184568121e-01,2.783346380851878621e+02
1.994321749964999890e+00,2.249369232765999982e+00,2.940600575852999832e+00,1.587689685752009427e+04,1.203120137437371957e-02,2.164704240292776305e+00
1.336278283956999990e+00,2.776820571688999983e+00,6.090730795449999846e+00,9.704950664806281566e+03,4.809017409682052047e-01,4.538953837348397542e+02
2.536243464757999888e+00,1.607703088664999891e+00,1.642694712691000092e+00,2.127084415372302465e+04,4.024797644142726338e-01,7.434525973398896213e+02
2.463718320118000182e+00,1.401075298075999953e+00,2.481349532671000002e+00,2.053619857664659867e+04,4.425480931274688307e-03,8.290858373409212834e-02
1.922564175008999898e+00,4.953992126199999735e-01,4.054048744629999979e-01,1.518101712240010238e+04,5.280373706745410123e-03,1.938992119276069792e-01
8.552211608959999767e-01,2.880347704560000111e-01,3.546764302854000128e+00,5.595243132157652326e+03,9.583828595260600325e-03,1.456052073180147954e-01
1.515972372599999965e-02,2.236655912878999786e+00,2.104692674320000068e-01,6.766133855574690870e+01,1.473716568668411060e-02,8.706581641906248337e-02
8.321137643079999924e-01,7.150959635970000061e-01,4.930041808753999888e+00,5.409926232198641628e+03,4.155800355353075383e-03,1.232189208649538681e-01
2.424480876707999943e+00,1.142144181421000049e+00,4.762476295875000432e+00,2.014026036673468116e+04,2.975310309956645805e-01,4.894825436506230858e+02
2.610063864079000151e+00,1.810246656816000055e+00,9.280396819370000383e-01,2.202223471757694278e+04,3.168769771476890457e-02,2.889587447016523480e+00
2.771848628007000048e+00,1.581286497623000109e+00,2.739611676426000120e+00,2.368113846390697290e+04,5.108252048911244604e-03,8.595644720250099347e-02
6.282233501080000115e-01,2.535659794433000158e+00,1.547168438296999904e+00,3.836604568568344803e+03,3.601345880780209563e-01,7.484093602614264000e+02
1.055022641592000099e+00,1.329486927730000101e+00,5.886671497813000364e+00,7.248289971095649889e+03,7.610382988857467869e-03,1.831606851154841606e-02
2.452366593272000017e+00,2.761672782760000167e-01,1.720181966100000140e-02,2.042153905721602132e+04,1.079250240289023402e-02,6.860367745417630392e-01
2.506534125111000044e+00,6.991167522600000295e-02,1.947067808324000060e+00,2.096946823063272677e+04,5.240758851675825919e-02,1.920842426853617002e-01
1.314916552381000026e+00,1.194683640445999950e+00,5.453072936567999740e+00,9.513797912165100570e+03,8.778927924548364514e-02,7.872995868786887286e+00
9.279619412459999550e-01,1.922321773161999925e+00,5.416694548018000432e+00,6.186908691555042424e+03,4.240592096708616088e-02,5.169231423185480345e+00
7.006056013100000479e-01,1.916473760209999933e+00,2.019309038883999818e+00,4.381642653296430581e+03,5.971849864964874355e-01,9.438487452254296386e+02
