2.661487376310999853e+00,1.730949901812000036e+00,1.606213359085000070e+00,2.254774630463559515e+04,8.066145454028395001e-02,2.339256394587134835e+01
5.630375933450000314e-01,1.804531432199999896e+00,5.110989536576999726e+00,3.359906840253578139e+03,4.953449075103945158e-03,2.297099506424087056e-01
9.522272055270000202e-01,1.243930287178999894e+00,7.086891356729999591e-01,6.386960239370433555e+03,7.774246428793227248e-02,3.125371980810274408e+01
1.551986991921999959e+00,2.233673890287999786e+00,3.675937301632000054e+00,1.167142223819946958e+04,7.727444449284066874e-02,1.903981992199608797e+01
4.801848807399999863e-01,9.461003146490000182e-01,5.006227783526999708e+00,2.775197060313507791e+03,5.412942056024337527e-03,8.658536621227654051e-02
2.106916226395000091e+00,1.231797603336000080e+00,3.654996829384999923e+00,1.697819315181853017e+04,6.312850404528359827e-02,9.775945988701055001e+01
5.625713946979999935e-01,9.231310618879999819e-01,4.024007012256999971e+00,3.356548640776954016e+03,6.208638701554787531e-02,2.306671706783845011e+01
5.179450157310000469e-01,8.922610930480000535e-01,3.895715641074000146e+00,3.038601945849266031e+03,2.518285361989254425e-03,4.203540789521012337e-03
1.013476475010999911e+00,1.426966976489999928e+00,3.408100786754999945e+00,6.897554598486094619e+03,3.462291545961174860e-03,8.242839735234969156e-02
1.744437398979999942e+00,8.367914459799999372e-02,3.742349684196999871e+00,1.347541379695307660e+04,3.224720948318931992e-03,8.559894918040618361e-02
1.200132581796000020e+00,1.804475105906000021e+00,2.781104242975000140e+00,8.498933474462188315e+03,1.535172830173322789e-01,6.530326992300378208e+01
4.044389391780000009e-01,6.266849752080000391e-01,7.841988489119999794e-01,2.263415404516266335e+03,9.810559793279595431e-02,2.457527391307207054e+01
2.227532458964000206e+00,4.906992085710000229e-01,2.525643480709999888e+00,1.816990877149887092e+04,1.457856583121728417e-03,7.689016022801655435e-03
