2.600668174379999753e-01,8.641261822379999735e-01,3.787124204104999947e+00,1.356421690795501036e+03,5.880212687197872157e-01,5.854555967226860957e+02
7.079383134319999771e-01,2.954331471745000215e+00,5.710898327836000377e+00,4.437727695507629505e+03,6.598737045209440710e-02,2.518258702227572954e+01
1.136914875940999936e+00,2.739948063120000166e-01,1.712146564218999911e+00,7.949388543775095059e+03,5.033207534147688582e-04,3.419213010698072142e-03
1.458611164988000031e+00,1.034629049634999909e+00,5.093815701111999772e+00,1.081241009741270318e+04,6.820951896665725100e-02,3.935895218606758394e+00
5.895314699139999615e-01,1.186801645514000025e+00,8.491865764200000333e-02,3.551962655089573218e+03,1.281549199381949895e-02,9.919734012917659494e-02
1.721440355181999893e+00,2.177513307418999844e+00,4.061964801651999579e+00,1.325762314164420604e+04,4.208552624879693949e-02,4.037744594789315755e+01
1.872591391419999862e-01,1.658729241432999935e+00,1.510034790329999987e+00,9.375229089534126388e+02,3.493014736753058402e-02,1.621650684575740131e+00
2.512051829954999871e+00,1.378403887629999991e+00,3.169687275804999871e+00,2.102539544485660372e+04,2.948308723986588914e-02,1.347303063352991881e+00
2.107765760412999789e+00,1.163855204629999918e+00,1.676746168323000052e+00,1.698654447661510494e+04,1.575024926344523396e-03,7.935009172278816025e-02
1.165384480379999976e+00,1.923640518015000023e+00,5.820904166710000105e+00,8.196006352338034048e+03,3.154015472624160932e-02,4.271230771248167635e+00
1.861267695918999987e+00,2.274187143339000183e+00,6.906707998840000418e-01,1.459047612885588023e+04,3.600193932666989009e-03,1.253531602704511805e-01
3.845973062599999936e-01,1.885434109264999991e+00,6.144013333580000236e+00,2.133227011438427326e+03,2.798775480340209287e-01,9.263749842885479779e+01
1.964418029054000092e+00,1.923234671664999951e+00,3.762560864975000197e+00,1.558631737275404521e+04,5.068326279595611883e-01,4.052428919467669175e+02
2.292751912859999908e-01,3.762578825189999976e-01,2.824399863431000135e+00,1.175879331323785436e+03,5.838829313270325894e-02,3.962538349129195581e+01
5.584518295339999661e-01,1.331385816550000101e+00,5.294232812265000199e+00,3.326906338339216290e+03,3.727112581816848652e-02,4.489127694991100093e+00
1.296897908193000104e+00,8.112957334449999447e-01,1.607647424617999921e+00,9.353101015271335200e+03,2.080073090622049786e-02,6.917774639745980503e-01
