1.203953171090000052e-01,3.999972424029999973e-01,4.735462601669000016e+00,5.783572613896456005e+02,2.484765922626264341e-03,1.607851184068493505e-02
2.387956770555999864e+00,1.067432683707999930e+00,1.625269032902000088e+00,1.977268530171567545e+04,3.320106911724339874e-03,1.967337585100491920e-02
1.335431239253999980e+00,1.914377291659000058e+00,3.828285483425999836e+00,9.697357903326141241e+03,2.533835310200447388e-01,4.552756649740842931e+02
8.373471989190000020e-01,8.224885880090000434e-01,5.300342901128000328e+00,5.451782243493036731e+03,2.289775371369885768e-03,3.765018483026384699e-02
2.779859071140000193e+00,1.106824363856999893e+00,3.601823129995000095e+00,2.376369281279587449e+04,1.393898709893325594e-01,7.938653936236190134e+01
9.444117498899999852e-01,1.180677698091000094e+00,2.117661462053999966e+00,6.322385116778019437e+03,4.642571774357935332e-01,8.002376428708088270e+02
1.093500269631999977e+00,1.725002853467999975e+00,2.087020686339999820e+00,7.576136489841354887e+03,5.827317685000291680e-01,4.262169111852904280e+02
1.499860918570999901e+00,1.813086812574000062e+00,5.177244957931000258e+00,1.119049108595173493e+04,2.401011880268110344e-03,1.588838930299645361e-02
1.603445158196000087e+00,1.624340164956000088e+00,3.338434201261999856e+00,1.214952208641154357e+04,5.426404376558684184e-02,7.710716749304033613e+00
2.941148969044999895e+00,2.038456018670999903e+00,3.252322915720000207e+00,2.543387663528140547e+04,1.209203295468695982e-01,1.672603821204797114e+01
2.931768823889000064e+00,1.597564482137000086e+00,5.223839256380999885e+00,2.533633837362533450e+04,5.757105645149249717e-01,8.038741451742615709e+02
1.519173512275999949e+00,2.197504239996999953e+00,5.672596314199999934e-02,1.136827008071319688e+04,3.589907542216679293e-01,4.894085157964146227e+00
