7.217073583290000149e-01,8.050279414580000514e-01,8.465629705689999840e-01,4.543458159309337134e+03,1.330210272111199965e-02,6.628434885595960724e-01
1.876011239059999891e+00,1.240731408740000097e+00,1.426353048786999977e+00,1.473218195831657977e+04,2.964720600100814174e-01,1.283517398514985359e+02
2.578516428733999888e+00,2.458794718326000162e+00,4.045950294836999639e+00,2.170068618135193174e+04,5.261799180237392015e-03,6.677250783745218923e-03
1.295203405974000077e+00,1.321556500930999967e+00,1.301489933559000001e+00,9.338014587171377570e+03,1.393424684872540155e-02,1.576405544483993504e+00
1.592963351407000072e+00,2.646033710790999915e+00,5.970069069290000474e-01,1.205187330269138511e+04,3.617520450244572465e-03,1.296782881133623846e-02
2.497711669499000031e+00,2.488621789239000126e+00,2.114855729079999913e-01,2.088008732810180663e+04,6.419152701297418939e-02,3.088211353824847016e+00
9.656609663459999604e-01,2.141806557495999908e+00,2.843261409549999730e-01,6.498266952202637185e+03,4.958368643838292900e-03,1.155291452106828841e-02
4.899246125139999908e-01,1.899770287111999911e+00,1.965295350826999909e+00,2.842630612932106942e+03,1.297494285603507155e-03,2.232371538931868585e-02
4.997935598809999935e-01,1.189305343802000037e+00,5.419370754597999884e+00,2.911321939614656458e+03,6.374457472350461562e-02,9.681685790256711499e+00
1.303241461809000024e+00,1.628563416680999909e+00,3.152322974771999853e+00,9.409618170655312497e+03,2.507513263470860787e-01,2.617490275524165710e+01
1.681007248743999982e+00,1.587606352606000026e+00,3.913816134170000072e-01,1.287612142737806062e+04,7.211003891529227730e-03,1.768992491730425609e+00
1.524467539215000000e+00,1.444719241117000008e+00,4.376571774679999804e-01,1.141708724965125657e+04,6.072761257813443642e-02,1.500459826741908476e+00
2.239834847381999783e+00,2.624543564476999880e+00,5.626642961665999643e+00,1.829212101556595371e+04,5.024531096687540749e-02,1.489972868665807049e+01
