2.314831507579000025e+00,1.888614292983000098e+00,1.365472807650000009e-01,1.903968589145631631e+04,2.586371686264764811e-04,2.344828620966482417e-03
2.722580497937999944e+00,2.825154965557000075e+00,3.330707335065000052e+00,2.317423904303241216e+04,1.231224236646126860e-02,5.359027443048445249e-01
2.541372846737000035e+00,8.592797010039999739e-01,2.232571223573999841e+00,2.132293756960247629e+04,4.465195512099365965e-02,7.866052140896129252e-01
2.360977584656999806e+00,2.200976763180999995e+00,3.319007671453999997e+00,1.950178942071841811e+04,5.302642039352264275e-02,2.330658992938052343e+00
2.637399908306000018e+00,1.384589255017000031e+00,4.914220757219999736e-01,2.230137936705333777e+04,3.739415644677576006e-02,2.309358470545125996e+00
2.710459500594000204e+00,2.798828460799999807e+00,2.135131137122999956e+00,2.304975769931250034e+04,2.442127584893911615e-03,4.872757517408685818e-02
2.051621243390000071e+00,2.414540678094000192e+00,1.837600988708999905e+00,1.643595274373511347e+04,2.460082967957598235e-04,1.956614662552733184e-04
1.773650952421000015e+00,1.557475839686000008e+00,5.562478904119999790e+00,1.375290007069004241e+04,1.941719866640982325e-02,1.026605534506850503e+01
2.602485276563999861e+00,2.836989620834999837e+00,1.565219207109999955e+00,2.194493053084123312e+04,1.124003794871335782e-01,6.057372760671317913e+00
2.366923967129999973e+00,2.219735453231999944e+00,4.396358375224999726e+00,1.956145084778023011e+04,5.775738827159595037e-03,2.453943557383969076e-01
4.136229464789999977e-01,2.784129781062000042e+00,1.497274336865000111e+00,2.324234699596632254e+03,7.703272262435237328e-02,1.386303824866153889e+01
2.184550564174999820e+00,2.365383536862999847e+00,8.452299966670000497e-01,1.774387277109513525e+04,2.180175377749443179e-03,4.096952581140406169e-02
2.869171622401000210e+00,2.934956485813000171e+00,5.293977094448999665e+00,2.468669365664537327e+04,5.374783526697820939e-03,4.299352073191435759e-03
2.511755860659999895e-01,1.692563542078999950e+00,5.857686254547999738e+00,1.303793330765245628e+03,2.098279817774164561e-03,8.044880295604605810e-03
