1.263257688321999916e+00,9.995025072680000511e-01,1.847388090410000128e-01,9.054438657044629508e+03,7.672258553973748674e-02,6.862948806620892128e-01
1.942450343431000093e+00,2.265349716369000177e+00,4.265446569169999869e+00,1.537338282136232556e+04,1.056314565716593226e-02,7.544723107713482979e-02
2.930375788216999844e+00,1.943486327255999901e+00,1.685564463096999921e+00,2.532185724083269815e+04,1.042987185189768679e-03,1.478241830657326117e-01
5.719516556499999738e-02,2.450644866246999953e+00,6.227852127195999898e+00,2.632394677443807609e+02,2.865518312923110225e-02,2.015261805251049587e+00
2.132523381378999883e+00,2.111249044015000020e+00,1.611234303075999907e+00,1.723019202293849230e+04,1.914926418987767829e-03,3.431740124108083149e-03
2.153221970104000071e+00,3.047045516149000211e+00,2.073853553676999972e+00,1.743428789513802258e+04,2.655767034980396034e-03,1.229859107650503776e-02
1.837714674581000018e+00,1.443592496106999912e+00,1.561810727394000065e+00,1.436454914846303654e+04,4.634413758363890579e-01,6.024398899125205844e+02
2.991081495117999811e+00,1.721093200702999981e+00,4.578500342267999734e+00,2.595391016208741348e+04,2.347806078925241194e-02,1.315158736319137711e+00
2.587323198971999805e+00,1.481555783387999981e+00,4.253003463014000118e+00,2.179038420529747964e+04,1.430974505151248570e-02,2.764239686635608262e+00
2.914161735099999873e-01,8.766893584930000038e-01,3.215140033921000118e+00,1.545113699936073772e+03,1.384124662735557350e-02,2.379807747103785398e-01
2.938989273534999835e+00,1.832439729205000090e+00,4.841612790176999859e+00,2.541141498128801322e+04,4.798431453187054427e-03,4.695329594912804605e-03
1.909252804619000043e+00,2.281555307974000080e+00,6.665622427420000440e-01,1.505246262724521330e+04,7.370902051827249446e-02,7.015644592295688931e-01
1.522063659427000060e+00,4.950072441330000128e-01,2.544692701854000205e+00,1.139491619900277328e+04,8.717112301579905964e-03,5.359509588886278708e-01
2.534607874315999876e+00,2.906304250727000049e+00,5.214869180332000198e+00,2.125423699478766866e+04,6.822550765612955814e-02,2.310345412064633397e+00
1.622948643481000097e+00,1.411298932278999940e+00,4.291340867384000113e+00,1.233156718462192293e+04,8.876550568454473489e-02,5.170481276440110463e+00
1.728944512258999922e+00,2.287249943509999994e+00,1.377386884884000073e+00,1.332862693059912453e+04,6.330490575806332551e-03,3.210366307425361887e-01
2.814037171372000046e+00,1.776061213696999985e+00,4.724069741809999723e-01,2.411635509875260323e+04,1.398510761842701455e-01,1.426765846861583213e+02
1.566842175489999933e+00,1.302330436109999934e-01,5.391219990209999757e+00,1.180910850896047668e+04,5.169649102057732870e-01,2.676549741105212661e+02
7.283271305499999793e-02,1.356424673221999999e+00,6.089501903707000174e+00,3.389042202806763839e+02,1.466541872743895407e-04,1.016834895030211338e-05
2.624923780759000014e+00,1.110954474668000014e+00,1.452725886103999997e+00,2.217391864951267416e+04,1.448928205816839418e-03,4.345099163136687155e-03
1.932566025305000101e+00,1.817024834484000095e+00,4.872971655518999690e+00,1.527772148698499041e+04,5.733834480029393471e-02,8.867148551204924456e-02
9.376832453160000025e-01,9.620430454689999911e-01,5.853403057162999801e+00,6.266898398290426485e+03,4.376317856086501812e-01,7.506990369398353380e+01
2.463230389964000011e+00,1.402996138922999902e+00,4.223403410806000124e+00,2.053126832799156909e+04,2.331516486515042286e-02,2.345324549669273395e+00
4.995295969549999882e-01,1.241350899705000010e+00,3.513949436519999914e+00,2.909479945896920071e+03,3.343670831120774123e-01,4.098894405491891746e+01
6.716330037209999881e-01,1.092172544457999939e+00,3.878543285921999928e+00,4.161580492938493080e+03,3.113410246901910927e-01,2.009057163632685388e+02
2.133005242194999873e+00,1.993790883773000067e+00,4.433739242245000156e+00,1.723493928746189704e+04,5.273259325245303192e-02,2.989160010967088610e+00
2.423239679467999785e+00,1.181889511265000081e+00,1.972861819550000007e-01,2.012775340442197921e+04,4.285337824286766240e-01,3.207583218671048257e+02
2.965755094668999892e+00,9.769820150679999760e-01,2.121514245284000122e+00,2.568997172227563715e+04,1.813318919316442290e-01,1.620351052488210897e+01
2.903702486443000108e+00,3.576572474420000036e-01,4.860916497873000175e+00,2.504478752677746161e+04,2.933761408363667611e-01,1.708956753181431054e+02
2.769215645771999856e+00,2.408074800446000197e+00,3.733396340101000188e+00,2.365401174956368050e+04,1.112863028645181135e-01,2.452972202267629598e+01
1.842064594835999936e+00,1.865690096502000017e+00,5.432990177287999600e+00,1.440623275985774671e+04,6.892744991341035431e-03,8.179801918940403649e-01
5.813335489850000037e-01,2.645317377859999763e-01,2.316030194109000018e+00,3.492283119048860044e+03,1.113434183646964601e-02,8.656051796423964995e-02
1.129910642455000058e+00,2.875420872808999828e+00,2.308263360992000024e+00,7.888936771440527991e+03,9.553595440349775536e-02,8.174048476036681166e+00
2.124862156239999855e+00,6.021743266090000546e-01,4.930652313701999745e+00,1.715474025786975108e+04,2.246973637036967300e-02,5.361251826506236107e+00
4.570850667349999896e-01,8.617802122440000323e-01,4.965654138782999993e+00,2.616713472042676585e+03,7.955055093122334053e-01,6.253451405673160934e+02
1.697495927092999901e+00,2.434305157962000088e+00,3.856086343273999795e+00,1.303147804279703996e+04,2.116431523826053651e-01,1.509813732070849035e+01
2.068636005664000077e+00,2.395069166343999800e+00,5.716938133716999992e+00,1.660252251568688371e+04,9.087449638001126040e-01,4.980579728409769018e+02
2.759195133516000098e+00,6.257720201069999488e-01,5.462099502422000263e+00,2.355081188229038889e+04,7.445192922295664102e-03,3.093419860187845982e-02
8.155224164299999801e-02,1.721340708487000049e+00,4.611474723099999729e+00,3.817629018400488121e+02,1.753695813993550179e-01,6.020651193262763767e-01
6.186930237179999459e-01,2.925476088028000188e+00,1.940567887917999945e+00,3.766045208699631985e+03,1.636195494459226074e-01,1.785021164306108332e+01
2.192233669799000140e+00,1.569358913227999919e+00,9.595652849529999751e-01,1.781991850936943956e+04,8.396043785655242855e-03,2.400033823602386596e-01
2.215741426810000192e+00,1.985015372579000070e+00,1.702776823408000073e+00,1.805288892177935850e+04,6.558614302755248759e-02,7.465008494497625158e+00
2.402401390505000123e+00,1.083316991051999967e+00,4.929404262857000063e+00,1.991793998919498699e+04,3.090340943414026098e-01,5.080852283980630801e+01
2.940759094820000197e-01,4.155265166850000136e-01,1.492466555020000030e-01,1.561343211224664401e+03,7.236398992966174676e-05,2.061982086598827411e-04
8.396334227489999913e-01,2.087921074986000214e+00,1.752774331164000055e+00,5.470088309218682298e+03,5.151065308020242456e-02,6.219020340636681077e+00
1.341811910369999916e+00,9.835416719130000152e-01,4.564317437006000233e+00,9.754579515118935888e+03,2.017498098380263519e-03,3.882055605252564962e-02
2.215253689274999882e+00,1.547361538967999994e+00,5.161324545769999661e-01,1.804805076515343535e+04,4.061341229640692552e-01,5.243145778591177759e+02
