1.034361803776000066e+00,1.991014670205000003e+00,8.364851560429999999e-01,7.073438628313044319e+03,7.341572690230347975e-01,6.230857832760548263e+02
7.429868425890000516e-01,2.812691904758000128e+00,4.220604548604000250e+00,4.707911424687623366e+03,6.193743968958043827e-02,1.995643924653433432e+00
1.552837203150000123e-01,2.315573644399000042e+00,1.280295553084999982e+00,7.625832365033635369e+02,2.894565429807758813e-03,1.043757004552608829e-02
1.019225270126000060e+00,1.845269703425999941e+00,4.906143581282999655e+00,6.945879549780637717e+03,5.124801133754562643e-02,1.723558733599059867e+00
1.029047804675000011e+00,2.394041091840000135e+00,4.133008201693000316e+00,7.028603798820008706e+03,6.984686815695630990e-01,9.425163661855383452e+02
7.339726195899999583e-02,2.030321298351999815e+00,4.158238399643000349e+00,3.416647321941038058e+02,3.115480535648211232e-04,8.054785636641202771e-05
1.991523276186000002e+00,1.338742676399000020e+00,5.082753732332999874e+00,1.584966876265853716e+04,2.273245941982590945e-01,3.972150335714987790e+01
1.794537405240999917e+00,8.007564418470000112e-01,2.164056800006000092e+00,1.395184585068606975e+04,1.769448837460067259e-01,1.776963712795774697e+01
2.899077221190000109e-01,6.600610519759999573e-01,3.491602001572999825e+00,1.535924381367017304e+03,4.474369376742108884e-01,5.716655546907068697e+01
2.830544339734000214e+00,2.402383191303000043e+00,1.421520506323999955e+00,2.428692842810169532e+04,3.520838852004018645e-03,5.678209582000860733e-02
1.497030500476000059e+00,1.777543683263999919e+00,1.232000885620000014e-01,1.116447676545971808e+04,1.758021651645302408e-03,3.830752302264001097e-02
1.785278679824999992e+00,2.116903772950999851e+00,1.734883479787000082e+00,1.386359892758669230e+04,1.038279886226085719e-01,1.400705623229962526e+01
4.817114047559999945e-01,2.817618560236000214e+00,3.333984785085000180e+00,2.785742325126216201e+03,1.156636438218948404e-02,3.481419504507929363e-01
1.561344324468000089e+00,1.187563752880999912e+00,2.560445211692000012e+00,1.175811937364529695e+04,8.179072901497984605e-01,1.953594239099394869e+01
2.868864011274999903e+00,1.855455891220999964e+00,5.344961852908999944e+00,2.468350670323654776e+04,6.390125606043425832e-02,1.100145795867004672e+01
2.271390095395000142e+00,1.038503672515000087e+00,1.450774601500999905e+00,1.860613426549061842e+04,1.992685989640415392e-02,6.421011528181659600e-02
1.409158501702000077e+00,1.550808876125999936e+00,1.953995197835000086e+00,1.036217381171178931e+04,9.886694471382130936e-03,3.830743062417056310e-01
2.849936207625999973e+00,2.030854375165000114e+00,2.090403837029999878e-01,2.448751291106614372e+04,2.024367679606469961e-01,6.244123449647904067e+01
2.601363322979999837e-01,1.001205460690999915e+00,2.622029487627000055e+00,1.356834724480787827e+03,1.423450796491850245e-01,2.262616133038225286e+01
2.254237702658000053e+00,1.566049173818000018e+00,9.857614630509999865e-01,1.843535064469612189e+04,2.421617353156591546e-01,6.350485290988599019e+01
2.671287085413999840e+00,5.079113875040000003e-01,3.781977771193000049e+00,2.264808282628398229e+04,9.522938063358861449e-03,3.346496940137831189e+01
2.945073656816000085e+00,7.946705552280000084e-01,2.270405617975999935e+00,2.547470149934658548e+04,7.550647327634397998e-02,2.858723387827040163e+00
1.580497546084999927e+00,2.340648473009999897e+00,4.442074492122999985e+00,1.193591467895000096e+04,4.091776414679400287e-02,4.358888431299769550e+00
1.622089695509000062e+00,2.015076322419000032e+00,5.409423337692000011e+00,1.232354026680486822e+04,5.067053811924205481e-02,3.625807422419453641e+00
2.720407144250999831e+00,1.654416815725000101e+00,5.122274346316999960e+00,2.315191229682720950e+04,7.228731371010596336e-04,5.719323038395687786e-03
1.078331883456000062e+00,6.968395887480000050e-01,4.838188007254999867e+00,7.446556366735680058e+03,2.082926620098139638e-03,2.303981527318267608e-02
2.625521864836999786e+00,6.035494243939999448e-01,3.990415125464000123e+00,2.218002662119919478e+04,1.815118697933033876e-01,3.083865198475618286e+02
2.003305982988000000e+00,2.867039780948999805e+00,4.464289491278999655e+00,1.596435829825506516e+04,5.121405238763196595e-03,3.365624501109070604e-02
1.848065358763000043e+00,1.343315165146000023e+00,1.462107352167999919e+00,1.446376709875377128e+04,3.961579592718408871e-01,5.196896246381356832e+02
1.562684834598000005e+00,7.828568287089999744e-01,2.321089393767000075e+00,1.177054831861946150e+04,4.946141731217511550e-01,8.778070844467912366e+02
2.628108924336999941e+00,2.223931228605999788e+00,5.761626035367999776e+00,2.220644977451789237e+04,1.909608030511789345e-01,4.207289645397450428e+00
7.353216403529999612e-01,2.097314399796999851e+00,1.369740002421999892e+00,4.648527278454475891e+03,1.025616710916056780e-02,2.319730667101103094e-01
1.415510758096000021e+00,6.775115607180000055e-01,3.576790377996000192e+00,1.041981791178574531e+04,1.955545177696613457e-01,8.790533678471053491e+00
2.307309350441999918e+00,1.228046913970000098e+00,4.749573265529999921e-01,1.896451076863370690e+04,1.627687499829114093e-01,2.937882390672540112e+01
5.589325124180000159e-01,1.760479311586000017e+00,4.003169503458999579e+00,3.330362080610945668e+03,3.767681098729447342e-02,7.754971215785698702e-01
2.081462544497000078e+00,9.129579434629999657e-01,3.553811885558999961e+00,1.672825760684273337e+04,2.244004266748227117e-02,3.536547965577822028e-01
2.135445256119999913e-01,3.647232267919999771e-01,2.463761219764999844e+00,1.085537647032260338e+03,1.475605473833012599e-03,8.321793254442683141e-03
1.447286571628999985e+00,2.803929973499000194e+00,1.264812126769999934e-01,1.070901067932364822e+04,1.717858479581699932e-02,1.044589753897603446e+00
6.354913301150000304e-01,2.314926967040999983e+00,4.132319320241999883e+00,3.890607533041013539e+03,1.307834352968617261e-02,3.937927973663635922e-02
1.716902953001000043e+00,9.877760828230000012e-01,1.805700483574999904e+00,1.321472056615824476e+04,4.690491886724521553e-01,2.631462693259164212e+02
2.745460578093000148e+00,5.873793044470000391e-01,1.111299755552999979e+00,2.340945988299434248e+04,1.286298148800106012e-01,8.241318845926629422e+01
2.889126993024000001e+00,1.607494807769999978e+00,5.959097872787999961e+00,2.489355334533554560e+04,2.647226374803732241e-01,5.389918710317694917e+01
