2.672076697033999970e+00,1.535204375603000049e+00,2.309777783724999978e+00,2.265617007035540519e+04,1.782328286786015181e-01,6.962116620259565991e+01
1.264027265319999926e-01,5.385279858079999871e-01,4.299765831639000169e+00,6.095722730376932077e+02,4.467428833245961489e-02,2.629165177391315500e-01
6.153487007819999910e-01,8.584686112499999577e-01,3.991262886151000000e+00,3.741353673627464104e+03,2.188222673589168901e-02,7.980307067884032657e-01
2.275095681547000037e+00,1.063376246455999929e+00,7.559624926369999942e-01,1.864306014192340444e+04,1.264238523888346066e-01,5.472761057376339977e+01
1.698781439708000107e+00,1.076908628306000093e+00,2.569355363321999874e+00,1.304360298679134212e+04,3.588284590660480167e-02,1.417619775950210437e-01
1.284871152253999949e+00,1.361820954918999904e+00,2.078379300587000156e+00,9.246121576755675051e+03,1.852112041919937169e-01,2.728229076399185971e+01
2.010612632298999891e+00,2.665470728103000120e+00,3.735558658513999930e+00,1.603554249889910170e+04,3.390112226839757728e-03,3.846862632906639361e-03
2.464773906302000217e+00,2.214494437697999807e+00,1.438949764455000002e+00,2.054686522464483642e+04,7.960317272908823405e-02,5.327869496442148467e+00
6.370868034879999531e-01,2.918293113224000201e+00,4.693300071052999733e+00,3.902484530121184889e+03,9.682939628575299882e-04,1.016255513272296997e-02
1.323264871572999990e+00,1.384698041610999963e+00,3.870198969855000115e+00,9.588419661757465292e+03,1.869177520367205914e-02,1.294100411147851015e-01
1.109450080133999927e+00,7.185332909420000247e-01,5.344727716001999696e+00,7.712859019490144419e+03,1.495246192534055996e-01,1.456119948793285062e+02
1.719723840616999899e+00,2.363640008585000007e+00,5.269327000851999898e+00,1.324139028838840204e+04,1.010183183954357390e-02,3.178364151131900517e-01
2.580602354214999838e+00,4.208212662379999802e-01,4.018925357500000017e-01,2.172192698905284487e+04,4.022555406285570068e-01,2.754438676951393745e+02
2.495048523742999791e+00,2.439183218928000052e+00,4.045209635801000125e+00,2.085311727157833229e+04,1.072875273481424703e-02,1.567939974078159382e-01
2.954848626688999946e+00,2.107599204127999837e+00,2.661965716057999920e+00,2.557641842620405441e+04,8.838236371869880124e-04,1.971592887534125149e-02
7.714140284999999597e-01,2.670691193152999965e+00,4.044023299407999872e+00,4.929546763284150074e+03,3.947783795618221153e-02,2.601528566206133775e+01
2.868770221965000200e+00,1.296644313337000032e+00,5.232160780826999869e+00,2.468253502562086578e+04,3.366903054307445742e-01,4.248324134644127525e+01
1.415078251378000029e+00,2.178825252479999808e+00,2.750018824864000067e+00,1.041589130000402838e+04,1.383430243966548567e-01,6.437641008924920527e+01
7.480360306940000426e-01,1.220594681849000107e+00,2.721885330231999855e+00,4.747117283984155620e+03,1.552949983094858294e-02,2.089038423459850524e-01
2.846911238630000174e+00,2.083922830631999901e+00,2.711654747202000060e+00,2.445620906578462746e+04,2.429075615020746468e-02,3.677021072780078947e-01
1.779614080843999968e+00,2.076833744877999877e+00,1.537834195005000071e+00,1.380965273532557148e+04,1.410665031146896876e-02,7.942984722230043981e-02
4.828199250260000186e-01,1.114113795923999950e+00,2.713883495705999849e+00,2.793405549263706234e+03,6.794086990090777434e-01,3.432522124021821242e+02
2.132759979932000061e+00,8.585006801900000317e-01,5.407406112560000366e-01,1.723252295370913271e+04,2.960473443445556675e-03,2.038405470198283859e-02
1.659191575251999895e+00,1.076564431411999978e+00,8.326676676969999580e-01,1.267104729428998144e+04,5.493160555659870950e-03,2.810654199395621777e+00
1.941058920469000082e+00,1.013953115715999997e+00,1.007121538560000085e+00,1.535991091338095430e+04,2.043265390402138754e-02,8.158978496620675758e-01
2.075411008405999791e+00,2.616849446672000035e+00,3.211967109069000070e+00,1.666891824955013726e+04,3.851224590662276070e-01,1.382087449292293968e+02
2.038770696469000221e+00,1.510405955513999920e+00,4.125789566319999935e+00,1.631031825987190314e+04,5.737317513407344874e-03,2.663548031155981571e-02
2.506176096153999833e+00,2.765149717428000198e+00,7.647032659870000026e-01,2.096583998079730009e+04,3.182130022769966149e-02,1.609380347122761012e+00
2.039790807011999885e+00,1.130222651586999971e+00,4.745486634995000230e+00,1.632028611963752519e+04,7.739001476913617839e-02,1.032679996396221256e+01
2.443188007159999842e+00,1.554435626709000040e+00,6.255967160824999596e+00,2.032889560561674443e+04,4.534079120326051961e-03,1.895700914684339197e-02
1.053152743575999972e+00,1.677857522015999914e+00,4.484097999277000035e+00,7.232430505292038106e+03,1.540392502094817088e-02,1.442052816385007263e+00
2.097298087247999820e+00,1.762377488794999891e+00,2.457456686196000106e+00,1.688368516824152539e+04,3.519602361498547216e-02,5.854279097103131768e+00
2.331737470374000143e+00,2.667840362286999945e+00,1.244171699470999926e+00,1.920879665542528528e+04,2.128170230051403249e-03,3.498049270379927078e-02
2.615162491841999781e+00,1.955542023343000091e+00,3.947303818910000039e+00,2.207426337618991238e+04,1.569836113545295397e-01,2.256665290184761261e+02
2.145699624180999798e+00,1.588911298535000016e+00,1.363302292815000039e+00,1.736007348517612627e+04,2.374792954426684522e-03,4.194669696262302849e-02
3.124217738689999968e-01,1.816131645845000087e+00,2.960438573925999961e+00,1.674207577438467069e+03,1.493676403961711075e-03,6.010800179521957366e-03
9.804937364900000174e-02,1.565852003527999914e+00,2.433829991856999886e+00,4.641383796394528076e+02,5.640258057757308692e-04,7.062292669243681919e-04
7.721474364389999678e-01,2.477699328809999990e+00,2.845811566905000145e+00,4.935293681921579264e+03,3.237524933861942508e-03,1.729847491716560159e-02
2.798775266163000097e+00,1.884057405986000022e+00,6.520736283629999797e-01,2.395879172728133199e+04,2.720472436019749085e-01,1.356617359969078223e+02
2.221511637118000149e+00,1.091722766900999897e+00,4.436324911299999840e+00,1.811014143768192662e+04,4.723880020221272319e-03,8.100495164812840376e-02
1.285846204554000005e+00,1.023456338933999898e+00,5.359389883819999589e+00,9.254786372846376253e+03,8.024702175198834553e-01,2.314977619034314671e+02
1.776092377529999988e-01,2.461223263453999888e+00,2.976020094583000208e+00,8.841273860778273956e+02,2.917900731684294063e-03,6.664359385604778918e-02
