1.057196853106999956e+00,1.978978296776999990e+00,4.302377471980999957e+00,7.266739060415437052e+03,2.367926141277559016e-01,2.591467072026841834e+02
2.377065775673000037e+00,2.307742486545000027e+00,1.333358891465000085e+00,1.966326572946591114e+04,1.409293833019090517e-02,2.365009887308960335e-01
1.643808977755000011e+00,1.405097318331000045e+00,5.814918857672999764e+00,1.252677468147502805e+04,8.307000609237030764e-02,2.224116337413833477e+01
2.438306237220000117e-01,2.866526280815000050e+00,5.873058070133000186e+00,1.260619406065083922e+03,7.887549952054754288e-01,4.862307459885854541e+02
2.857576542629999827e-01,1.793137013591999951e+00,5.965648983448000209e+00,1.510699370181268705e+03,6.321710261153644372e-02,1.020014569346620092e+01
2.664066173694000117e+00,2.072991358644999949e+00,1.450154907763999912e+00,2.257414403985045283e+04,9.033046101225123206e-03,9.635881019649192858e-01
1.187534518639000058e+00,1.923457963755000000e+00,7.583966039780000168e-01,8.388865849296395027e+03,7.394247207406333920e-03,5.903740147598832838e-02
5.098243186799999993e-02,1.971038274964000081e+00,2.811604340663000023e+00,2.336100237800154957e+02,1.696230688561797470e-02,1.726196187410907967e+00
1.255578937155999997e+00,1.780969420444000084e+00,2.692575597748999794e+00,8.986517277796085182e+03,3.299674381962536523e-03,7.161209941790275084e-03
8.252041266999999847e-01,2.316700259971999909e+00,1.164890047942999995e+00,5.354768712926708758e+03,2.838492097261433251e-04,5.855297628097526439e-04
3.235733892120000177e-01,1.743496196084000083e+00,3.397207019194000033e+00,1.743586897856135238e+03,2.658338921053533463e-02,5.882903357114629417e-01
8.738033500520000496e-01,2.596355862855999952e+00,5.032756733609999866e-01,5.745209315010853061e+03,6.018729542354631784e-02,1.371915109246503617e+00
1.427314871619000058e+00,6.318073218759999721e-01,5.747021223443000260e+00,1.052708486103813993e+04,7.598159302277417669e-03,1.158356106803796193e-01
1.842520891628999902e+00,1.466544784944999957e+00,1.984468931762999988e+00,1.441060638391856082e+04,1.029413820102098032e-01,2.169490178176401969e+02
2.889090524190000009e-01,1.344792504838000058e+00,4.018596027725999775e+00,1.529846638202766826e+03,1.178758090124512464e-01,5.006608125450066638e+01
2.600698668192999996e+00,7.131411464779999765e-01,2.076303330175000017e+00,2.192671193967046565e+04,1.813604237203154945e-02,1.073836779276838627e+00
1.104547133440000051e-01,1.367392866482000091e+00,5.333506869309999843e+00,5.271762844849461089e+02,1.327281159966780220e-02,2.798635830764448773e-01
1.438497636871999941e+00,1.520932241401000029e+00,2.941373705824000151e+00,1.062888329665941819e+04,1.875215928864863886e-03,2.390786743112976731e-01
2.923628624995000092e+00,2.164449568126999957e+00,3.163356507769999881e-01,2.525173324074233096e+04,1.917319972062328168e-02,4.845296030568583490e+00
2.510910346086999922e+00,1.664919730268999976e+00,1.043541403999999947e-03,2.101382371569927636e+04,6.872707016346872588e-02,1.990645558565188367e+01
2.010971955136999778e+00,2.573976784215000091e+00,6.195739676881999891e+00,1.603904440663010973e+04,1.251236389767427237e-01,8.079905733802885948e+01
1.092959146187999941e+00,2.230505149929999931e+00,1.804860971954999949e+00,7.571506307082589956e+03,4.095099023869464699e-02,5.028010232241588717e+00
2.506313196583000114e+00,1.514663730389000040e+00,1.290277042270999930e+00,2.096722934024662754e+04,2.117836186936327206e-02,1.927651928461367792e+00
1.564050327776000060e+00,1.344707912835999997e+00,1.410809647380000031e+00,1.178321119023628125e+04,7.862815437730015858e-03,2.016786593694614160e-01
2.620086354690999819e+00,2.576994683250000140e-01,1.674120002338000068e+00,2.212452457485564082e+04,1.215835376396760259e-01,1.129505490243654187e+01
2.016588948268000170e+00,1.987513722624000057e+00,2.138327607108999828e+00,1.609380193854123900e+04,1.887368259495358358e-01,5.526301212367172866e+01
2.174202695084999970e+00,1.287834545738000047e+00,5.413291710923999744e+00,1.764152761734939122e+04,6.484813768744394913e-02,1.780048203636328807e+01
2.229873171858999914e+00,1.362192060746999944e+00,2.209216815240000020e+00,1.819315225935845228e+04,1.103917980419680395e-01,6.964416705926447548e+01
2.847564556130000035e+00,1.359721314633000055e+00,3.803334648808999852e+00,2.446296946410835517e+04,5.620006332554722261e-02,9.097032412937522849e+00
5.559558656400000187e-02,2.175483444241999909e+00,1.868355068694999899e+00,2.555872119170193457e+02,8.724322778133553264e-05,5.397087221370916915e-05
2.544866841681999947e+00,2.417698909923000183e+00,2.514781728432000207e+00,2.135843226791034613e+04,4.940959064362948627e-01,1.105330692313965386e+02
1.731262869100000032e-02,6.584971619130000065e-01,4.392300905163000202e+00,7.739552587370090464e+01,5.168577618948379943e-02,2.448023880390374440e+00
2.579942108897999908e+00,1.975939356267000013e+00,2.524456657883999977e+00,2.171520345625844493e+04,6.229839138267691950e-02,8.018287402460975599e+00
2.946785904876000117e+00,1.077103051011000012e+00,3.563416384058999853e+00,2.549251509056698706e+04,3.510523160127228537e-01,2.404150481021889050e+02
8.040167129159999648e-01,8.518139031079999812e-01,4.636785428568000356e+00,5.186386542701848157e+03,1.011089425615741390e-03,2.376308317705977998e-03
7.266594883579999831e-01,2.135462495817999962e+00,3.181609284347000077e+00,4.581616350875682656e+03,6.761954441922099317e-03,2.912092474574556195e-02
1.664512804299999871e-01,1.619717005559000000e+00,3.088585629006999955e+00,8.230313551961464782e+02,5.803616147035007417e-02,6.076166051516035083e+01
2.793502497386000094e+00,2.343811372415999905e+00,5.068374461600000380e-01,2.390438780474309897e+04,1.773515159120479523e-01,9.468991315263115993e+00
6.263531947010000378e-01,1.277970993824999901e+00,2.244783345941999908e+00,3.822735800151685453e+03,2.174806460282904461e-02,6.521470545599229451e-01
2.604185891184000123e+00,2.274534795865000181e+00,4.851856915258999869e+00,2.196227414242099258e+04,1.155890232527221062e-01,6.245132407644895522e+01
2.504837675096000194e+00,1.069697749161000022e+00,4.149644085832999707e+00,2.095227725388228282e+04,2.364331314480401861e-02,5.139374018405084010e-01
1.780830325571999939e+00,5.384441824140000499e-01,5.498651368994999622e+00,1.382123266334417713e+04,4.880746427938329780e-03,2.235978632287619755e-02
