1.012427777179999988e-01,1.669435039779999963e+00,4.475732364960000043e-01,4.802766256766639685e+02,4.882544719504408604e-02,1.215122135091701594e+01
2.343508611192000046e+00,1.873832451089999962e+00,5.144944759330000394e+00,1.932666995130697615e+04,6.739021645163708607e-01,6.293024168778588034e+01
2.669241872840999896e+00,1.545977155185999985e+00,5.264073051578000317e+00,2.262713747083333146e+04,6.411534002521835918e-01,1.759704423267143341e+02
7.129244737490000317e-01,2.177989953618999941e+00,4.780630543320000037e+00,4.475953223907604297e+03,3.401264967393550359e-02,1.779821093542830912e+00
2.476920058410000125e-01,9.940459509629999690e-01,5.700963888200000218e-01,1.283282510440576061e+03,7.735411183080084241e-01,7.909724135639689848e+02
5.090150822110000028e-01,1.192783137141999905e+00,4.517598165167999724e+00,2.975833362156085968e+03,2.384976700747690193e-01,1.283033773533753363e+00
7.236527307310000046e-01,2.234158633195999943e+00,5.235063525993999711e+00,4.558439804696489773e+03,8.979373755450787975e-01,3.111437828714576312e+02
2.611209913400000193e+00,4.840850737010000127e-01,5.101316532512999657e+00,2.203392804971788428e+04,1.643438662628733671e-01,1.491477174735252875e+00
1.933711215603999944e+00,2.821352997132999807e+00,4.225592391308000018e+00,1.528880000217761517e+04,3.753662775525750672e-01,3.081177671885762948e+02
2.362129256535999922e+00,1.113396417811999939e+00,2.410936671272999821e+00,1.951334238185216600e+04,5.330030871809143464e-03,1.304082155868412363e-01
1.312227486515000097e+00,2.340157463204000088e+00,2.227383008754999949e+00,9.489784199017905848e+03,6.999663131378419667e-02,2.878538530454297639e-01
2.037494916283999924e+00,1.147252842227999947e+00,8.802596946970000502e-01,1.629785346155957814e+04,4.767199476946667458e-01,2.933426505868038134e+02
1.985272753909000043e+00,2.616126705889000092e+00,2.158058085868999942e+00,1.578887941141035844e+04,5.822484540248381440e-02,1.225709026796659771e+02
1.422924206890000098e+00,2.576782263090000136e+00,3.027341037953999781e+00,1.048716316884609296e+04,2.650822960245909354e-01,2.465166210472910109e+02
