1.830677241589000026e+00,1.216124226422000021e+00,4.913954853555999591e+00,1.429715271776748341e+04,5.323137010403286226e-03,5.317366256177272210e-02
2.618157476654999982e+00,1.089089645565999964e+00,1.421280866457000025e+00,2.210483335100732074e+04,2.987501517489968977e-02,3.011005397983484766e+00
2.751401105249000167e+00,8.396009898370000446e-01,4.321807406519000416e+00,2.347058405259360370e+04,3.620096290185403215e-02,1.190803493615573805e+00
1.855655177393999988e+00,2.309306017826000090e+00,1.223748287013000091e+00,1.453658884783412395e+04,1.742437711092143515e-01,8.234503457532873938e+01
2.747654827569999902e+00,2.761387263296000150e+00,1.841301366629999992e+00,2.343203479864233668e+04,1.947189599728280651e-01,3.768330291954907096e+01
2.708286408760000041e-01,1.495200173705000024e+00,5.101127065208999944e+00,1.420651757891214856e+03,1.414672890206964025e-02,4.036493427339847839e-01
1.552857585399000095e+00,7.720032362680000482e-01,4.142536771924000050e+00,1.167948381864618932e+04,3.032959932024911764e-02,2.317438725160664514e+00
5.416524372109999819e-01,1.174832208860000060e+00,1.044356205004000060e+00,3.206635125247112683e+03,1.523931231130806752e-01,1.270134284205106034e+01
1.705659633398000086e+00,5.147885700950000087e-01,1.000148633193999936e+00,1.310850937028918634e+04,2.916149999191274683e-03,3.795363565424499791e-02
2.786831589861999969e+00,2.394090382043999821e+00,4.366729259493999926e+00,2.383558163455728209e+04,5.194779039005092275e-02,7.016937072769131589e+01
