2.148321921376000088e+00,1.985548018990999974e+00,3.666480920141999889e+00,1.738593937080229080e+04,2.174283844118954801e-03,1.257917848214260698e-02
2.000429729278999869e+00,2.472747558999000006e+00,2.174291222113000188e+00,1.593634999930364393e+04,3.544803725281429202e-02,8.188896799053116737e+00
1.849116745898000014e+00,1.423803303444000079e+00,3.130465407946000145e+00,1.447385135594803251e+04,7.711959493730564941e-02,3.401170947167434520e+02
2.393686901191999894e+00,1.962692632148999916e+00,1.860588568203999982e+00,1.983028929594243891e+04,2.214327957203172503e-03,1.743527157387507118e-02
2.034216754425000051e+00,2.179433910474999792e+00,2.671042179785999782e+00,1.626583135753680108e+04,4.481177916142269936e-03,1.308169447428242926e-01
2.642838984152000137e+00,2.472296748565999902e+00,4.842510339699999944e-02,2.235697809716408301e+04,1.469123449317286390e-01,1.489702345237695980e+01
2.755140756350999975e+00,1.004779884831999981e+00,1.643377003389999980e-01,2.350907357793767369e+04,7.940617597729924260e-01,1.340220690754452448e+01
2.361915571693999905e+00,1.886505348327000009e+00,4.069618168512000089e+00,1.951119873521661430e+04,5.619002303915051622e-01,4.421916096883866771e+02
1.362184488398999971e+00,7.113048629529999944e-01,3.658027205887000033e+00,9.937684213025035206e+03,2.262733658846570461e-02,9.341099854995088547e-02
4.018447030499999739e-01,2.912115359327999808e+00,2.290074956526999994e+00,2.246299258657071277e+03,4.755985450482649868e-02,6.408137812378423170e+00
1.267498912308999914e+00,2.229245028580999932e+00,3.643876112461999828e+00,9.091994293537658450e+03,1.963473424292470383e-03,1.442100333702898453e-02
2.036196780181999788e+00,2.974848054090000193e-01,5.311686788701999618e+00,1.628517172216634026e+04,2.395316330419621498e-01,4.636285658357744666e+01
2.229115345753999833e+00,1.331594671479999992e+00,5.209118535032000175e+00,1.818562650352668788e+04,8.885992634878084676e-03,4.960763951667317151e-02
2.408614940469000043e+00,2.393373048996000119e+00,4.245719415918999928e+00,1.998046951143225670e+04,5.192976127973425449e-03,1.618044325392203331e-01
2.882398778523000082e+00,6.010309825099999781e-01,2.611178202704000029e+00,2.482378254037963052e+04,2.315753698206213587e-02,6.212700911238158152e-01
1.882157420918999957e+00,7.645826572610000538e-01,5.219482706943000316e+00,1.479131869113763059e+04,4.618725549236652600e-02,2.495971599208747005e+00
