1.181965369889999978e-01,1.160801774635999983e+00,1.968560662902000047e+00,5.669856852477132634e+02,5.726020819801402872e-01,4.940455532101029235e+02
2.606982133634999865e+00,9.988080492799999988e-01,3.511259991085999843e+00,2.199079552300380237e+04,7.376073353656286899e-03,2.644272512325332447e-01
5.818554312879999912e-01,1.239854546274000047e+00,1.587607095709999916e+00,3.496075651648366602e+03,1.105270950719967199e-01,2.156426126501090224e+01
3.561818778190000145e-01,1.472021387702999951e+00,2.341310107698999943e+00,1.949731715585934808e+03,3.049937750704678611e-04,3.099504337658839145e-04
2.622665372369000103e+00,3.215652000199999971e-01,3.926112612275999947e+00,2.215085658169723320e+04,6.269932934548876416e-03,4.802145798148411970e-02
2.645933870873999894e+00,1.382789556560999999e+00,4.112891366640000212e-01,2.238862271998148935e+04,2.217669161893475738e-01,9.270761797107144986e+00
1.291088321176999898e+00,3.770185383720000005e-01,3.359937391599999934e+00,9.301395892764003293e+03,2.820606288078208665e-03,2.628272884176439117e-01
6.765367718529999852e-01,1.672874638501999911e+00,5.009459485094000186e+00,4.198652464279849482e+03,6.258417257547441333e-03,1.330378141687279560e-02
2.606195284811000157e+00,6.896171088579999831e-01,4.303647300347000382e+00,2.198276923492318019e+04,2.965833858934834727e-02,2.044727668756115335e+00
4.318930775070000117e-01,1.793668303332000002e+00,3.147505553241999987e+00,2.446257268616279362e+03,1.786995554742286168e-03,1.634761417686760032e-02
1.591757087829999973e-01,1.191559881951999911e+00,4.173979634137999994e+00,7.835697662289439904e+02,2.695967098425481158e-04,3.812196366248393059e-03
1.806305596594999896e+00,1.959666143041000064e+00,3.072972968246999947e+00,1.406413999688594413e+04,3.681150980395037076e-02,3.781337529749425386e+00
1.723092077410000034e-01,1.179005169854999924e+00,4.543297903819999983e-01,8.550201352185927135e+02,1.256711775003330808e-03,1.947024773942822046e-03
2.299397719098000170e+00,2.128858823539999889e+00,1.686118951297999935e+00,1.888548956926858227e+04,7.776039223641532591e-03,2.714781987887289638e+00
2.539209309947000115e+00,1.612661970995000082e+00,3.853437621794999934e+00,2.130096278776292456e+04,5.669206904233215633e-02,2.056113280563766743e+00
1.608225824663999992e+00,1.818000202879999971e+00,2.276292094342999839e+00,1.219410274722153008e+04,5.560292188889747189e-01,2.121159807044217587e+02
9.637763472960000355e-01,2.595372015400999821e+00,4.476259931468000275e+00,6.482628256085999965e+03,8.615549640682132471e-02,1.703765688149179525e+01
1.951222823986000110e+00,2.565692969071000196e+00,4.146280559626999818e+00,1.545836093095437900e+04,4.669451520328817828e-01,1.236699271596923495e+02
4.591688719400000007e-01,9.767485338100000414e-01,4.614574186669999634e+00,2.630925331976219695e+03,2.930850112295991117e-03,1.190829821157809477e-02
1.826947092589999988e+00,1.371667662287000100e+00,2.982547062141999827e+00,1.426145005478063831e+04,2.838006404951008699e-02,7.129763299299441970e-01
1.600238070367999921e+00,2.693895651487999920e+00,5.327447118591999597e+00,1.211963072374332842e+04,2.352253327248374909e-02,8.631496054890375191e-02
2.764551188130000003e+00,1.777049663267000090e+00,2.960966146264000010e+00,2.360596564305278662e+04,1.370340729150953431e-03,1.869804437097906131e-03
2.313474709207000046e+00,7.622947973410000300e-01,4.650598400533000110e+00,1.902612312489852775e+04,4.526244284158732582e-03,2.651654519911746458e-02
2.128058978307000082e+00,1.105425821966000033e+00,4.180480313226000000e+00,1.718621824482373268e+04,1.326660011659037686e-01,5.630159873623107103e+01
1.031568846374000037e+00,1.419514439524999894e+00,3.442522220447000070e+00,7.049867065812112742e+03,2.624072911430288535e-01,3.243240921297313548e+02
5.236408510119999749e-01,1.167382833413999954e+00,2.925053701670000006e+00,3.078789178304539291e+03,5.597952717406452089e-02,1.521195085348648490e+01
2.804129582164999857e+00,1.661120717461999963e+00,6.013341994260000156e+00,2.401405386559896579e+04,8.177363141190788437e-05,7.203273363567225953e-06
1.698873294306999959e+00,7.450250948219999669e-01,3.099236807376000158e+00,1.304446942926815791e+04,1.160693160176060890e-01,1.046695663702102230e+01
1.666396704872999956e+00,1.023963923673999910e+00,2.181141954589000065e+00,1.273871764569845254e+04,1.788446679094808341e-03,1.467193228920817862e-02
2.918043374011999980e+00,1.248965817208000040e+00,3.490369656289999956e-01,2.519370436491441433e+04,4.553321141195439126e-02,3.274019640634914463e+00
2.049427340784999885e+00,8.751577511370000062e-01,4.107252287910999833e+00,1.641449354224534545e+04,2.667866873906774572e-01,3.740759885233670445e+01
1.543159012495000093e+00,1.593409916798000037e+00,2.620532473099999926e+00,1.158972991251707936e+04,1.728615827460520671e-01,1.044190468058603827e+01
1.395054686658000032e+00,2.101000463456999867e+00,2.475938757389000155e+00,1.023439062345489947e+04,1.150164338627856775e-01,2.828913995398327188e+02
1.365057383034000038e+00,1.281261000164999997e+00,4.440944182574000365e+00,9.963554319988392308e+03,2.673875154023234741e-03,3.923324698678835876e-02
2.535846148501000208e+00,2.245569628724000122e+00,5.411492822510999723e+00,2.126680979148863116e+04,5.217297024483771167e-02,2.249395072293614462e+00
2.662311957811000163e+00,1.864110869112999946e+00,3.718902369187000012e+00,2.255618663753147121e+04,1.227380398397945327e-02,1.569530108224564402e-01
2.531142559827999960e+00,1.422818528147000050e+00,2.880989002380999864e+00,2.121905745615731212e+04,1.330883116880596760e-02,6.920547151887593840e-01
2.200445161725999910e+00,2.775752531149000113e+00,3.276431822370000080e-01,1.790124688656627404e+04,5.184301933541023144e-02,5.097337545332800701e+00
1.276359158632000002e+00,2.099551358915999977e+00,2.048324999925999812e+00,9.170543225048189925e+03,1.358000522017399278e-02,1.831770404245230618e-02
1.615856243027000039e+00,2.006246303976999990e+00,2.882787484961999880e+00,1.226531448573791204e+04,5.279954316483522758e-01,1.294754814839768997e+01
1.858807650369999953e+00,1.823484903650999911e+00,5.008438810640000183e-01,1.456685270892185690e+04,3.966738693275120853e-01,1.705481545176521863e+01
2.861008423792000155e+00,1.986235341830999923e+00,5.504849966302000297e+00,2.460213859041251271e+04,2.260394288400062804e-02,1.285175013020632528e+00
2.502642888138999933e+00,2.860261962361000165e+00,2.661732762494000148e+00,2.093003929155973674e+04,1.078263475151283873e-01,1.655090887187033033e+01
1.525975694823000106e+00,1.558427254846000087e+00,4.909223602694999578e+00,1.143100077924326615e+04,6.145876131486997102e-02,1.140748682075592413e+01
5.019311125950000063e-01,1.712897240950000066e+00,6.034511341315000443e+00,2.926247779347727828e+03,2.720930928435603014e-03,6.568592673250359809e-03
