2.268721074289000050e+00,6.494266604849999736e-01,1.112385819813000110e+00,1.857954425362526672e+04,8.505842820938749327e-01,4.151585853945490499e+02
1.881986937760999901e+00,2.134934977279999979e-01,4.037647557206000215e+00,1.478967785196874138e+04,8.615291689908132974e-04,3.767987785063998257e-02
1.885694495295000106e+00,2.531032511434999854e+00,2.989104459727999874e+00,1.482536819628718331e+04,7.432676665977898389e-02,1.664687211832434457e+02
9.072506322940000478e-01,1.123458921816000045e+00,6.258224526615999928e+00,6.017197859508027250e+03,3.847688765101683981e-03,1.832959840870419799e-02
2.938196857567000109e+00,6.291939536559999491e-01,7.376759004680000231e-01,2.540317420325679268e+04,6.307317536304601208e-03,3.813974070340667155e-02
2.645776878531000076e+00,1.376108496100000078e+00,6.483778757060000286e-01,2.238701735677093893e+04,7.460949496734569416e-04,2.177077863363534337e-04
2.446840132315999838e+00,1.333857342276999924e+00,2.432314699523999924e+00,2.036575100019087404e+04,3.217063489940259063e-02,8.904104203209874058e+00
1.967528468949999998e-01,1.463668340332999973e+00,4.421543107117000382e+00,9.905521348326457201e+02,3.819925373466382008e-03,3.879812297674750665e-02
2.249034412334999899e+00,1.445682026460000102e-01,2.648697205524999987e+00,1.838358761524119836e+04,2.399053235952685326e-01,3.503111396324888993e+00
1.697654407201999893e+00,1.623262587037000104e+00,6.811161874779999570e-01,1.303297272601115765e+04,6.176804056930033753e-03,2.474637330808604485e-02
1.337473275595999933e+00,1.128896936952000107e+00,3.717648054251999845e+00,9.715664187988024423e+03,5.794346314372608373e-03,2.015236281101021876e-01
2.223127974140000074e-01,2.394569985211000063e+00,1.016662894663999950e+00,1.135733735451382245e+03,4.053175306299890146e-02,4.552595756352461720e+00
1.879214573232999896e+00,2.278808958209999957e+00,2.987882746632999797e+00,1.476299884804428075e+04,5.117749465059708187e-03,4.028306199307361141e-02
2.859362398836999830e+00,1.450348299544000019e+00,3.489745194289000096e+00,2.458509356677221513e+04,1.388985668187059895e-02,1.503865307260291717e-01
9.880622869970000499e-01,8.860307525830000142e-01,6.186945226654000152e+00,6.684734687810619107e+03,1.886084817388351560e-03,8.989810847930700399e-01
1.566301644180000119e-01,1.933408898256000041e+00,3.015248034603999816e+00,7.698338449093544114e+02,5.061427782926804231e-02,9.716282392373891241e+00
1.575257177859000102e+00,2.292527627779999966e-01,3.583346970135000031e+00,1.188722462966340208e+04,2.018311035187531424e-02,4.671991999517858818e-01
1.848464756090999916e+00,1.672410318270999952e+00,2.261999178965000024e+00,1.446759774087596270e+04,7.164129242334325550e-04,8.594343284427650650e-03
2.534081090717000162e+00,2.486248943734000072e+00,4.613997753383999978e+00,2.124888861831390386e+04,7.165377346650605994e-02,8.819228237823490968e-01
1.099086907251999978e+00,1.324616324516999954e+00,5.957478935512999563e+00,7.623971329327850981e+03,2.872660134496483053e-01,1.679682810765734757e+02
2.478235949024000018e+00,1.491307218755000052e+00,3.325953770772999807e+00,2.068296640306001427e+04,2.545036016918445984e-02,5.055436643739141367e+00
1.553123188677000055e+00,9.689948436759999728e-01,1.148491738723999900e+00,1.168194345828204496e+04,1.709930297835925324e-03,2.100418830025485226e-02
1.040783704040000035e-01,4.598764073900000193e-01,2.355509362858000166e+00,4.946585264707611032e+02,3.577292799146176289e-02,1.411104485585938706e+00
2.929195868702000105e+00,2.180525216642999808e+00,2.831778139093999780e+00,2.530959237690510054e+04,2.725076154870212375e-02,1.234870979658676315e+00
2.483226122839000016e+00,1.518166778225999991e+00,3.078562766590000055e-01,2.073344890651600508e+04,8.948735665429059793e-02,7.072692129443457709e+00
6.663647250069999473e-01,4.279043625339999934e-01,8.167609642859999797e-01,4.121833287031287000e+03,7.784427872494345535e-02,2.265111623120184348e+01
1.187777523058000106e+00,1.387078684905000081e+00,1.203316871895000029e+00,8.390986381271542996e+03,5.605554769931814924e-03,1.927473982454081247e-01
1.644568528111999939e+00,1.755866949627000073e+00,1.519405096755999995e+00,1.253389202963684147e+04,1.804511494377169590e-03,1.234545411212455319e-02
1.525151411116000055e+00,8.038450367849999667e-01,6.344353571040000084e-01,1.142339596829901893e+04,5.756006182113581476e-02,1.503539129601550250e+01
2.148654680273000217e+00,2.691695222065999982e+00,1.251963378869999921e-01,1.738922205527784172e+04,6.849851522161680417e-02,1.265194886096690396e+01
7.826854371660000309e-01,2.267309310972999814e+00,2.328829019042999882e+00,5.018026187093261797e+03,2.448357300502929379e-01,1.458821024180509198e+02
2.509948531621999823e+00,2.310917189231000091e+00,3.373793329281999931e+00,2.100407406265428654e+04,1.873113186627757831e-01,1.191744235434190813e+01
1.483343629541000075e+00,1.837211812986000004e+00,5.192655873459999682e+00,1.103882901177730128e+04,5.022027270669545546e-02,5.395574184937330209e+00
9.807044488289999862e-01,8.338634816879999523e-01,1.523525337274000080e+00,6.623371013352142654e+03,1.503357291359963370e-02,5.163579948137992925e-01
4.395481308309999724e-01,4.158582638400000198e-01,3.186124185979999801e+00,2.497786260849539758e+03,8.184294372620535274e-01,1.741212458174053381e+02
2.050417922322000042e+00,1.603776927541999964e+00,4.999479757168000305e+00,1.642418218424827501e+04,2.061749646300068892e-02,2.682049455191694687e+00
2.809648269635999895e+00,1.514831842873999967e+00,3.020342642689000101e+00,2.407103018231433089e+04,2.076747157037132745e-03,3.207049191338154966e-03
