2.779065624778000121e+00,1.389587232168999931e+00,5.233639215566999958e+00,2.375551397135291700e+04,2.183760788451069492e-03,1.265079661796512760e-02
2.217214896559999981e-01,1.265146444875000054e+00,2.465088201531000056e+00,1.132335911456946405e+03,9.294518058226115213e-04,1.934416449026469869e-03
1.104953374358000007e+00,7.897671100559999768e-01,5.554992202249999789e-01,7.674265029499567390e+03,6.356595209602267094e-02,1.152380911270929964e+01
2.509101686735999870e+00,1.626770805307000023e+00,1.890651986426000075e+00,2.099549034594943805e+04,1.880585264282848557e-01,1.861542529161654329e+02
8.837291248230000340e-01,1.718199549674999993e+00,4.861178376046000338e+00,5.825651547497229330e+03,3.782475340830855903e-01,1.792446857792025696e+02
6.500535885679999959e-01,8.542717110649999945e-01,2.518028415470000003e-01,3.999305733818577664e+03,2.277626693097357588e-02,2.097045757192248416e+01
4.719512642820000159e-01,1.792807329448999898e+00,1.961688243098000051e+00,2.718472128629784947e+03,2.330685116838272092e-02,1.432398228832044040e+00
6.169738376009999969e-01,2.629729570257000049e+00,1.475579466377000104e+00,3.753347773176321880e+03,7.723803251999906971e-02,2.955176664163148459e+01
4.875270823300000000e-02,1.089097475405000015e+00,3.664161137774999855e+00,2.230365722838824638e+02,4.284673537114720016e-02,2.861244082565994873e+01
5.061560673499999885e-02,1.426613834864000063e+00,6.250045135069999702e+00,2.318683230942464206e+02,1.063050467020318704e-02,1.270151890944999917e-01
2.434625163564999806e+00,1.641341947286000025e+00,1.759657360499000012e+00,2.024252058285190651e+04,1.587641745742829347e-02,3.511953146369610756e-01
