2.727187796747000181e+00,1.401453149514999996e+00,1.738251057247000020e+00,2.322157914214995253e+04,1.771978165461556010e-01,2.612141953743384875e+02
1.463970239708999976e+00,6.554721080869999605e-01,6.014757027922000177e+00,1.086140157562742752e+04,1.472511391725253027e-01,7.030923322892952001e+02
2.155234032925999799e+00,6.004792021279999892e-01,5.816196759021000418e+00,1.745414657258838997e+04,2.997886588761648416e-02,1.421452817854994333e+00
5.223671283449999869e-01,1.909846808703999921e+00,2.027944591372000005e+00,3.069792205084569559e+03,1.303332338867969620e-01,9.819839786383706581e+00
1.298396204754000083e+00,1.443507178139999958e+00,3.529118958268000039e+00,9.366444300837010815e+03,9.347809652998951028e-04,3.006053145375366976e-03
2.901801369104000106e+00,2.529472700793999884e+00,1.465883966680999961e+00,2.502505487240129150e+04,2.345862265708159242e-02,1.579933113784169341e-01
1.920233019884000081e+00,1.293142393626000031e+00,1.740652169025999951e+00,1.515849172526711482e+04,5.783629824654051843e-03,2.102728338114328785e-02
1.688925550952999899e+00,1.914958481318000061e+00,5.339943696726000333e+00,1.295068963560738484e+04,1.413945207271339599e-01,1.263055757771140009e+02
1.848731576637999918e+00,4.010281420139999997e-01,3.810497278070000271e-01,1.447015692097657302e+04,2.019893451042490129e-01,3.886186599158735078e+01
7.625425207670000205e-01,1.977934474061999959e+00,4.097376314485999593e+00,4.860144428608375165e+03,1.010099659645811998e-01,8.684798368859809159e+01
1.280747166732999931e+00,2.324190738552000202e+00,2.392228145643000126e+00,9.209490299666465944e+03,5.568798566928750970e-02,2.962420686076066190e+01
1.951856314237000012e+00,2.177116740787000015e+00,4.603708741829000139e+00,1.546450028566609217e+04,7.185055278108819481e-04,1.609391939043246580e-02
5.029837521490000407e-01,1.658816856462000056e+00,5.606203895333999654e+00,2.933604231832209734e+03,7.614519423071150310e-03,3.626773799054365255e-01
