7.661441017200000536e-02,1.138995844099000010e+00,2.739063207765000119e+00,3.574339277621766655e+02,6.284576412436482587e-04,1.903270421791151143e-03
1.480306739386000103e+00,2.777454755672000175e+00,1.710346035421000055e+00,1.101098328691515962e+04,3.564633945714019703e-01,1.549128241519019689e+01
2.505570047317000171e+00,2.892740221982999849e+00,1.428127517609999897e+00,2.095969850738768582e+04,1.891741003983054767e-02,3.616527005912642867e+00
8.120855856619999535e-01,2.245795930659999939e+00,1.070582045067000054e+00,5.250377622894389788e+03,1.000764493592451541e-03,2.275594076981519824e-03
1.127981411419999969e+00,2.342024108043000208e+00,7.504399012950000447e-01,7.872301678411220564e+03,7.573524797408847167e-03,3.020696345557629114e-01
8.069320144120000204e-01,1.208543816249000091e+00,4.432884160142999797e+00,5.209487443500062000e+03,9.253501380352070760e-02,8.872878896701924134e+01
1.231487337442999985e+00,1.444266115585000065e+00,6.232680301544999857e+00,8.774037457397644175e+03,3.281332238930562695e-01,5.511192463911736468e+02
1.913488403429999929e+00,1.910872260035999970e+00,5.835324948282999635e+00,1.509334943590471084e+04,1.588546775942355216e-01,1.396974001015760223e+02
2.473504900279999974e-01,2.457763800922999842e+00,4.214685817221999642e+00,1.281275033156672862e+03,3.537551631035449153e-04,1.582230631886291563e-03
1.020836661639999976e-01,9.436531117419999504e-01,2.569880666732999863e+00,4.845364612388005980e+02,3.012817865249157179e-01,5.230478189352001550e+01
1.581607073767999916e+00,2.241387188769000005e+00,4.647320428703999973e+00,1.194622798744870306e+04,3.373330807083182309e-02,2.794527324688415959e+01
1.206088797717000061e+00,2.259709529510999904e+00,4.841541124659999973e+00,8.551066047743401214e+03,2.721665608374478356e-04,2.195397038998479333e-03
8.312576414900000321e-01,2.921863263204000027e+00,6.176340276096000004e+00,5.403085600075822185e+03,2.850825095307505351e-03,1.364353892385009905e-02
2.690038088965000185e+00,8.503673552189999763e-01,1.003844243485999987e+00,2.284023697892520431e+04,5.758979817426421698e-03,2.714834972067038318e-02
1.694086768712999902e+00,2.089226731126000214e+00,3.503388345005999938e+00,1.299933184239872935e+04,3.533632829634078543e-02,8.260656630690627056e-01
1.577228743777000064e+00,2.071248918083000046e+00,3.255616226408000191e+00,1.190553917597993131e+04,7.924191336634149874e-01,1.338094015145401841e+02
1.747870787504000045e+00,1.137068082072000053e+00,1.588520317316000074e+00,1.350797854030420058e+04,1.646978739131915725e-03,1.966809909258446232e-02
1.458059013479999999e+00,8.069138388069999612e-01,3.574928997528000085e+00,1.080736464646436616e+04,2.146513136296960764e-03,2.255553980445306264e-02
1.631535204010000073e-01,1.309179467962999999e+00,4.664735606870000217e-01,8.051077965955414584e+02,1.382198940746051652e-03,1.199106696768247396e-03
1.387403185494000102e+00,2.860457373975000106e+00,5.769596570442000250e+00,1.016518472567915160e+04,2.341425939468461948e-01,4.237881029368227814e+02
8.186574672640000161e-01,1.845806315222999983e+00,5.657467045561999974e+00,5.302619173898898225e+03,6.722739310015441198e-04,8.516277258160311753e-03
1.491819402930000038e+00,5.363374655579999928e-01,1.117210242989999935e-01,1.111660903914761548e+04,1.266450573685053427e-01,9.158708085559510437e+00
2.801926734774999872e+00,2.522125081093999910e+00,3.363641684264000009e+00,2.399131612836882050e+04,1.760287943460007651e-02,7.429843944900810238e-02
2.530501506263000078e+00,1.722490018075000018e+00,1.401923621612999993e+00,2.121255042725304520e+04,6.114464628955041531e-02,2.314400155519439339e-01
1.107485456749000008e+00,1.122146483374000026e+00,4.459176702645000212e+00,7.695992580502552300e+03,1.222977338708208100e-01,6.144586729743682696e+00
2.750395633260999784e+00,2.079257442754999907e+00,2.751316705650999950e+00,2.346023689731984996e+04,3.371226813957572954e-02,2.648519650540808623e+00
2.715939929269999831e-01,7.533882508620000085e-01,1.000747394046000105e+00,1.425241525781462315e+03,8.509039610159739066e-04,3.604252927964229827e-03
2.552910925821000099e+00,6.561283045389999513e-01,2.299717073806000212e+00,2.144018126688496704e+04,2.649828421990988586e-02,1.209909482579689888e+00
1.706522035722999986e+00,1.759729017880000024e+00,3.295570026086999782e+00,1.311665118370430719e+04,3.450258349135354452e-02,5.530248182842968374e-01
2.766264004262000142e+00,2.688451818050999975e+00,3.223295958767999903e+00,2.362360693765190808e+04,1.203756455747159032e-01,7.439220807753335940e+00
2.180721826011999820e+00,2.113765411629000113e+00,5.952555759710000061e+00,1.770599463227266824e+04,2.728792341042360348e-01,2.058248148000481876e+02
4.369048737819999917e-01,2.470920215333999970e+00,5.037206842556000375e+00,2.479966921149294194e+03,3.971717178717597968e-02,5.335436209371916677e-02
1.748733927239999875e-01,1.217472621293000046e+00,4.210872213294000410e+00,8.690828814114737497e+02,6.972286792456479409e-04,5.319668363084683466e-03
1.324895505471999968e+00,1.467232577572000096e+00,2.194012398587000146e+00,9.603007483871675504e+03,2.370182386156472875e-03,6.287111187670257895e-02
1.711655254344000010e+00,7.898025913030000122e-01,4.376784071040000224e-01,1.316513021986657259e+04,1.694815212250202780e-03,7.122111797973232176e-03
5.673219687560000501e-01,2.173514679603000044e+00,5.366573981252999559e+00,3.390803579725452437e+03,9.689576464108821952e-02,4.945324902318085414e+00
9.064364132490000392e-01,3.186394028180000171e-01,5.773264623540000251e+00,6.010545962269159645e+03,8.715874981090889709e-04,8.056815809156245636e-03
2.537616061238999965e+00,3.672161893170000080e-01,2.413536542989000111e+00,2.128478235813883293e+04,7.787504834750247004e-03,1.886056993685029937e-01
2.466495301681999930e+00,1.582693554918999990e+00,3.352097870025000148e+00,2.056426150645849702e+04,9.383961843490030708e-01,6.945445483660307673e+02
2.920579791784000179e+00,1.109400117495999982e+00,3.283757770660000186e-01,2.522005472729408939e+04,5.782363827479359841e-01,9.300165305933751370e+01
2.619084125002999919e+00,1.815865435767999969e+00,2.383928254459999896e-01,2.211429287255131567e+04,5.267056422583541592e-02,5.860474182959559464e+00
8.856441756399999754e-01,2.206442449293999797e+00,4.076907206683999974e+00,5.841198546357209125e+03,7.150260451978858456e-02,5.109221163430674117e+00
2.383693537315000111e+00,1.891386913257999902e+00,1.033977845699999981e-01,1.972984320874957484e+04,5.770265772842812432e-03,2.535243510777299147e-02
1.296280175583000016e+00,2.923620365049000025e+00,2.504545287756999805e+00,9.347600725707321544e+03,5.656638879424092936e-01,2.489480806836522504e+02
2.163796901866000155e+00,2.012572580532999922e+00,1.980849018003000062e+00,1.753869784223485476e+04,1.087054652014233245e-03,4.141142847678100890e-03
