2.129839034714000157e+00,1.066254077329999994e+00,8.878930393599999693e-01,1.720374955945986585e+04,6.175504944744873541e-03,5.812688544807840252e-01
1.219964170666999914e+00,7.197089166829999662e-01,6.463692850569999759e-01,8.672743508534496868e+03,1.295334269496956070e-01,1.565238058106303853e+01
1.801203828309999866e-01,2.128477422341000125e+00,4.066952955865000163e+00,8.979727847910513674e+02,2.669619118565375645e-04,3.353643897900414082e-06
2.669231407080999929e+00,1.822825105084999953e+00,2.946387743459999986e-01,2.262703029603580944e+04,3.135947338307854548e-01,7.964404900202325166e+01
1.273501860000000097e+00,2.515128505743000176e+00,1.953554904835999917e+00,9.145198760217852396e+03,1.205507799135008273e-02,6.621604117588916205e-01
2.953680223289000040e+00,1.732126051275999945e+00,1.340545769768999973e+00,2.556425741270834988e+04,3.532671329675423494e-02,1.693173012344088013e-01
2.680965182751000153e+00,2.843355002465000059e+00,8.413516850000000158e-01,2.274723336746899804e+04,7.052297220875810603e-03,5.223079630523181499e-02
1.667790137162000086e+00,6.830723704029999510e-01,2.845313347940000015e-01,1.275181158243035861e+04,4.082830566286607676e-02,3.703040011327005665e-01
4.103666031309999851e-01,1.771106414464000078e+00,1.407003237996999889e+00,2.302630120013584929e+03,8.143126600207103299e-03,1.351150731432878005e-01
2.826214829022999808e+00,1.424705277131000036e+00,2.748373816336000086e+00,2.424217493728877162e+04,3.493083742608635994e-02,9.333911374335500666e-01
4.550042655720000218e-01,2.072321463061999935e+00,1.350464550349999904e+00,2.602539046885763128e+03,2.672598542474236005e-01,7.104249941538316016e+00
1.862285901861000070e+00,1.479026222859000095e+00,1.479854866324999962e+00,1.460025556031841006e+04,1.585455240008438321e-02,2.755542743377045745e-01
2.686897781420000131e-01,2.746018852908000074e+00,2.079036403239999942e+00,1.407840495932584645e+03,1.669398788645819762e-03,1.007495001666326662e+00
2.762552590479999903e+00,1.098853144211000110e+00,1.702617848107000009e+00,2.358538314525175156e+04,4.109245395235285730e-02,4.008608234357267541e+00
1.156299221690999968e+00,1.223381349195000078e+00,2.917451651731000073e+00,8.117149081451655547e+03,1.006022084868655672e-02,2.418798929134763909e-01
1.201165346292000002e+00,8.602534028810000510e-01,1.091805841868999982e+00,8.507968581732946404e+03,6.333707340210852077e-02,3.912310724457330480e+01
1.452116965859999942e+00,1.931130418184000108e+00,5.276413250883999595e+00,1.075309344573211456e+04,3.209828402799654382e-04,3.167841604146952208e-04
5.498207739099999491e-01,1.333045672976999940e+00,2.970121540960999784e+00,3.264991611037789880e+03,1.380909802966609045e-03,3.308527186110083590e-02
9.360385759020000140e-01,1.707470162099999911e+00,4.251601705304000056e+00,6.253350819717811646e+03,5.260944881158001740e-01,1.760981901655268302e+02
2.095181099883999920e+00,8.498397689329999505e-01,1.003311627730000044e+00,1.686289423397099381e+04,1.126507316523278346e-01,1.018466608988512689e+02
2.873024202352000067e+00,4.894669507609999970e-01,3.635369497863000010e+00,2.472661225023088264e+04,1.094846816107787092e-02,1.655662530999530702e-01
2.201694667466000066e+00,2.259902025356999911e+00,6.201802054935000363e+00,1.791362702438306951e+04,2.648661980450056283e-03,1.018744259624823623e-02
1.264394529567000047e+00,2.967234247117000123e+00,2.902402900699999844e+00,9.064502462418604409e+03,7.584471299072650507e-04,4.125341540449335709e-03
1.813158976583000070e+00,9.499750676439999708e-01,4.073092124204999998e+00,1.412960222998559220e+04,1.466149497818946146e-03,1.311714165599210842e-03
1.706936585552000007e+00,2.528096521839000133e+00,4.400135271230000145e-01,1.312056518164532645e+04,7.038704285371005787e-01,2.978286519802126122e+02
2.169710604876999849e+00,2.737322315056999855e+00,1.857060119779999907e-01,1.759712600975253008e+04,1.557468546751217785e-02,2.645056838154485224e+00
2.199028745910000193e+00,2.002127234936999844e+00,5.421015590547000329e+00,1.788721451907719165e+04,2.131178757454832429e-01,2.594716195678666182e+01
1.444839306430999892e+00,2.653432901731000104e+00,2.637502245387000066e+00,1.068668874507556029e+04,9.316251724316963745e-02,1.383967021470240510e+01
1.904500733087000075e+00,4.734273598929999993e-01,3.543103426188999983e+00,1.500661083638735363e+04,7.835812561668670240e-02,1.610863271340987524e+01
2.748065431250000246e-01,2.098735064546000118e+00,2.184611477883999786e+00,1.444538511484577839e+03,4.113004439430302007e-04,8.113988688746756606e-03
2.594743901804999808e+00,1.611263567424999987e+00,4.569580451201000315e+00,2.186600435451911471e+04,2.360179219528661752e-03,1.529773589355097607e-02
6.494193999790000005e-01,5.204559346110000373e-01,3.052080613531999997e+00,3.994558222572234172e+03,3.487272810463305089e-02,1.088834491818745809e+00
8.716846547969999692e-01,5.843258016219999851e-01,4.654156311498000242e+00,5.728068813515398688e+03,7.288623158969004256e-02,1.053472976546205864e+01
5.155943304769999846e-01,8.303466728749999692e-01,1.210501860146999897e+00,3.022050802067788027e+03,7.456525048068103623e-04,3.736142739957432155e-03
1.644530012931999963e+00,1.236452113789000107e+00,9.522153560210000478e-01,1.253353110792567895e+04,6.800657057164775920e-02,7.645249041968986248e+00
8.472111282480000449e-01,1.120069068877000085e+00,3.070837123926999812e+00,5.530855910835599389e+03,1.816688482818892558e-01,3.849533640819647662e+00
2.180206859490000093e-01,9.281000406079999987e-01,3.036068709472000027e+00,1.111111808455134906e+03,2.385614206795960007e-03,1.365672244101382715e-01
1.052624062782000047e+00,2.630512809868000179e+00,3.166903813448000093e+00,7.227947762435069308e+03,1.189778607404219993e-02,5.298220934587284381e-01
5.612203174180000476e-01,2.518743209793000037e+00,5.824322956599999657e+00,3.346820547124883888e+03,3.252278615676219148e-02,6.659728513634861624e-01
