2.661390574898999883e+00,6.999723983890000500e-01,4.577393319420999696e+00,2.254675548328985315e+04,1.584283679825618935e-02,8.590406079825689545e-03
1.301390923020999901e+00,3.024323099157999906e+00,4.487983906249999877e-01,9.393124586041965813e+03,1.016259787942346560e-01,1.830049216434827741e+01
2.052110008522999962e+00,2.600787101998999873e+00,1.641618108564999901e+00,1.644073407544167276e+04,4.535311239469444478e-02,5.808682516929116524e+00
1.680693602762000083e+00,1.226590865891000082e+00,3.378307069442000099e+00,1.287316921989192997e+04,9.385681303536995423e-02,3.739554645947302358e+00
2.578786013620999906e+00,2.939147501671000029e+00,3.888089422979999821e+00,2.170343118132102973e+04,1.216111582624040998e-03,2.855211913140045642e-03
2.049156704829000031e+00,2.680469030394999841e+00,5.106946891581999992e+00,1.641184666686135097e+04,2.782325136591712322e-03,4.757521314499250226e-02
1.381238209459999977e+00,5.624356918209999501e-01,1.023044514241000069e+00,1.010948500310438430e+04,3.965863480622821083e-03,3.818680298319164501e-02
2.667279438706000150e+00,9.137580621109999690e-01,2.654155042589999791e+00,2.260704233379329526e+04,1.191839485868048942e-01,2.239444594591472182e+01
2.895570992046999859e+00,2.986468600798000139e+00,2.629856473070999900e+00,2.496040095432467569e+04,6.127517625966179965e-02,7.917712996298520522e+01
2.121945741538000085e+00,3.031624774966999780e+00,3.583045214875999918e+00,1.712603084787749685e+04,6.146841361403250319e-04,4.678653337954574547e-04
1.870042013082999999e+00,1.869875781139999971e+00,2.138526602934999854e+00,1.467478349974669618e+04,3.490530798868972211e-03,1.125636604819074855e-02
1.577070304870000106e+00,2.226823393890000058e-01,4.467804501960999985e+00,1.190406720706901979e+04,1.494122468652962429e-02,1.585695389544897083e+00
2.150871394501999934e+00,1.507205089721999958e+00,3.893501899149999779e-01,1.741109240507348659e+04,6.142465661199009858e-02,4.199862096638882747e+01
1.470159631914000009e+00,3.001937159753000017e+00,7.498414261860000263e-01,1.091803156991131436e+04,1.311173840089950061e-02,1.401935152011652308e+00
2.539704073465999912e+00,1.007505629434999994e+00,5.400295560638999959e+00,2.130598776457966596e+04,6.437836620739055826e-01,7.445094673345565184e+00
5.707067929039999488e-01,2.857020888637999967e+00,3.301861014472999845e+00,3.415257467918713246e+03,2.551067199482860981e-01,4.477142795050496034e+02
6.052401937729999792e-01,1.002933040455000091e+00,2.348335120025999867e+00,3.666940432194081041e+03,8.186817355465895313e-03,5.713720935493927372e-02
1.039790616072000073e+00,2.835968976164000122e+00,1.819433403299000052e+00,7.119300424644974555e+03,1.899648807626252989e-02,1.575709890607461716e+01
2.664544119896000041e+00,9.756966412740000205e-01,4.799741793414000313e+00,2.257903697343943350e+04,3.021482517074258745e-01,9.063250856480786410e+01
1.693866507260999965e+00,1.486239697372000013e+00,4.359968933713999739e+00,1.299725536435695903e+04,5.157655155883279947e-03,1.791894062048146824e-03
2.816641531022999967e+00,1.382437093645999981e+00,2.980015767300999929e+00,2.414325610052262346e+04,1.782013317841923614e-03,7.721570372950625760e-02
2.577342599146000168e+00,9.211950200890000051e-01,6.023715252860999847e+00,2.168873442781078484e+04,1.531161198196510087e-01,2.380077322049101554e+02
1.502686173347999921e+00,1.686046728326000110e+00,5.105354344239000142e+00,1.121646835807198659e+04,8.888023017043709950e-02,7.927258026590321194e+00
1.190590692171999976e+00,2.614730847954000126e+00,4.883664646304000101e+00,8.415542337657137978e+03,1.452675785562683453e-01,5.741551270848034250e+01
8.755754920299999577e-01,2.485176268278999956e+00,1.763269360425999910e+00,5.759554344830426089e+03,7.407788528067118031e-03,2.140049018886816534e-02
1.029320797528000098e+00,5.182766520729999993e-01,6.517961395789999557e-01,7.030905691289442075e+03,1.697829701256174939e-01,1.436549343841038819e+02
4.405348565350000190e-01,1.059971105510000067e+00,3.449378492275000152e+00,2.504445371765279106e+03,2.293840424450270532e-01,6.720411198198264913e+01
1.176647054310999918e+00,1.299604384658999967e+00,1.318339731380999913e+00,8.293962795604138591e+03,3.949670595199569929e-03,3.062507892064609584e-03
1.682565672336000073e+00,2.697942829331999803e+00,3.642060042368000072e+00,1.289079181287887695e+04,1.511923864812727558e-01,2.127235832821093453e+01
1.824049758461000037e+00,2.685154464727999901e+00,2.804847586929999803e+00,1.423372836507524516e+04,1.431229154339651033e-01,1.870705462426033350e+01
2.984894102278000005e+00,2.484884749317000097e+00,4.650469273780999835e+00,2.588939612598379608e+04,3.388222816481166293e-03,7.682878846337677647e-03
1.875273323960000016e-01,2.257535688360000070e-01,2.683187194409999865e+00,9.390142103340646145e+02,5.831152547201048399e-03,4.914853032211043832e-02
1.853468244184000024e+00,2.949345933516000162e+00,2.679860964527999823e+00,1.451560004156769901e+04,4.919477479660532698e-02,4.067736774050333182e+00
4.150202062800000258e-01,2.839566328946999896e+00,6.061620274993000379e+00,2.333518420390422762e+03,1.219598079949423264e-01,2.446852965829642912e+01
3.937107466449999982e-01,7.254836105369999455e-01,2.292707777190000074e-01,2.192816751129245858e+03,1.952414654916662662e-01,2.679306518071821870e+02
2.064935894709999942e-01,2.537585811126000124e+00,9.714020369229999785e-01,1.045468596359048206e+03,3.814696191776131146e-02,1.331285481651339531e+00
9.449899472539999845e-01,2.166862486023000134e+00,2.772375957429999982e-01,6.327157882622210309e+03,2.220032474079743599e-03,3.001912740988238459e-03
1.412793076573999995e+00,5.000788843090000491e-01,3.140203745016000081e+00,1.039514915721955549e+04,2.405295431144047549e-04,6.845356304689834755e-05
8.510307603450000258e-01,1.297856193310999995e+00,5.306435183909999909e-01,5.561539855267626990e+03,7.625163245446742698e-03,3.973979346440679322e-02
2.730389014992999908e+00,2.117548794431999948e+00,3.268236305969999922e+00,2.325447937297598401e+04,9.773591989170357479e-04,3.670239286158598932e-04
1.977155450704999984e+00,2.776877196991000218e+00,2.661202666609999934e+00,1.570998826069736424e+04,6.341236083787800577e-03,4.380153169341562402e-01
