1.285734354838999893e+00,2.152843075452000043e+00,3.919401113356999922e+00,9.253792345445952378e+03,4.913051470710229074e-01,3.396452008142817363e+02
1.965782685395000007e+00,2.055201772744000177e+00,5.318699858158000282e+00,1.559955997343548552e+04,1.249093486805395170e-01,1.065988178047247317e+02
3.467884754230000088e-01,1.150708677461000029e+00,3.094599386764000037e+00,1.889855439216211153e+03,2.014066450814423481e-01,4.700322773470903712e+02
1.180120282192999914e+00,2.058090905390999925e+00,4.421932478380000142e-01,8.324215748344480744e+03,8.116007001154784337e-03,9.811621768445842953e-03
2.846156499605000167e+00,5.615990641070000011e-01,5.081263864739000269e+00,2.444839948519664904e+04,2.080588207662350739e-02,1.043994760464237892e+01
5.465229631860000215e-01,1.117869683849999962e+00,3.970361877764999825e+00,3.241403183113884097e+03,3.786102951788142181e-03,8.335439739826092098e-02
1.829683911522000050e+00,1.872705426130000017e+00,7.236272673170000003e-01,1.428764379706946238e+04,3.675131438729882516e-02,5.898565471064117993e+00
2.768450674790000066e-01,4.984790593519999868e-01,8.786005411199999671e-01,1.456809758500675571e+03,3.133724297667209299e-04,3.154605390290544670e-03
9.619470356499999486e-01,1.788920157291999935e+00,3.059553014914000002e+00,6.467455815749192880e+03,1.600322799215866676e-01,7.138092381090284988e+00
1.211022350831000072e+00,6.543111204679999959e-01,2.993769660824999956e+00,8.594292937241732943e+03,6.974590126821758052e-01,3.601129678645066861e+02
5.090953010769999620e-01,4.749489650670000174e-01,2.260717778611999851e+00,2.976395925372105467e+03,7.003235853900866698e-03,7.070010567187385853e-01
2.061525541883999946e+00,2.527163833684999972e+00,1.923412704518999927e+00,1.653288223459790606e+04,7.747581586823546473e-01,4.144927861462643364e+02
2.280470051033999912e+00,1.335480436332999954e+00,4.568630655759999826e-01,1.869663413027859133e+04,5.521830418437868593e-01,5.150594051576440506e+02
