8.575566296069999650e-01,2.581208956461999993e+00,1.505452410284999987e+00,5.614045728222040452e+03,3.786587116392822194e-01,4.646426237931040077e+02
7.186284908500000235e-01,2.335509284117999851e+00,3.195920618849999784e+00,4.519769151865049935e+03,2.355825798377605140e-01,1.364608805204451869e+02
1.691049209962999900e+00,1.944999560037000030e+00,1.126901126272999987e+00,1.297070056483323060e+04,3.322050718257522905e-03,1.105218501307412247e-02
2.811709421091999950e+00,1.600356195790999969e+00,2.539398753935000030e+00,2.409231462562562592e+04,1.392790774292344824e-01,1.032872923847626545e+01
1.463877044333999899e+00,2.631977267776000051e+00,5.513264477972000144e+00,1.086054927438247068e+04,3.817584329727351927e-02,1.420337275092019347e+00
5.824503097440000277e-01,6.531729705509999873e-01,4.033187275505000002e+00,3.500399761240785210e+03,1.187676571292159769e-02,1.633467187431107970e+00
2.164903924424999904e+00,2.082898146738000111e+00,1.274321778008000061e+00,1.754963318610040005e+04,9.336121803311205058e-03,3.430959782686251319e-02
1.240858308294999990e+00,1.209422487661000023e+00,4.421701218061000027e+00,8.856573894705097700e+03,8.345816464456407013e-02,1.205992394583525806e+00
1.633879891394000028e+00,1.188152384702999997e+00,4.239342730807999615e+00,1.243379631488460473e+04,9.623571420052386138e-02,1.055259445279923902e+01
6.464970791420000529e-01,1.553997389210000080e+00,3.553113979378999865e+00,3.972697876007597188e+03,1.066221389839816860e-02,1.839904247547064498e-01
4.132413297200000085e-02,9.812693033889999805e-01,5.734077898954000219e+00,1.880416238186258227e+02,4.915375022790028914e-01,2.517491107226996689e+02
