6.200754412729999610e-01,1.198832283018000044e+00,6.889844112759999639e-01,3.776262225453337578e+03,6.799383182744758551e-03,6.529048542804759547e-01
2.519477458668000214e+00,2.427786187333000001e+00,2.800928838000000254e-01,2.110069392840819637e+04,3.227231922215559323e-02,4.511257785213219074e-01
1.745878887871999963e+00,2.625916886624999780e+00,2.181160389247000175e+00,1.348908437198956199e+04,8.924432956133213080e-02,5.931916219779600041e+00
1.378838036534000056e+00,1.626849227956999933e+00,1.339611792851999938e+00,1.008781454045704595e+04,3.667085725828921755e-02,2.888017656863501870e+00
2.049784806887000155e+00,1.673971382491999949e+00,5.672604372934999972e+00,1.641798973329809087e+04,1.644078943066226151e-01,1.145228611237476883e+02
1.958882058069000065e+00,1.328255949130999980e+00,1.792605304789000042e+00,1.553261419469917018e+04,4.431795685007803853e-01,3.827553633676961198e+01
1.795538780041999960e+00,1.051824955230999947e+00,4.262969063931000058e+00,1.396139553929809335e+04,2.179121048606892305e-02,8.195457821544722687e-01
2.866045815626999893e+00,1.176615055655999997e+00,5.608051546952999900e+00,2.465431178377093238e+04,2.902378279815260309e-01,4.649803394413498268e+02
2.055882751297999800e+00,2.150212136033000210e+00,6.183662392623999970e+00,1.647764789939982074e+04,7.529415175622896023e-04,1.196114578424741285e-04
4.160644113529999855e-01,3.390065519880000044e-01,5.563753070787999633e+00,2.340461620711294472e+03,3.299527237825713444e-01,1.192208319412844446e+02
7.428089454999999841e-01,1.326549524277000014e+00,1.555600921758000021e+00,4.706531371618818412e+03,1.913619403440331435e-01,5.302790463352851980e+00
1.178277566445999902e+00,1.996224065705999973e+00,4.324805107462999842e+00,8.308162489512846150e+03,1.825155253385991327e-01,3.668939609136944568e+01
1.542655421687000095e+00,1.830801622445999977e+00,4.946234188015999678e+00,1.158507273526415156e+04,1.318692120924299105e-01,5.406354903725905388e+02
2.936938238774999821e+00,2.055715089410000029e+00,2.258909422207000084e+00,2.539008583741558687e+04,3.138217942620035728e-01,2.642684016392448143e+02
2.687777661869999779e+00,1.243514512421999951e+00,4.914103631339999945e-01,2.281706122721201973e+04,4.001455858011481598e-02,1.071547941076384092e+01
2.205034164771999983e+00,1.527663111484000025e+00,6.260705890725000167e+00,1.794672101889580881e+04,6.524244868821829635e-02,1.126099496603721484e+01
2.750813581251000173e+00,1.787479835262999917e+00,6.175918371056999590e+00,2.346453786062731524e+04,4.811192401863946359e-03,7.701413619273633770e-01
1.745361585136999905e+00,1.199471513965999936e+00,9.474318538839999748e-01,1.348417819613016945e+04,2.756982316456797061e-02,6.896893519730679323e+00
4.241447889250000158e-01,2.076803952775999829e+00,2.953255718143000141e+00,2.394341609289171174e+03,1.969266495682767473e-02,9.224847605206868417e-01
2.734323084874000109e+00,8.379107476930000020e-01,3.575349807303000116e+00,2.329491998519036861e+04,9.519733298543148203e-02,2.599190550981143488e+00
2.750112820737999897e+00,1.137243206963999942e+00,4.243843886304000002e+00,2.345732662792291740e+04,3.917403320153065027e-02,1.069259178990406234e+01
6.124616744209999686e-01,1.227791555855000105e+00,2.641314962056999782e+00,3.720067309700772967e+03,8.727489056141691723e-03,1.254234527212965133e-01
2.280779021304999876e+00,1.169980268271999968e+00,6.132213842512999946e+00,1.869971475252926029e+04,1.016087780876825421e-02,1.544278643327339218e-01
2.609994240337000004e+00,2.015098370456000154e+00,4.387436411316000040e+00,2.202152436230415697e+04,1.228060414911310017e-01,1.397103271136983871e+01
2.044364846709000094e+00,7.924149653969999596e-01,4.328069905790999705e+00,1.636499201165224622e+04,1.988739335103634556e-02,3.761785486371010956e-01
2.628649183517000054e+00,2.164696928140999788e+00,1.903725481224000093e+00,2.221196829954950590e+04,1.148154775970740282e-01,8.182405110214297395e+00
2.432586150687999993e+00,3.155945257550000216e-01,1.316538266151999981e+00,2.022196030972741937e+04,4.291741467915319297e-02,3.479580086518107573e-01
2.360202956948000086e+00,1.168555513874000029e+00,2.241685802160000018e-01,1.949401931542979219e+04,3.532287183703478606e-01,8.454215132707680880e+01
1.723268842480000007e+00,1.445177947004000041e+00,5.841432859754999818e+00,1.327491846722124865e+04,1.961951995498889267e-01,1.949930649674118754e+01
2.258676966494999938e+00,1.669933831268999969e+00,1.144818455066000107e+00,1.847952974517354232e+04,5.323729319459833721e-03,1.031943561919198699e-01
6.374932445980000528e-01,1.691983281191000055e+00,5.535601954608999620e+00,3.905511426074764586e+03,3.953029209087028928e-01,2.113188120691624192e+02
2.066476480148999872e+00,2.122921102579999886e+00,5.680415458965000219e+00,1.658136733601318338e+04,5.650396947988345180e-03,2.433436237303497618e-01
2.013686655661000025e+00,1.746206582309999922e+00,5.900274393350000146e-01,1.606550524616466282e+04,2.013458492669125202e-02,4.435244304496039902e-01
2.645374441573999924e+00,2.202659504968000004e+00,5.276754225170000367e+00,2.238290221178297361e+04,3.960399607051074550e-02,1.260689165782800281e+01
1.860592082614999976e+00,1.242129018816999997e+00,4.039522634697999770e+00,1.458398772263791761e+04,1.036197584051237915e-03,2.651978780664694928e-03
