7.217073583290000149e-01,8.050279414580000514e-01,8.465629705689999840e-01,4.501517793360363612e+03,1.317931187844270657e-02,6.506626395314146771e-01
1.876011239059999891e+00,1.240731408740000097e+00,1.426353048786999977e+00,1.469593129858099746e+04,2.957425477220210763e-01,1.277208610346766733e+02
2.578516428733999888e+00,2.458794718326000162e+00,4.045950294836999639e+00,2.169155583041741193e+04,5.259585329824504295e-03,6.671633190174604960e-03
1.295203405974000077e+00,1.321556500930999967e+00,1.301489933559000001e+00,9.275895860083772277e+03,1.384155287517384834e-02,1.555502043675272450e+00
1.592963351407000072e+00,2.646033710790999915e+00,5.970069069290000474e-01,1.200236076083012267e+04,3.602658641774788163e-03,1.286149658449438175e-02
2.497711669499000031e+00,2.488621789239000126e+00,2.114855729079999913e-01,2.086831452920288575e+04,6.415533396805711552e-02,3.084729889296478511e+00
9.656609663459999604e-01,2.141806557495999908e+00,2.843261409549999730e-01,6.434742185733703081e+03,4.909897380271635234e-03,1.132814411778036538e-02
4.899246125139999908e-01,1.899770287111999911e+00,1.965295350826999909e+00,2.828525362000979385e+03,1.291056065175963212e-03,2.210272263840780751e-02
4.997935598809999935e-01,1.189305343802000037e+00,5.419370754597999884e+00,2.896210908788264078e+03,6.341371257440486797e-02,9.581442275873580883e+00
1.303241461809000024e+00,1.628563416680999909e+00,3.152322974771999853e+00,9.347760008946950620e+03,2.491029049326936307e-01,2.583189003979538612e+01
1.681007248743999982e+00,1.587606352606000026e+00,3.913816134170000072e-01,1.283078633430685113e+04,7.185614915943440775e-03,1.756557651393820585e+00
1.524467539215000000e+00,1.444719241117000008e+00,4.376571774679999804e-01,1.136435107033761778e+04,6.044710826068625670e-02,1.486630420489272186e+00
2.239834847381999783e+00,2.624543564476999880e+00,5.626642961665999643e+00,1.827111949413705952e+04,5.018762339887416352e-02,1.486553502063551235e+01
