1.404931139960000075e-01,1.874738019130999911e+00,5.838459811875999605e+00,6.884287041435045467e+02,1.031722280378444961e-02,1.154722165745062590e+00
2.641734250328000133e+00,2.182483897976000176e+00,1.772835669970000083e+00,2.233853639537256095e+04,1.240632597416017613e-01,8.204412456243824181e+01
2.775469533433999825e+00,4.689287705679999751e-01,1.504798534592999948e+00,2.371525540744707905e+04,1.630397115588919088e-03,1.060101162287707677e-02
2.472321403563999986e+00,1.671316829905000079e+00,6.341233152680000318e-01,2.061052676943679035e+04,8.012417701364816791e-01,8.451648718148034050e+02
1.632178352533000032e+00,7.486268804429999646e-01,8.334622705299999934e-01,1.237022163812615327e+04,5.166878486626727551e-02,9.125353510898314369e+00
2.369540930303000170e+00,2.794209004834999899e+00,2.915270796230000183e+00,1.957150421323363844e+04,5.208586550630525842e-03,7.763208111600040928e-02
2.211265851582000064e+00,1.646382199332000029e+00,4.371192682493999726e+00,1.798640167697919242e+04,1.241822648706211035e-01,8.141864578179884404e+00
2.974579772199999805e+00,6.817667274919999576e-01,3.659286947373999954e+00,2.578399978810744142e+04,1.079251118639160643e-02,1.194817932010448086e-01
1.016583263939000004e+00,2.156849612630999946e+00,3.480414658729999999e-01,6.858712882815409102e+03,1.956740270051020858e-01,1.232141824994570634e+01
2.610122813865999980e+00,2.390199361736999872e+00,5.495225015343000230e+00,2.201470636445084529e+04,2.219674919255293088e-01,1.526165122932050622e+02
2.771973862114999854e+00,1.209221435556000035e+00,1.713607329832000037e+00,2.367913537500418170e+04,9.677169452140430006e-02,1.218251729716176257e+01
2.820737878462999948e+00,1.407525202753000082e+00,1.047069951429999979e-01,2.418364631220667434e+04,5.246526999220731818e-02,8.485267533368666903e+00
5.086351597000000023e-03,8.643448490970000453e-01,5.033710100350000438e+00,2.285343415792636890e+01,2.207731733612563595e-03,5.190540965729214910e-03
1.400898021199000087e+00,4.297249215910000086e-01,1.620889152203000005e+00,1.022907643623188960e+04,7.751696978293227958e-02,8.737021373577354666e+01
2.151209797108999844e+00,1.909276404159000018e+00,3.603487394086000162e+00,1.738996848855836288e+04,3.460014480275270046e-03,9.804666399466839544e-02
2.955878874749999774e-01,2.324648225857000039e+00,4.314749652807000402e+00,1.571606359548923365e+03,1.450218951435831513e-04,7.734122930051896513e-05
1.331795113562000088e+00,1.806979581138000057e+00,1.958462794092999948e+00,9.603896343281345253e+03,2.022975021752377867e-01,1.534885592146279798e+01
2.341995647379999934e-01,2.484493481537000115e+00,1.519360669506000017e+00,1.207972408715487518e+03,1.290640482038039362e-02,1.730333982975065521e-01
4.967960872569999742e-01,2.651973767187000064e+00,5.833794227200000265e-02,2.875616599854963624e+03,5.979517605308119071e-02,9.125378471531794489e+00
2.676546485822000054e+00,1.655775405561999980e+00,4.735757828570999806e+00,2.269587009594841948e+04,3.893796747371638250e-02,4.100327469023312688e+01
2.558559030539000023e+00,2.168438611072000199e+00,2.590878109463000012e+00,2.148783485985162042e+04,3.184713808978088811e-02,3.106329008589122087e-01
2.471704900543000072e+00,2.545218446670000079e-01,2.531987698833999989e+00,2.060427278683807890e+04,1.255619939557969973e-02,4.379550259395474932e-01
9.199825849460000482e-01,1.404470917035000044e+00,3.346384019294000201e+00,6.059912456159301655e+03,2.251452739215060398e-03,1.902129620314169838e-03
2.859745021553000033e+00,1.305265746894999968e+00,1.404982558111999902e+00,2.458818654062291171e+04,2.793926000438138810e-02,1.591395966524947192e-01
2.390910445703999798e+00,1.786042247534000094e+00,3.757066983971999896e+00,1.978692443288077266e+04,6.176278392536913020e-02,8.918438282993735200e+00
1.614151728269000108e+00,1.074873740616999918e+00,3.166103688075999845e+00,1.220089266494347612e+04,4.923192446887979246e-02,7.573577697319009872e+00
2.366619333325000074e+00,2.167455317589999930e-01,2.284164823688000112e+00,1.954207763824189169e+04,5.929551595913853390e-01,7.137712056278483033e+02
2.490691651189000044e+00,2.298368759125999805e+00,4.078004912164000295e+00,2.079699749959656765e+04,8.633725051485341417e-01,8.041917267902533695e+02
4.418351502819999888e-01,1.324797934218000073e+00,1.927144969320000012e+00,2.503731550309006252e+03,2.966368204182423529e-01,2.597673598795183807e+02
1.721232037529000003e+00,7.869892000670000165e-01,5.889229081755999573e+00,1.321222100458138630e+04,3.189513016296883271e-03,4.762821223307593499e+00
2.440096220625000090e+00,2.131389446801999821e+00,1.261954058920000121e-01,2.028397140093689450e+04,4.831183960676466507e-03,3.944038787293217829e-02
2.967840472078000058e+00,1.412080024301000103e+00,4.745334856450000416e+00,2.571362459170576039e+04,2.958383336536140606e-01,3.055527077033132954e+01
2.601956902580000008e+00,1.688090737038000055e+00,5.950355046060000319e+00,2.193115585531642137e+04,8.952030178089100121e-02,2.404933950940830911e+01
2.477884191687000026e+00,5.517273188600000378e-01,3.358300320290000252e-01,2.066696868058849213e+04,2.465746071006984508e-01,1.243843465618231932e+02
2.845031925662000027e+00,1.300777930196999943e+00,3.585494504404000082e+00,2.443549760966732720e+04,8.922964392417088997e-02,3.798989657349626725e+01
2.376500255630999980e+00,2.535434909160000139e+00,3.266358236713999830e+00,1.964162373121344353e+04,6.245983138951253372e-02,2.565116908069576596e+00
