2.129839034714000157e+00,1.066254077329999994e+00,8.878930393599999693e-01,1.717842623611511954e+04,6.166414815410430419e-03,5.795588986729237613e-01
1.219964170666999914e+00,7.197089166829999662e-01,6.463692850569999759e-01,8.608552163515989378e+03,1.285746847832086870e-01,1.542153574159831031e+01
1.801203828309999866e-01,2.128477422341000125e+00,4.066952955865000163e+00,9.026537868003011909e+02,2.683535456197862603e-04,3.388699148725887472e-06
2.669231407080999929e+00,1.822825105084999953e+00,2.946387743459999986e-01,2.262072223383850360e+04,3.135073085230949963e-01,7.959964816129425458e+01
1.273501860000000097e+00,2.515128505743000176e+00,1.953554904835999917e+00,9.082411593820674170e+03,1.197231279317129311e-02,6.530993824630686451e-01
2.953680223289000040e+00,1.732126051275999945e+00,1.340545769768999973e+00,2.556583514716269201e+04,3.532889353503877727e-02,1.693382011947678067e-01
2.680965182751000153e+00,2.843355002465000059e+00,8.413516850000000158e-01,2.274127918067607607e+04,7.050451251553126533e-03,5.220345660982526892e-02
1.667790137162000086e+00,6.830723704029999510e-01,2.845313347940000015e-01,1.270584953751707508e+04,4.068114599018117505e-02,3.676393983669264953e-01
4.103666031309999851e-01,1.771106414464000078e+00,1.407003237996999889e+00,2.295870576249552414e+03,8.119221840101805213e-03,1.343229566084425119e-01
2.826214829022999808e+00,1.424705277131000036e+00,2.748373816336000086e+00,2.424039560147262091e+04,3.492827356000251238e-02,9.332541237097388143e-01
4.550042655720000218e-01,2.072321463061999935e+00,1.350464550349999904e+00,2.591831314503123394e+03,2.661602561455894689e-01,7.045911591182150602e+00
1.862285901861000070e+00,1.479026222859000095e+00,1.479854866324999962e+00,1.456338067782066537e+04,1.581450962450473008e-02,2.741641342912563561e-01
2.686897781420000131e-01,2.746018852908000074e+00,2.079036403239999942e+00,1.410122282052015180e+03,1.672104500688292904e-03,1.010763484284460390e+00
2.762552590479999903e+00,1.098853144211000110e+00,1.702617848107000009e+00,2.358182072960076039e+04,4.108624720980404849e-02,4.007397378451271308e+00
1.156299221690999968e+00,1.223381349195000078e+00,2.917451651731000073e+00,8.051831336528311112e+03,9.979267433556043496e-03,2.380027970406691507e-01
1.201165346292000002e+00,8.602534028810000510e-01,1.091805841868999982e+00,8.443377588043755168e+03,6.285622953566653848e-02,3.853133070500121704e+01
1.452116965859999942e+00,1.931130418184000108e+00,5.276413250883999595e+00,1.069705503569123175e+04,3.193100781012981107e-04,3.134910012165403209e-04
5.498207739099999491e-01,1.333045672976999940e+00,2.970121540960999784e+00,3.244497266617247988e+03,1.372241835483928524e-03,3.267122310153077608e-02
9.360385759020000140e-01,1.707470162099999911e+00,4.251601705304000056e+00,6.191053088253139322e+03,5.208533791343019637e-01,1.726069828736981719e+02
2.095181099883999920e+00,8.498397689329999505e-01,1.003311627730000044e+00,1.683615487835011299e+04,1.124721022941162496e-01,1.015239221236198262e+02
2.873024202352000067e+00,4.894669507609999970e-01,3.635369497863000010e+00,2.472609866405795765e+04,1.094824075500196690e-02,1.655593753558976533e-01
2.201694667466000066e+00,2.259902025356999911e+00,6.201802054935000363e+00,1.789115698949555008e+04,2.645339619935072051e-03,1.016190130059137046e-02
1.264394529567000047e+00,2.967234247117000123e+00,2.902402900699999844e+00,9.001450852826237679e+03,7.531714611621098720e-04,4.068150364190934766e-03
1.813158976583000070e+00,9.499750676439999708e-01,4.073092124204999998e+00,1.409047055598884253e+04,1.462089023699059609e-03,1.304458689879744136e-03
1.706936585552000007e+00,2.528096521839000133e+00,4.400135271230000145e-01,1.307645795230959448e+04,7.015042366860393397e-01,2.958296044926707964e+02
2.169710604876999849e+00,2.737322315056999855e+00,1.857060119779999907e-01,1.757339983248820135e+04,1.555368614364340679e-02,2.637928994694081819e+00
2.199028745910000193e+00,2.002127234936999844e+00,5.421015590547000329e+00,1.786464060875884752e+04,2.128489180601385866e-01,2.588171193297861095e+01
1.444839306430999892e+00,2.653432901731000104e+00,2.637502245387000066e+00,1.063033093916523285e+04,9.267121117164889288e-02,1.369408409074485711e+01
1.904500733087000075e+00,4.734273598929999993e-01,3.543103426188999983e+00,1.497164630432677586e+04,7.817555573297330085e-02,1.603365580309285576e+01
2.748065431250000246e-01,2.098735064546000118e+00,2.184611477883999786e+00,1.446554359905055890e+03,4.118744122683276111e-04,8.136650575461095922e-03
2.594743901804999808e+00,1.611263567424999987e+00,4.569580451201000315e+00,2.185738991517147588e+04,2.359249391636626669e-03,1.528568472432544761e-02
6.494193999790000005e-01,5.204559346110000373e-01,3.052080613531999997e+00,3.962117231726381306e+03,3.458951634749315301e-02,1.071220811368469361e+00
8.716846547969999692e-01,5.843258016219999851e-01,4.654156311498000242e+00,5.669606001060824383e+03,7.214232745259333002e-02,1.032078438561139322e+01
5.155943304769999846e-01,8.303466728749999692e-01,1.210501860146999897e+00,3.005289741298696754e+03,7.415169267625430164e-04,3.694814475389775546e-03
1.644530012931999963e+00,1.236452113789000107e+00,9.522153560210000478e-01,1.248646494172054554e+04,6.775119094032085176e-02,7.587937669174475985e+00
8.472111282480000449e-01,1.120069068877000085e+00,3.070837123926999812e+00,5.474323132663919750e+03,1.798119485784447913e-01,3.771241012773516754e+00
2.180206859490000093e-01,9.281000406079999987e-01,3.036068709472000027e+00,1.115109241409844799e+03,2.394196900972101957e-03,1.375516444135362337e-01
1.052624062782000047e+00,2.630512809868000179e+00,3.166903813448000093e+00,7.162453454926680934e+03,1.178997715159091006e-02,5.202638847103088215e-01
5.612203174180000476e-01,2.518743209793000037e+00,5.824322956599999657e+00,3.325037043631051347e+03,3.231110458737430913e-02,6.573318082963903741e-01
