2.600668174379999753e-01,8.641261822379999735e-01,3.787124204104999947e+00,1.359057384346279150e+03,5.891638660965484720e-01,5.877330311655081232e+02
7.079383134319999771e-01,2.954331471745000215e+00,5.710898327836000377e+00,4.397642281668547184e+03,6.539131516564618274e-02,2.472969970858973454e+01
1.136914875940999936e+00,2.739948063120000166e-01,1.712146564218999911e+00,7.883866371138668910e+03,4.991721740472950062e-04,3.363080146627254238e-03
1.458611164988000031e+00,1.034629049634999909e+00,5.093815701111999772e+00,1.075665903475726736e+04,6.785781632762052928e-02,3.895411251674291364e+00
5.895314699139999615e-01,1.186801645514000025e+00,8.491865764200000333e-02,3.526885096346506543e+03,1.272501208608854337e-02,9.780157908367033415e-02
1.721440355181999893e+00,2.177513307418999844e+00,4.061964801651999579e+00,1.321420106710113578e+04,4.194768548816923959e-02,4.011338635842536604e+01
1.872591391419999862e-01,1.658729241432999935e+00,1.510034790329999987e+00,9.421161082814580823e+02,3.510128039039845521e-02,1.637579492530833125e+00
2.512051829954999871e+00,1.378403887629999991e+00,3.169687275804999871e+00,2.101410027344425907e+04,2.946724846408577125e-02,1.345855867612404833e+00
2.107765760412999789e+00,1.163855204629999918e+00,1.676746168323000052e+00,1.696032217400609807e+04,1.572593544241342265e-03,7.910529371944903521e-02
1.165384480379999976e+00,1.923640518015000023e+00,5.820904166710000105e+00,8.130808151706019999e+03,3.128925675869432405e-02,4.203546846706939455e+00
1.861267695918999987e+00,2.274187143339000183e+00,6.906707998840000418e-01,1.455355483015866412e+04,3.591083617528402234e-03,1.247195489222578946e-01
3.845973062599999936e-01,1.885434109264999991e+00,6.144013333580000236e+00,2.128527361893453872e+03,2.792609580582642304e-01,9.222977416279707086e+01
1.964418029054000092e+00,1.923234671664999951e+00,3.762560864975000197e+00,1.555401240391099964e+04,5.057821416988687035e-01,4.035647800762318980e+02
2.292751912859999908e-01,3.762578825189999976e-01,2.824399863431000135e+00,1.179572819747704443e+03,5.857169331589658773e-02,3.987470456778091688e+01
5.584518295339999661e-01,1.331385816550000101e+00,5.294232812265000199e+00,3.305437939888037818e+03,3.703061667892175446e-02,4.431378289268614878e+00
1.296897908193000104e+00,8.112957334449999447e-01,1.607647424617999921e+00,9.291036654597775851e+03,2.066270352224063370e-02,6.826270709645659851e-01
