2.148321921376000088e+00,1.985548018990999974e+00,3.666480920141999889e+00,1.736136071587212791e+04,2.171210039984185040e-03,1.254363703271114787e-02
2.000429729278999869e+00,2.472747558999000006e+00,2.174291222113000188e+00,1.590561166565481653e+04,3.537966440731826062e-02,8.157337466132446480e+00
1.849116745898000014e+00,1.423803303444000079e+00,3.130465407946000145e+00,1.443637488215928533e+04,7.691991273751028202e-02,3.383580760210295466e+02
2.393686901191999894e+00,1.962692632148999916e+00,1.860588568203999982e+00,1.981493690870537466e+04,2.212613649370265886e-03,1.740828564118779981e-02
2.034216754425000051e+00,2.179433910474999792e+00,2.671042179785999782e+00,1.623653995487776410e+04,4.473108240277365658e-03,1.303462203675215814e-01
2.642838984152000137e+00,2.472296748565999902e+00,4.842510339699999944e-02,2.234986452742602705e+04,1.468656001880288831e-01,1.488754505545176343e+01
2.755140756350999975e+00,1.004779884831999981e+00,1.643377003389999980e-01,2.350529888207656768e+04,7.939342625482235238e-01,1.339790344629706276e+01
2.361915571693999905e+00,1.886505348327000009e+00,4.069618168512000089e+00,1.949471381190781540e+04,5.614254834356207091e-01,4.414447139756367164e+02
1.362184488398999971e+00,7.113048629529999944e-01,3.658027205887000033e+00,9.877926592468073068e+03,2.249127311884005498e-02,9.229097181239989678e-02
4.018447030499999739e-01,2.912115359327999808e+00,2.290074956526999994e+00,2.240239436132565970e+03,4.743155268730159940e-02,6.373610089425095104e+00
1.267498912308999914e+00,2.229245028580999932e+00,3.643876112461999828e+00,9.029031741041037094e+03,1.949876264575750758e-03,1.422196245906067955e-02
2.036196780181999788e+00,2.974848054090000193e-01,5.311686788701999618e+00,1.625596440762873681e+04,2.391020351312173609e-01,4.619670295082545408e+01
2.229115345753999833e+00,1.331594671479999992e+00,5.209118535032000175e+00,1.816421550968748488e+04,8.875530639877600089e-03,4.949089637349876614e-02
2.408614940469000043e+00,2.393373048996000119e+00,4.245719415918999928e+00,1.996564297786914176e+04,5.189122673238051250e-03,1.615643872531761505e-01
2.882398778523000082e+00,6.010309825099999781e-01,2.611178202704000029e+00,2.482351744406056241e+04,2.315728967979051311e-02,6.212568219506244827e-01
1.882157420918999957e+00,7.645826572610000538e-01,5.219482706943000316e+00,1.475534654252810651e+04,4.607492914384203608e-02,2.483846070028999264e+00
