2.799449259809999813e+00,8.373893498550000203e-01,3.850220287117000151e+00,2.396322692204832128e+04,2.120343786519539031e-01,1.583789331105823521e+02
1.771763092523999994e+00,1.735174361212999949e+00,3.469274059751000117e+00,1.369388317367872514e+04,1.665700435213156999e-02,1.719538866910662878e-01
2.657275544760000052e+00,1.369387174087999925e+00,6.017456408806999946e+00,2.249796973010845977e+04,6.630345298590431535e-02,1.246809657770642765e+01
1.269721209455000110e+00,1.667066499624000109e+00,4.342415542377000115e+00,9.048785823806889312e+03,6.655228565230490723e-02,1.149485003343836098e+01
9.215247446030000456e-01,2.477834848689000058e+00,3.250142433415000198e+00,6.072478955458895143e+03,3.360909024181545773e-02,1.963451924940403259e+01
2.448245974023000038e+00,5.498687392650000172e-01,1.003101157242999975e+00,2.036649037622546166e+04,1.454596772546392081e-01,4.562413190634928384e+01
1.097971248744000095e+00,2.285194219266000193e+00,8.968629797299999817e-02,7.548706832770308210e+03,8.160562131182151624e-03,2.085691769428083264e-01
8.041314338670000339e-01,2.044995304897000210e+00,3.322982063187000179e+00,5.134874085709821884e+03,6.589025668718352484e-03,1.152216358676907637e+00
1.372734363189000106e+00,4.045051363509999942e-01,4.095545061668000031e+00,9.973393596650925247e+03,1.674260847499742808e-03,5.654810579178545099e-03
4.340299969790000212e-01,6.484964502279999543e-01,3.374597181362999798e+00,2.451823099680337236e+03,4.011927966128701895e-02,2.712547620569136342e+00
9.278333211820000148e-01,6.516709962960000047e-01,2.077390909553999965e+00,6.123950608730542626e+03,9.685414195038627438e-03,1.571195786722643650e-01
1.442123624816999961e+00,1.161526975144999918e+00,1.483400792302000060e+00,1.060545183142807036e+04,4.994790783062049051e-03,4.318459639537485656e-03
1.296683273400000003e-01,2.389176518639000157e+00,2.473254385091999907e+00,6.313663143058479363e+02,1.384030684913389701e-02,1.014794782639987930e-01
