1.181965369889999978e-01,1.160801774635999983e+00,1.968560662902000047e+00,5.715922543358340135e+02,5.772542824135443729e-01,5.021060750655740321e+02
2.606982133634999865e+00,9.988080492799999988e-01,3.511259991085999843e+00,2.198256715956969128e+04,7.373313425657909356e-03,2.642294051419533663e-01
5.818554312879999912e-01,1.239854546274000047e+00,1.587607095709999916e+00,3.471903845549986272e+03,1.097629126638048624e-01,2.126710225194308279e+01
3.561818778190000145e-01,1.472021387702999951e+00,2.341310107698999943e+00,1.947102707383252664e+03,3.045825230351147496e-04,3.091151261712368130e-04
2.622665372369000103e+00,3.215652000199999971e-01,3.926112612275999947e+00,2.214311876586643120e+04,6.267742699325237234e-03,4.798791378915135547e-02
2.645933870873999894e+00,1.382789556560999999e+00,4.112891366640000212e-01,2.238160434118160265e+04,2.216973967623347419e-01,9.264950316831800592e+00
1.291088321176999898e+00,3.770185383720000005e-01,3.359937391599999934e+00,9.239146411984653241e+03,2.801729414226142301e-03,2.593211233238885693e-01
6.765367718529999852e-01,1.672874638501999911e+00,5.009459485094000186e+00,4.162719539256100688e+03,6.204856444882904734e-03,1.307704286868470629e-02
2.606195284811000157e+00,6.896171088579999831e-01,4.303647300347000382e+00,2.197451616681843007e+04,2.964720385533755123e-02,2.043192638409987438e+00
4.318930775070000117e-01,1.793668303332000002e+00,3.147505553241999987e+00,2.437651656796095722e+03,1.780709139055024984e-03,1.623279896543243853e-02
1.591757087829999973e-01,1.191559881951999911e+00,4.173979634137999994e+00,7.883954924440735113e+02,2.712570596496381562e-04,3.859296869175675351e-03
1.806305596594999896e+00,1.959666143041000064e+00,3.072972968246999947e+00,1.402469090512217372e+04,3.670825566764764764e-02,3.760154418062837234e+00
1.723092077410000034e-01,1.179005169854999924e+00,4.543297903819999983e-01,8.597749377034098188e+02,1.263700401381067685e-03,1.968739957313504676e-03
2.299397719098000170e+00,2.128858823539999889e+00,1.686118951297999935e+00,1.886672373360639904e+04,7.768312451526977573e-03,2.709389504809912808e+00
2.539209309947000115e+00,1.612661970995000082e+00,3.853437621794999934e+00,2.129056216727310311e+04,5.666438800740584980e-02,2.054105894011596156e+00
1.608225824663999992e+00,1.818000202879999971e+00,2.276292094342999839e+00,1.214531347818679569e+04,5.538045157095851101e-01,2.104220011735411333e+02
9.637763472960000355e-01,2.595372015400999821e+00,4.476259931468000275e+00,6.419172407728631697e+03,8.531215480227806458e-02,1.670573979137994769e+01
1.951222823986000110e+00,2.565692969071000196e+00,4.146280559626999818e+00,1.542547576823519739e+04,4.659518017434092774e-01,1.231443112998702816e+02
4.591688719400000007e-01,9.767485338100000414e-01,4.614574186669999634e+00,2.619826082033886451e+03,2.918485550845114056e-03,1.180803358377525286e-02
1.826947092589999988e+00,1.371667662287000100e+00,2.982547062141999827e+00,1.422295515158321905e+04,2.830345979018680791e-02,7.091325534198967828e-01
1.600238070367999921e+00,2.693895651487999920e+00,5.327447118591999597e+00,1.207046278466936383e+04,2.342710507758495597e-02,8.561604153822209573e-02
2.764551188130000003e+00,1.777049663267000090e+00,2.960966146264000010e+00,2.360246032253106750e+04,1.370137243152868287e-03,1.869249172608164217e-03
2.313474709207000046e+00,7.622947973410000300e-01,4.650598400533000110e+00,1.900787649933480134e+04,4.521903479459801582e-03,2.646570925519366180e-02
2.128058978307000082e+00,1.105425821966000033e+00,4.180480313226000000e+00,1.716082284575610902e+04,1.324699658314095752e-01,5.613533235151339795e+01
1.031568846374000037e+00,1.419514439524999894e+00,3.442522220447000070e+00,6.984647713139479492e+03,2.599797228633486390e-01,3.183511096424423386e+02
5.236408510119999749e-01,1.167382833413999954e+00,2.925053701670000006e+00,3.061169597324536426e+03,5.565916233089300558e-02,1.503833633420854810e+01
2.804129582164999857e+00,1.661120717461999963e+00,6.013341994260000156e+00,2.401166412792587289e+04,8.176549378013840089e-05,7.201839779940901780e-06
1.698873294306999959e+00,7.450250948219999669e-01,3.099236807376000158e+00,1.299998068997066184e+04,1.156734564873472537e-01,1.039568235060037438e+01
1.666396704872999956e+00,1.023963923673999910e+00,2.181141954589000065e+00,1.269268952427262047e+04,1.781984581166387712e-03,1.456609723604731024e-02
2.918043374011999980e+00,1.248965817208000040e+00,3.490369656289999956e-01,2.519437179930278580e+04,4.553441768280162144e-02,3.274193114309916552e+00
2.049427340784999885e+00,8.751577511370000062e-01,4.107252287910999833e+00,1.638584606575527505e+04,2.663210765976780636e-01,3.727714119682197946e+01
1.543159012495000093e+00,1.593409916798000037e+00,2.620532473099999926e+00,1.153786845614559752e+04,1.720880657185148432e-01,1.034866337646788459e+01
1.395054686658000032e+00,2.101000463456999867e+00,2.475938757389000155e+00,1.017593016384484145e+04,1.143594417824835563e-01,2.796687890069589457e+02
1.365057383034000038e+00,1.281261000164999997e+00,4.440944182574000365e+00,9.903906804508676942e+03,2.657867813217106457e-03,3.876490790836049222e-02
2.535846148501000208e+00,2.245569628724000122e+00,5.411492822510999723e+00,2.125629899541258419e+04,5.214718455077726328e-02,2.247172163399259848e+00
2.662311957811000163e+00,1.864110869112999946e+00,3.718902369187000012e+00,2.254966860782381264e+04,1.227025724000720477e-02,1.568623149444056675e-01
2.531142559827999960e+00,1.422818528147000050e+00,2.880989002380999864e+00,2.120839260626908072e+04,1.330214205516854972e-02,6.913592267222203880e-01
2.200445161725999910e+00,2.775752531149000113e+00,3.276431822370000080e-01,1.787872840478115540e+04,5.177780454372630375e-02,5.084521442835224114e+00
1.276359158632000002e+00,2.099551358915999977e+00,2.048324999925999812e+00,9.107841034862101878e+03,1.348715400633121106e-02,1.806807136920441856e-02
1.615856243027000039e+00,2.006246303976999990e+00,2.882787484961999880e+00,1.221688714792600331e+04,5.259107388211677891e-01,1.284550796647013726e+01
1.858807650369999953e+00,1.823484903650999911e+00,5.008438810640000183e-01,1.452981918394038803e+04,3.956653994855510725e-01,1.696820826436964325e+01
2.861008423792000155e+00,1.986235341830999923e+00,5.504849966302000297e+00,2.460130319612801759e+04,2.260317534077982415e-02,1.285087735272125942e+00
2.502642888138999933e+00,2.860261962361000165e+00,2.661732762494000148e+00,2.091843126247120017e+04,1.077665458415132393e-01,1.653255533205410543e+01
1.525975694823000106e+00,1.558427254846000087e+00,4.909223602694999578e+00,1.137833499367429613e+04,6.117560378498677898e-02,1.130261406697767512e+01
5.019311125950000063e-01,1.712897240950000066e+00,6.034511341315000443e+00,2.910916359982499216e+03,2.706675220692027987e-03,6.499943643075939935e-03
