1.718960339344999921e+00,1.263649725222000031e+00,1.141345613738000031e+00,1.319063184840772010e+04,1.211209355668310672e-01,1.608683977575762469e+01
2.210354741211999929e+00,1.267774622934999984e+00,1.236137996649999904e+00,1.797733197116482188e+04,4.473828572190054892e-02,4.025279547977714145e+00
3.223926764569999825e-01,2.833866105730999951e+00,5.424474224231000008e+00,1.735754695444934214e+03,2.457565551445370713e-02,4.423948864259612535e-01
6.387332234129999842e-01,2.678601770251999969e+00,5.570556963789999649e+00,3.883658525726343669e+03,4.537452596168935377e-03,3.715583769559670062e-03
1.960120278852000020e+00,9.854439630979999754e-01,3.366802896988000171e+00,1.551212980521889767e+04,2.379249297402084573e-01,5.134926692687434979e+01
3.331381187849999925e-01,9.303982073159999810e-01,1.247278069937000078e+00,1.802438834659132681e+03,6.227450289234134906e-02,2.727305529869216372e+01
1.306747371618000031e+00,1.435248920302000020e+00,2.033764472331999862e+00,9.379137891312202555e+03,5.640578751037680361e-01,5.512742354089242554e+02
1.345811988404000070e+00,9.997904125979999446e-01,4.101480493591999732e+00,9.730110756014073559e+03,3.660819423828726160e-02,2.705493340572995287e-01
1.243086224412000007e+00,9.000063319290000363e-01,5.125356377766999927e+00,8.812587147248219480e+03,7.065683316014200743e-01,4.961854508163730770e+02
1.416160721028000058e+00,1.478723383039999950e+00,2.358796697059999836e+00,1.036813158179182028e+04,4.004911773937678277e-01,2.221959840213898190e+02
1.495665270214000087e+00,1.629035826826999989e+00,2.293236878582999960e+00,1.109785937351992652e+04,2.310238824955828385e-01,4.232607165839586401e+02
1.399933596144999903e+00,2.358076736988000022e+00,5.457818382215999797e+00,1.022030130424307572e+04,7.292611202507914142e-03,1.212262070362008816e-02
6.440434054429999833e-01,2.988160396750000114e+00,4.823196096842999658e+00,3.922603866554115484e+03,1.623666470605757972e-01,5.376407426900968289e+01
1.707979919355000042e+00,7.033717009159999867e-01,5.061813845542999957e+00,1.308635879454983478e+04,4.557592049775934309e-03,4.980010972272872621e-02
2.936877936704000103e+00,2.278060435315000021e+00,2.953456977920000170e+00,2.539060990322667203e+04,3.026266769160012703e-03,4.640543337539250468e-03
1.131060926596999971e+00,1.700940510104999914e+00,5.801607758899000267e+00,7.833288699239300513e+03,2.060299864322585883e-01,1.374714697383446946e+02
1.318234322324000063e+00,4.349696215809999988e-01,4.184184299725999701e+00,9.482086710849753217e+03,1.596361700589009032e-03,6.054940899022762460e-03
