2.865510748266999919e+00,3.276999894829999982e-01,4.411893154362999780e+00,2.464805476319424997e+04,1.691520895175557468e-02,7.648308523557419969e-01
1.740181155142999980e+00,1.753723095173999935e+00,5.590387273442999572e+00,1.339252327418899949e+04,1.400543352575230049e-01,1.317434866527788451e+01
7.788986727969999802e-01,1.033859834920999976e+00,1.177323059306000008e+00,4.938710422470773665e+03,2.654313208330417173e-01,3.068559103474576588e+01
1.918177576194000089e+00,1.540305856333000101e+00,3.335609552140999856e+00,1.510428288500438612e+04,3.500218377993844637e-02,8.672721361500741466e+00
1.037049580539000093e+00,2.246145915363999990e+00,2.834031626553000116e+00,7.030834811697269288e+03,4.260064552628912982e-02,4.019378076099754615e+00
2.097546769650000087e+00,2.716109899620999801e+00,1.761460038774999903e+00,1.685948585071778507e+04,4.719365569637828939e-01,8.197699570003352392e+02
9.449620723880000073e-01,2.985480425341000110e+00,1.472463380288000057e+00,6.264227259501893968e+03,2.132186646491760207e-01,1.191147508260291659e+02
1.483959500821000033e+00,1.738863778323000098e+00,2.068650985372999962e+00,1.098986748458032162e+04,2.004147151254517811e-02,5.419255062022523273e-01
2.241112137445000041e+00,8.081560330160000305e-01,7.063114133690000518e-01,1.828386359303739664e+04,6.098381576281074190e-02,1.032510738208054413e+01
1.629963013021999974e+00,1.517197535291000099e+00,6.156684836842000408e+00,1.234939165893976860e+04,6.225605749327178806e-02,4.144053323179369386e+01
2.919569597591999965e+00,1.917232823068000025e+00,3.691423488203999792e+00,2.521026619059419681e+04,3.425972252072885787e-03,9.033392247187089705e-03
2.133452721729999890e+00,2.096370548240999998e+00,1.659831957498999921e+00,1.721417079427178032e+04,5.489560009480005248e-02,7.444493636934849112e-01
2.557513895447999897e+00,7.019269100830000108e-01,4.342219499299999619e+00,2.147717337883641449e+04,8.263086929425516799e-03,4.706492178516361946e+01
1.928662557603000094e+00,3.006961201430000119e-01,2.892559782360000220e-01,1.520608447150334359e+04,3.293618651109424256e-02,2.894061175037130895e-01
2.113689480086000216e+00,2.878640406363000004e+00,6.491136142479999593e-01,1.701881456756274565e+04,5.775479474097812253e-03,9.849930819978414132e-01
1.850970442419999973e+00,1.343722252003000106e+00,5.939541434007000298e+00,1.445424192797776232e+04,1.677168869535299311e-01,2.090456669805173817e+01
2.362899163288000093e+00,9.860238367229999801e-01,2.483827765527999887e+00,1.950461433650858817e+04,7.369442586387063392e-03,2.036259422538730102e-01
4.136978101980000044e-01,1.231129763603000082e+00,4.039281269920000028e+00,2.317693979119954747e+03,2.883666754345566921e-03,6.511567546460924477e-03
2.749233750064000059e+00,1.529626256103999937e+00,1.318501441695999921e+00,2.344433624609307299e+04,2.749931524950057216e-01,4.631503734023780794e+02
2.658726588616000086e+00,1.917292886637000038e+00,6.087667842484999703e+00,2.251286311933903198e+04,2.432190985931987903e-01,3.178596556084644931e+01
1.760959203982999988e+00,7.913852288029999960e-01,4.418246408240000256e-01,1.359067149929106563e+04,3.323315911683596968e-02,6.589510515700566229e-01
8.765746517069999966e-01,9.915391162840000439e-01,5.624854081858999599e+00,5.708830045730633174e+03,1.453891563849338655e-03,2.746781800755723887e-04
6.276029063700000465e-01,1.489247336932999932e+00,4.128053521184999575e+00,3.802301914947724981e+03,4.512906221877677486e-04,1.085865570224798897e-03
2.318257324670000008e-01,2.035416464103000145e+00,2.173892630079999888e-01,1.194267524505793745e+03,1.572048728124526007e-01,6.800838024687973871e+01
2.739080098542999941e+00,9.773680892989999869e-01,3.507034505567999894e+00,2.333959457672967619e+04,2.689433631795846713e-01,2.782335824932745822e+02
1.994321749964999890e+00,2.249369232765999982e+00,2.940600575852999832e+00,1.584589455463684135e+04,1.200770843665389769e-02,2.156258598231649337e+00
1.336278283956999990e+00,2.776820571688999983e+00,6.090730795449999846e+00,9.644231041439821638e+03,4.778929495176978959e-01,4.482335022560383209e+02
2.536243464757999888e+00,1.607703088664999891e+00,1.642694712691000092e+00,2.126034637693803234e+04,4.022811290100187231e-01,7.427189477054005238e+02
2.463718320118000182e+00,1.401075298075999953e+00,2.481349532671000002e+00,2.052327768463976099e+04,4.422696523002734269e-03,8.280428830187280820e-02
1.922564175008999898e+00,4.953992126199999735e-01,4.054048744629999979e-01,1.514686104298076862e+04,5.268493286465451148e-03,1.930276779057615855e-01
8.552211608959999767e-01,2.880347704560000111e-01,3.546764302854000128e+00,5.538047803288698560e+03,9.485861408601773889e-03,1.426436298239159572e-01
1.515972372599999965e-02,2.236655912878999786e+00,2.104692674320000068e-01,6.859530068188921348e+01,1.494058990044994442e-02,8.948602861049316515e-02
8.321137643079999924e-01,7.150959635970000061e-01,4.930041808753999888e+00,5.354726931142054127e+03,4.113397323389185629e-03,1.207172605767889151e-01
2.424480876707999943e+00,1.142144181421000049e+00,4.762476295875000432e+00,2.012598832006904922e+04,2.973201907839929659e-01,4.887890627965485351e+02
2.610063864079000151e+00,1.810246656816000055e+00,9.280396819370000383e-01,2.201410306252892769e+04,3.167599711170174248e-02,2.887453895129207915e+00
2.771848628007000048e+00,1.581286497623000109e+00,2.739611676426000120e+00,2.367784089624503395e+04,5.107540731472212485e-03,8.593251022276199302e-02
6.282233501080000115e-01,2.535659794433000158e+00,1.547168438296999904e+00,3.806827197238340432e+03,3.573394443079714322e-01,7.368370550077898997e+02
1.055022641592000099e+00,1.329486927730000101e+00,5.886671497813000364e+00,7.182771764917547443e+03,7.541591778275847681e-03,1.798644253913390598e-02
2.452366593272000017e+00,2.761672782760000167e-01,1.720181966100000140e-02,2.040823037087460762e+04,1.078546894527880780e-02,6.851428876372608334e-01
2.506534125111000044e+00,6.991167522600000295e-02,1.947067808324000060e+00,2.095798982581167002e+04,5.237890130780881864e-02,1.918740115790264489e-01
1.314916552381000026e+00,1.194683640445999950e+00,5.453072936567999740e+00,9.452330021329531519e+03,8.722207970193493476e-02,7.771590916185122211e+00
9.279619412459999550e-01,1.922321773161999925e+00,5.416694548018000432e+00,6.125001106792331484e+03,4.198159788788926455e-02,5.066300030607940208e+00
7.006056013100000479e-01,1.916473760209999933e+00,2.019309038883999818e+00,4.342536814750141275e+03,5.918551543965031581e-01,9.270763655280417197e+02
