1.263257688321999916e+00,9.995025072680000511e-01,1.847388090410000128e-01,8.991354709768940666e+03,7.618804510886520442e-02,6.767651080521723816e-01
1.942450343431000093e+00,2.265349716369000177e+00,4.265446569169999869e+00,1.534011019121566824e+04,1.054028382885396388e-02,7.512100342878101633e-02
2.930375788216999844e+00,1.943486327255999901e+00,1.685564463096999921e+00,2.532284191095749702e+04,1.043027742970030741e-03,1.478356799228155161e-01
5.719516556499999738e-02,2.450644866246999953e+00,6.227852127195999898e+00,2.662280606946987405e+02,2.898050926297503563e-02,2.061280634327686379e+00
2.132523381378999883e+00,2.111249044015000020e+00,1.611234303075999907e+00,1.720497733426558989e+04,1.912124112813697908e-03,3.421703446111025622e-03
2.153221970104000071e+00,3.047045516149000211e+00,2.073853553676999972e+00,1.740990542231853397e+04,2.652052850154793581e-03,1.226421509568383778e-02
1.837714674581000018e+00,1.443592496106999912e+00,1.561810727394000065e+00,1.432654974351474448e+04,4.622154065192744521e-01,5.992567648685895847e+02
2.991081495117999811e+00,1.721093200702999981e+00,4.578500342267999734e+00,2.595642041015166978e+04,2.348033157451292693e-02,1.315413151496272581e+00
2.587323198971999805e+00,1.481555783387999981e+00,4.253003463014000118e+00,2.178153453383248052e+04,1.430393347236543281e-02,2.761994875770556135e+00
2.914161735099999873e-01,8.766893584930000038e-01,3.215140033921000118e+00,1.546346260824734827e+03,1.385228800200903609e-02,2.383606079749668039e-01
2.938989273534999835e+00,1.832439729205000090e+00,4.841612790176999859e+00,2.541261963516872856e+04,4.798658927693125360e-03,4.695774779180740544e-03
1.909252804619000043e+00,2.281555307974000080e+00,6.665622427420000440e-01,1.501771131248257916e+04,7.353884999958011648e-02,6.983288233319904226e-01
1.522063659427000060e+00,4.950072441330000128e-01,2.544692701854000205e+00,1.134206786176082824e+04,8.676683317053445268e-03,5.309911268906514215e-01
2.534607874315999876e+00,2.906304250727000049e+00,5.214869180332000198e+00,2.124368582585855620e+04,6.819163869829630853e-02,2.308052147519214170e+00
1.622948643481000097e+00,1.411298932278999940e+00,4.291340867384000113e+00,1.228347641371619284e+04,8.841933706426344242e-02,5.130232121051237826e+00
1.728944512258999922e+00,2.287249943509999994e+00,1.377386884884000073e+00,1.328555881657869941e+04,6.310035183713533398e-03,3.189652840164532432e-01
2.814037171372000046e+00,1.776061213696999985e+00,4.724069741809999723e-01,2.411424025155766867e+04,1.398388121561877362e-01,1.426515621698293899e+02
1.566842175489999933e+00,1.302330436109999934e-01,5.391219990209999757e+00,1.175836131047930758e+04,5.147433605531381851e-01,2.653595331669653774e+02
7.283271305499999793e-02,1.356424673221999999e+00,6.089501903707000174e+00,3.424591875515018273e+02,1.481925299821261986e-04,1.038279146955827963e-05
2.624923780759000014e+00,1.110954474668000014e+00,1.452725886103999997e+00,2.216625108772886961e+04,1.448427178158444772e-03,4.342094682371674258e-03
1.932566025305000101e+00,1.817024834484000095e+00,4.872971655518999690e+00,1.524401060796772254e+04,5.721182554110598728e-02,8.828060316253558137e-02
9.376832453160000025e-01,9.620430454689999911e-01,5.853403057162999801e+00,6.204524222684273809e+03,4.332760548928251687e-01,7.358300504700066824e+01
2.463230389964000011e+00,1.402996138922999902e+00,4.223403410806000124e+00,2.051833107324025696e+04,2.330047340904500136e-02,2.342369788078194848e+00
4.995295969549999882e-01,1.241350899705000010e+00,3.513949436519999914e+00,2.894396068206416203e+03,3.326335938702953410e-01,4.056504043763230527e+01
6.716330037209999881e-01,1.092172544457999939e+00,3.878543285921999928e+00,4.126285729271485252e+03,3.087005115714540060e-01,1.975123659740624475e+02
2.133005242194999873e+00,1.993790883773000067e+00,4.433739242245000156e+00,1.720974407677105410e+04,5.265550514816033645e-02,2.980426882695358604e+00
2.423239679467999785e+00,1.181889511265000081e+00,1.972861819550000007e-01,2.011343813437015342e+04,4.282290004344551648e-01,3.203022243547555945e+02
2.965755094668999892e+00,9.769820150679999760e-01,2.121514245284000122e+00,2.569185496731157036e+04,1.813451847600298650e-01,1.620588626118676245e+01
2.903702486443000108e+00,3.576572474420000036e-01,4.860916497873000175e+00,2.504508222814136025e+04,2.933795929857909157e-01,1.708996971917451617e+02
2.769215645771999856e+00,2.408074800446000197e+00,3.733396340101000188e+00,2.365063991659894964e+04,1.112704392203931886e-01,2.452272919362688341e+01
1.842064594835999936e+00,1.865690096502000017e+00,5.432990177287999600e+00,1.436843306518867030e+04,6.874659509838162118e-03,8.136933199290689034e-01
5.813335489850000037e-01,2.645317377859999763e-01,2.316030194109000018e+00,3.468172558965687585e+03,1.105747085875009167e-02,8.536942426136609474e-02
1.129910642455000058e+00,2.875420872808999828e+00,2.308263360992000024e+00,7.823358414811899820e+03,9.474179277307250013e-02,8.038716501861005170e+00
2.124862156239999855e+00,6.021743266090000546e-01,4.930652313701999745e+00,1.712921518639108035e+04,2.243630295089849014e-02,5.345309349374930186e+00
4.570850667349999896e-01,8.617802122440000323e-01,4.965654138782999993e+00,2.605810597609300657e+03,7.921909329278654655e-01,6.201448345687779238e+02
1.697495927092999901e+00,2.434305157962000088e+00,3.856086343273999795e+00,1.298692412331478590e+04,2.109195558773388768e-01,1.499507437389920739e+01
2.068636005664000077e+00,2.395069166343999800e+00,5.716938133716999992e+00,1.657468142542137139e+04,9.072210718408285635e-01,4.963889673648669714e+02
2.759195133516000098e+00,6.257720201069999488e-01,5.462099502422000263e+00,2.354715344577600263e+04,7.444036369146680467e-03,3.092458857126299809e-02
8.155224164299999801e-02,1.721340708487000049e+00,4.611474723099999729e+00,3.855877964815815631e+02,1.771266148066064916e-01,6.141897743379136632e-01
6.186930237179999459e-01,2.925476088028000188e+00,1.940567887917999945e+00,3.737445534785027121e+03,1.623770083979823586e-01,1.758012895704600709e+01
2.192233669799000140e+00,1.569358913227999919e+00,9.595652849529999751e-01,1.779707918693277315e+04,8.385282796422205073e-03,2.393885645230049986e-01
2.215741426810000192e+00,1.985015372579000070e+00,1.702776823408000073e+00,1.803096346486127368e+04,6.550648784551460491e-02,7.446886815361631662e+00
2.402401390505000123e+00,1.083316991051999967e+00,4.929404262857000063e+00,1.990289509667893799e+04,3.088006673536878299e-01,5.073179602270300137e+01
2.940759094820000197e-01,4.155265166850000136e-01,1.492466555020000030e-01,1.562442170817579608e+03,7.241492370280214186e-05,2.064885781902316467e-04
8.396334227489999913e-01,2.087921074986000214e+00,1.752774331164000055e+00,5.414210785506560569e+03,5.098446637603804010e-02,6.092613399854476697e+00
1.341811910369999916e+00,9.835416719130000152e-01,4.564317437006000233e+00,9.694060546713018994e+03,2.004981218130773724e-03,3.834035246459562007e-02
2.215253689274999882e+00,1.547361538967999994e+00,5.161324545769999661e-01,1.802610647380002411e+04,4.056403119903050913e-01,5.230403441797238884e+02
