2.970308078562999832e+00,1.939840903236000003e+00,3.561317492096999882e+00,2.573938980441459353e+04,1.499250427584139338e-02,7.740690557714420272e-01
1.057646360718000000e+00,1.095627018856000001e+00,3.957742585486999864e+00,7.205011816311274742e+03,2.466746483872669649e-01,5.069906685376545283e+02
2.871194324714999802e+00,2.424435417819999827e+00,5.211588796880000096e-01,2.470708822761878764e+04,9.542835602507106219e-03,2.682300409447202050e+00
3.793369144029999918e-01,2.259770387634000066e+00,1.174102285099999990e-02,2.094692748167012269e+03,3.060866129952088022e-04,1.557133619766406694e-04
1.470600359435999982e+00,1.156424776641000074e+00,7.899357847079999662e-01,1.086685083167119410e+04,8.376979824394054086e-02,1.922234527725968078e+01
1.114034127349999986e-01,1.038315587083999958e+00,4.580367025475999831e+00,5.365394778013214818e+02,6.538339803407219875e-02,1.271343131884609789e+02
3.258597099450000201e-01,2.491944467281999920e+00,5.516244452839999646e+00,1.757216021582978556e+03,6.097525155792324694e-03,1.680694480669539873e-02
2.952670653673000078e+00,7.143877629889999747e-01,1.670382431721000094e+00,2.555530248052814204e+04,1.714979254943626019e-01,1.359546399861728361e+01
8.872957103440000104e-01,1.329968461636999999e+00,4.206004410998000154e+00,5.795061293159507841e+03,6.964628778679148313e-01,7.614596243239811884e+02
9.803531800879999869e-01,1.000399418401000107e+00,3.352535060361999886e+00,6.556423701279732995e+03,3.641169688979203857e-04,1.073647118919168053e-04
2.702975174301000205e+00,1.441140286925999936e+00,1.304839909485000060e+00,2.296764267937282784e+04,9.832902419767185556e-03,2.546986918358046803e-01
2.842659216424999968e+00,7.984451081090000457e-01,3.144677533643999823e+00,2.441088559334315141e+04,5.471566287472172663e-01,3.409588002301408096e+02
1.432729441740999921e+00,1.014206579139000031e+00,4.208709062389999755e-01,1.051947012276319219e+04,2.147985853958616839e-02,5.491977367635033636e-01
3.244736221019999811e-01,2.068310693611000062e+00,1.502356188887999933e+00,1.748629741088135233e+03,8.679736616578916097e-02,1.306286014628320125e+01
2.737613052698999905e+00,9.252836626839999745e-01,4.666711440211999573e+00,2.332446003616653979e+04,2.593686584613921764e-02,1.158050834341886492e+00
2.919923064459000184e+00,2.587229549694999964e+00,1.134383620731000075e+00,2.521394750009075506e+04,4.112746023461849240e-03,6.196313858955949661e-01
2.502147515516000009e+00,7.305270302130000282e-01,5.027032914870000369e+00,2.091339594694175321e+04,1.266316350731861275e-03,9.704224075552349976e-03
1.054095672460999999e+00,1.536771170344999993e+00,2.486788547459999887e-01,7.174917917154495626e+03,3.134331652897633818e-04,3.876316283398285618e-04
2.928786116636000081e+00,2.654539041551000178e+00,5.094232466785999947e+00,2.530627715755598911e+04,8.957431602950106583e-03,1.762462585752158917e-01
1.124142746969999940e-01,1.315487808689000060e+00,4.397257415654999946e+00,5.417392965640168541e+02,3.339467573342256440e-02,1.245252646178255773e+01
1.573356384326999979e+00,2.647514765204999954e+00,1.896796519765999944e+00,1.181913228772786715e+04,8.170101531431045450e-01,8.520707026458277369e+02
2.534479325387000159e+00,2.011455483144000134e+00,1.589727638784000030e+00,2.124237642832536221e+04,2.305976085653786423e-01,1.385348509514145121e+01
9.486135922100000228e-02,1.541750107428000005e+00,6.252381215496000344e+00,4.522635837806402037e+02,1.268756727240112538e-03,5.855975648117745912e-04
1.466481605449999892e-01,1.167397186070000092e+00,5.143982442262999832e+00,7.211571729780113174e+02,4.382708898427564899e-03,3.474631972666208241e-02
2.806054420969999796e+00,1.682117293049999907e+00,6.207203136640000452e-01,2.403158815117448466e+04,2.971613326033741703e-02,9.405998406881974638e-01
5.675107650840000018e-01,8.761429910870000004e-01,4.311578275039000374e+00,3.369662311611748919e+03,4.646181552194847408e-01,5.651523580695061355e+02
2.076891081663000183e+00,1.326921789110000027e+00,7.824126626549999797e-01,1.665593152956658741e+04,3.269547393366560584e-02,3.087755518967228441e-01
2.419584954103000118e+00,1.173016956014999890e+00,1.950389062833999931e+00,2.007649010132396506e+04,4.823529911777754003e-02,1.016405146797787751e+01
1.489808541836999956e+00,1.212071591930999892e+00,3.273530480156999989e+00,1.104380470906656228e+04,1.015211833616361387e-01,3.490400192642859167e+01
8.898996856499999941e-01,1.821220500978999901e+00,3.019533839151999910e+00,5.816053725243034023e+03,1.247410673474309319e-02,2.648668098095736112e-01
2.471719893597999818e+00,2.774938308749999916e+00,4.466567830578999754e+00,2.060442487725203682e+04,3.862217682028359217e-02,4.901063224391699058e-01
2.040248928462999878e+00,1.815012354757999935e+00,1.651070487801999942e+00,1.629572740703240743e+04,4.506656755618916599e-02,3.641698848056230453e+00
1.263164470693000085e+00,1.943993479146000070e+00,2.402599484410000041e+00,8.990526957727477566e+03,4.729586605031854685e-01,1.054273090630784253e+02
9.811893675900000555e-02,1.359825392836000013e+00,5.842858181193999911e+00,4.687375574177672206e+02,3.685142340744424483e-01,5.026557740581071130e+02
