1.012427777179999988e-01,1.669435039779999963e+00,4.475732364960000043e-01,4.845917366185855144e+02,4.926412609418624050e-02,1.237055085819897116e+01
2.343508611192000046e+00,1.873832451089999962e+00,5.144944759330000394e+00,1.930952068567136666e+04,6.733041863203949040e-01,6.281861059730874075e+01
2.669241872840999896e+00,1.545977155185999985e+00,5.264073051578000317e+00,2.262082970527636280e+04,6.409746659628791088e-01,1.758723454656316676e+02
7.129244737490000317e-01,2.177989953618999941e+00,4.780630543320000037e+00,4.435198392213718762e+03,3.370295479028027202e-02,1.747557093629927172e+00
2.476920058410000125e-01,9.940459509629999690e-01,5.700963888200000218e-01,1.286382474802668185e+03,7.754097246981511704e-01,7.947984578631026125e+02
5.090150822110000028e-01,1.192783137141999905e+00,4.517598165167999724e+00,2.959765196533216567e+03,2.372098896122724898e-01,1.269215566601020306e+00
7.236527307310000046e-01,2.234158633195999943e+00,5.235063525993999711e+00,4.516235764150358591e+03,8.896238764030375279e-01,3.054090417442766920e+02
2.611209913400000193e+00,4.840850737010000127e-01,5.101316532512999657e+00,2.202583236970007420e+04,1.642834832321603544e-01,1.490381382488865425e+00
1.933711215603999944e+00,2.821352997132999807e+00,4.225592391308000018e+00,1.525513994611322596e+04,3.745398654113147319e-01,3.067625470859251209e+02
2.362129256535999922e+00,1.113396417811999939e+00,2.410936671272999821e+00,1.949686508242336640e+04,5.325530130064294598e-03,1.301880720616125364e-01
1.312227486515000097e+00,2.340157463204000088e+00,2.227383008754999949e+00,9.428225213482362960e+03,6.954257234634972362e-02,2.841314253956228053e-01
2.037494916283999924e+00,1.147252842227999947e+00,8.802596946970000502e-01,1.626870123791327023e+04,4.758672313191863457e-01,2.922941760261962827e+02
1.985272753909000043e+00,2.616126705889000092e+00,2.158058085868999942e+00,1.575748466578253829e+04,5.810907061169599125e-02,1.220839451913472544e+02
1.422924206890000098e+00,2.576782263090000136e+00,3.027341037953999781e+00,1.042986122506036736e+04,2.636338842300156582e-01,2.438300433008527932e+02
