6.927044343949999572e-01,5.536410896640000523e-01,1.348653403571000053e+00,4.283327263416080314e+03,7.303775727455285444e-03,1.641546579920774851e-01
1.558439848239000058e+00,8.004745498169999474e-01,3.816938617058000194e+00,1.168005414669401580e+04,1.117867792998737397e-01,1.555973571347605855e+01
2.518974343252999848e+00,2.910827083689000006e+00,3.042318091273000125e+00,2.108452524692981387e+04,9.195252431083587863e-02,3.482499320140330035e+00
2.150864937435000179e+00,1.582250841590999935e+00,5.699219143487000316e+00,1.738655189941096251e+04,1.171493282831675628e-02,1.271867372376838778e+00
1.249350007466000001e+00,2.037230880125000088e+00,6.003083681130999771e+00,8.868023412596190610e+03,2.083732844110904592e-01,1.315016030215323610e+02
1.963776156318000066e+00,2.727912768558999890e+00,1.236344392659999986e-01,1.554775611281118108e+04,3.133482127522988631e-02,4.259052882505598436e-01
5.976314353699999776e-02,1.820419707020000111e+00,3.611062424907999890e+00,2.786475154120594198e+02,1.016289298644525640e-04,1.844318055863260371e-04
1.719974712621999968e+00,1.754509629550000005e+00,2.454911121520999995e+00,1.320027142453323177e+04,2.573700553066301470e-03,4.660691837637012495e-03
5.093734684380000211e-01,8.011134056349999977e-01,1.875641641602999954e+00,2.962241158920397538e+03,4.162753161880098363e-01,2.033846493513010785e+02
2.220819084611000083e+00,2.225549093740999851e+00,5.405402045028999680e+00,1.808153877506395656e+04,1.276159065005678939e-01,2.130377900093711219e+01
