2.667546997531000219e+00,2.351177733480000143e+00,1.108776522029999989e-01,2.260342283263866921e+04,1.627313396129751177e-01,1.824249560726533659e+01
1.226230702986000010e+00,1.424858646119000039e+00,1.713708531945999924e+00,8.663755282180609356e+03,1.533118020664511749e-04,9.533033781868517252e-05
4.496927955399999954e-02,1.239576698180999914e+00,2.765206510289999753e-01,2.076402426381767725e+02,1.015157862782832250e-04,8.918158293840857277e-04
5.674432223130000397e-01,2.257244182553999945e+00,2.941269034969999918e-01,3.369182470924957670e+03,1.417311659870292874e-02,5.874052359321257910e-01
2.189314924350000080e+00,9.203771050739999460e-01,3.215205726819000187e+00,1.776807018852841793e+04,7.677623303941243094e-02,5.442694726582591791e+00
5.280878569800000477e-01,1.024096363635000007e+00,5.530537773052000006e+00,3.092147227056174415e+03,7.223698716448315356e-03,5.648089949431237683e-02
6.549582687120000246e-01,1.432846122403000022e+00,4.770638661559999605e+00,4.002916985697543623e+03,1.017569880570061772e-02,1.320535981491588184e-01
2.812367462750999803e+00,1.825358368854999913e+00,1.151777177864000024e+00,2.409694936553640946e+04,1.542760335530391214e-01,1.309224631572972797e+01
1.932131530119000073e+00,6.307822296180000121e-01,5.474688743686000336e+00,1.523978834585922777e+04,1.448150538648066386e-02,7.462281134936162852e-01
2.192970329906000160e+00,1.662620242348999966e+00,2.594752376997000010e+00,1.780440187896274438e+04,1.977152713074481830e-02,1.012013637719151177e-01
2.705766633311999847e+00,2.568757657944999995e+00,1.831998734883999891e+00,2.299637237037128216e+04,4.666460769430919586e-01,1.552678275036881494e+01
1.655040773857999969e+00,1.246712555428999947e+00,6.109199540348999591e+00,1.258552306277406387e+04,2.478624066300904455e-03,2.744835603032425714e-02
1.213677740065999933e+00,1.557504072058000011e+00,9.118224412219999575e-01,8.553245078586993259e+03,8.983777232198851548e-02,2.231191379261254042e+02
3.521655493010000249e-01,2.512385899253999799e+00,3.520684470537000177e+00,1.921728172680586340e+03,1.916058965085425392e-01,5.737632774724882978e+01
2.993261923323999874e+00,2.055119180014000069e+00,1.647906534450999994e+00,2.597921363415931046e+04,4.098989303714459936e-02,5.595000761107875586e-01
2.231116567444999976e+00,1.665780120229999994e+00,1.740415955718999985e+00,1.818416668299633966e+04,5.225236152182567186e-03,6.902374774574697447e-02
2.695131809870000006e-01,1.182346554291000107e+00,2.137740775730000209e+00,1.415016498274234664e+03,1.703413872883120794e-02,5.597754186591338277e-01
4.700062046999999715e-02,2.421400558369000144e+00,5.576531891451000256e+00,2.173125279322056826e+02,6.095184679945384737e-02,4.406889349908235110e-01
2.613789917431000198e+00,8.594640707770000443e-01,3.092646577392000218e+00,2.205224050563924538e+04,2.581357153927866036e-02,4.413171407196800344e-01
2.495240120175000076e+00,2.675625492981999809e+00,5.828822564332999612e+00,2.084320187954822541e+04,1.069748721269708908e-01,6.042483396349351388e+00
2.497657386608000074e+00,2.026187587618000219e+00,4.132371202309999880e+00,2.086776292043452486e+04,2.810283944088043037e-02,7.132836588118394161e-01
3.964856991119999896e-01,1.662409271675000078e+00,4.025096104829999910e-01,2.205402215527960834e+03,9.305746033852416721e-01,7.831386361852308937e+02
1.559180007200000051e-01,1.319264217661999972e+00,2.697903219619999793e-01,7.708304385148310303e+02,2.439637439136112806e-01,1.259869304286200844e+02
2.767348085192999907e+00,1.354509083853000062e+00,2.986933026846999795e+00,2.363134785330832165e+04,8.353509999703655209e-02,1.453381922352704869e+01
3.575381353670000206e-01,8.883564010450000215e-01,4.104580856969000102e+00,1.955686519500238774e+03,1.671514656289497733e-02,7.569153839748783419e+00
2.561701940518000153e+00,2.003868975704000022e+00,5.743966827280000409e-01,2.151989944181614555e+04,2.938662905594049621e-02,6.334762291290345182e+00
1.381804385279999936e+00,1.199191034657000055e+00,2.689883192811000079e+00,1.005560653868961526e+04,9.515760707708148872e-03,2.378817272889994783e-01
2.647220287879000100e+00,1.478433217882999973e+00,2.456060772114000201e+00,2.239479892239122637e+04,2.076359596072761739e-03,3.681080192171915736e-03
1.802884470606999967e+00,7.628059060399999813e-02,1.461834087561999951e+00,1.399187246422523458e+04,1.855133665449415839e-02,4.536255678142437353e-01
2.816710187891999784e+00,2.761355558675000044e+00,2.399872678113000202e+00,2.414192452156723084e+04,6.077878158372346587e-03,2.672542107461901850e-02
1.433393384011000027e+00,1.660163066118000019e+00,5.210907331031999767e+00,1.052554281471571267e+04,1.368022093300326203e-01,6.975469372729980932e+01
2.079261546587999998e+00,2.251961254788000133e+00,4.286110071562999835e+00,1.667927336090248718e+04,9.849563080358900158e-02,9.816875360744884915e+01
5.221756900230000165e-01,1.694577890266000031e+00,4.560841406485000249e+00,3.050978123384506944e+03,3.021259859835832007e-01,1.858350301873905153e+01
2.154818932547999832e+00,2.029913532529000086e+00,3.989333682489999866e+00,1.742573068124531710e+04,6.885914319360527530e-03,9.342416786615959090e-02
2.988075248178999832e+00,1.249781132595999988e+00,2.031725317562000033e+00,2.592499848272945383e+04,2.284143588557508917e-03,1.199573571942103879e-02
2.049319212045999983e+00,9.663024902829999707e-01,3.636325802382000205e+00,1.638478396070493181e+04,1.595786444536487908e-02,3.692078148693851980e-01
9.668876062650000325e-01,1.502342308128000070e+00,4.247116906882999920e+00,6.444880845893550031e+03,2.642272188819779974e-02,3.287797083254444974e+00
3.195906607299999758e-01,1.528276286172000065e+00,1.661401078798000031e+00,1.718447988121003391e+03,1.571471989205152752e-03,9.923895855876788130e-03
2.775773753010999823e+00,2.563671377971000087e+00,4.641456352518999573e+00,2.371839923188742614e+04,1.225435420746812977e-02,3.247268732628229015e-01
1.519985034045999939e+00,1.150640677246000054e+00,3.653394773368999981e+00,1.132280572331671101e+04,9.888621458640435742e-04,2.954515951413717780e-03
1.479613583089000040e+00,1.370504554528999996e+00,1.407382563199000014e+00,1.094982157252232537e+04,4.228209218847720635e-02,1.788199327107035552e+00
4.725700798110000211e-01,1.073405087030000038e+00,6.078001687923999974e+00,2.710341808665010831e+03,2.397691938568946232e-02,2.345129621270575448e+00
