1.057196853106999956e+00,1.978978296776999990e+00,4.302377471980999957e+00,7.201200469749343938e+03,2.346569857418942251e-01,2.544933076153255911e+02
2.377065775673000037e+00,2.307742486545000027e+00,1.333358891465000085e+00,1.964732328350572425e+04,1.408151215557472066e-02,2.361176469388301669e-01
1.643808977755000011e+00,1.405097318331000045e+00,5.814918857672999764e+00,1.247967427799592224e+04,8.275766465545210393e-02,2.207422521500167178e+01
2.438306237220000117e-01,2.866526280815000050e+00,5.873058070133000186e+00,1.263853558934990133e+03,7.907785672837119861e-01,4.887288223431285132e+02
2.857576542629999827e-01,1.793137013591999951e+00,5.965648983448000209e+00,1.512208711470228764e+03,6.328026288354249296e-02,1.022053782731232197e+01
2.664066173694000117e+00,2.072991358644999949e+00,1.450154907763999912e+00,2.256767932338260289e+04,9.030459244253609755e-03,9.630362819807508634e-01
1.187534518639000058e+00,1.923457963755000000e+00,7.583966039780000168e-01,8.324018838305537429e+03,7.337088726326557349e-03,5.812819584969802084e-02
5.098243186799999993e-02,1.971038274964000081e+00,2.811604340663000023e+00,2.363440364648028833e+02,1.716082217806196020e-02,1.766837070586778413e+00
1.255578937155999997e+00,1.780969420444000084e+00,2.692575597748999794e+00,8.923219191181500719e+03,3.276432555527121829e-03,7.060682794983753723e-03
8.252041266999999847e-01,2.316700259971999909e+00,1.164890047942999995e+00,5.300217654744168613e+03,2.809575302559434566e-04,5.736605034782900174e-04
3.235733892120000177e-01,1.743496196084000083e+00,3.397207019194000033e+00,1.743057596484035003e+03,2.657531928043806516e-02,5.879332148602393060e-01
8.738033500520000496e-01,2.596355862855999952e+00,5.032756733609999866e-01,5.686592370370835852e+03,5.957321938724655791e-02,1.344063301637998364e+00
1.427314871619000058e+00,6.318073218759999721e-01,5.747021223443000260e+00,1.046996986021615157e+04,7.556935271073742313e-03,1.145820816036449835e-01
1.842520891628999902e+00,1.466544784944999957e+00,1.984468931762999988e+00,1.437282762245097729e+04,1.026715114848135157e-01,2.158130043011529438e+02
2.889090524190000009e-01,1.344792504838000058e+00,4.018596027725999775e+00,1.531203087383722277e+03,1.179803244198107948e-01,5.015490349403859938e+01
2.600698668192999996e+00,7.131411464779999765e-01,2.076303330175000017e+00,2.191828578731134621e+04,1.812907292505570520e-02,1.073011614631898425e+00
1.104547133440000051e-01,1.367392866482000091e+00,5.333506869309999843e+00,5.316646094038234196e+02,1.338581495888483547e-02,2.846493291880160537e-01
1.438497636871999941e+00,1.520932241401000029e+00,2.941373705824000151e+00,1.057224990082749537e+04,1.865224301051704361e-03,2.365377177553286692e-01
2.923628624995000092e+00,2.164449568126999957e+00,3.163356507769999881e-01,2.525254457410461691e+04,1.917381575186544868e-02,4.845607392441118932e+00
2.510910346086999922e+00,1.664919730268999976e+00,1.043541403999999947e-03,2.100248826152029142e+04,6.868999682711481036e-02,1.988498516146427875e+01
2.010971955136999778e+00,2.573976784215000091e+00,6.195739676881999891e+00,1.600876010020032663e+04,1.248873853366683356e-01,8.049422205763536908e+01
1.092959146187999941e+00,2.230505149929999931e+00,1.804860971954999949e+00,7.505798924707308288e+03,4.059560753608191380e-02,4.941120297874343592e+00
2.506313196583000114e+00,1.514663730389000040e+00,1.290277042270999930e+00,2.095574356594033088e+04,2.116676043740193733e-02,1.925540585053256315e+00
1.564050327776000060e+00,1.344707912835999997e+00,1.410809647380000031e+00,1.173233237069387542e+04,7.828864525598101115e-03,1.999407598185266866e-01
2.620086354690999819e+00,2.576994683250000140e-01,1.674120002338000068e+00,2.211670642627381676e+04,1.215405736356742761e-01,1.128707364030922378e+01
2.016588948268000170e+00,1.987513722624000057e+00,2.138327607108999828e+00,1.606375845682749423e+04,1.883844970591481705e-01,5.505687766211672596e+01
2.174202695084999970e+00,1.287834545738000047e+00,5.413291710923999744e+00,1.761797922131384257e+04,6.476157661056022863e-02,1.775299260710147564e+01
2.229873171858999914e+00,1.362192060746999944e+00,2.209216815240000020e+00,1.817177028284147673e+04,1.102620572032309842e-01,6.948056101079156122e+01
2.847564556130000035e+00,1.359721314633000055e+00,3.803334648808999852e+00,2.446177200631742744e+04,5.619731234293334071e-02,9.096141838656231826e+00
5.559558656400000187e-02,2.175483444241999909e+00,1.868355068694999899e+00,2.585118723776893148e+02,8.824154384276719075e-05,5.521310640845123174e-05
2.544866841681999947e+00,2.417698909923000183e+00,2.514781728432000207e+00,2.134821624804476596e+04,4.938595738472574825e-01,1.104273556697115737e+02
1.731262869100000032e-02,6.584971619130000065e-01,4.392300905163000202e+00,7.845377760128917544e+01,5.239249096823625496e-02,2.515426657549457268e+00
2.579942108897999908e+00,1.975939356267000013e+00,2.524456657883999977e+00,2.170611865075292735e+04,6.227232813302060327e-02,8.011579720076097644e+00
2.946785904876000117e+00,1.077103051011000012e+00,3.563416384058999853e+00,2.549391825995450563e+04,3.510716387771302127e-01,2.404415148763525281e+02
8.040167129159999648e-01,8.518139031079999812e-01,4.636785428568000356e+00,5.133977695120535827e+03,1.000872286734579746e-03,2.328525400548881082e-03
7.266594883579999831e-01,2.135462495817999962e+00,3.181609284347000077e+00,4.539004014481809463e+03,6.699063388788819608e-03,2.858175260001746126e-02
1.664512804299999871e-01,1.619717005559000000e+00,3.088585629006999955e+00,8.278260806247760684e+02,5.837426214831952648e-02,6.147167986493795411e+01
2.793502497386000094e+00,2.343811372415999905e+00,5.068374461600000380e-01,2.390170124736451180e+04,1.773315837963389541e-01,9.466863039970744964e+00
6.263531947010000378e-01,1.277970993824999901e+00,2.244783345941999908e+00,3.793190528598554920e+03,2.157997752905844308e-02,6.421053442154218693e-01
2.604185891184000123e+00,2.274534795865000181e+00,4.851856915258999869e+00,2.195395788716423704e+04,1.155452542051264436e-01,6.240403727746947737e+01
2.504837675096000194e+00,1.069697749161000022e+00,4.149644085832999707e+00,2.094074242834106917e+04,2.363029682733947673e-02,5.133716832427627219e-01
1.780830325571999939e+00,5.384441824140000499e-01,5.498651368994999622e+00,1.378059872096240906e+04,4.866397203526613702e-03,2.222850560217261642e-02
