5.658632652970000398e-01,8.425738126030000164e-01,6.271096946122000304e+00,3.357962286601054984e+03,8.621615776223669550e-03,3.367529179982990395e-01
1.624942972743000036e+00,2.943552624902999959e+00,5.012631462376000435e+00,1.230221154616153035e+04,1.100349819187498466e-03,1.133109218090838123e-02
7.662746873100000078e-02,1.901095535332999908e+00,1.138716957755000037e+00,3.611745237745892609e+02,3.057556945455468939e-02,4.172164631989296324e-01
1.396818534052000071e+00,1.751446466882000008e+00,4.870112599729999880e-01,1.019196734147350253e+04,1.670612500063374528e-01,2.769139768433570907e+02
2.185079782358000156e+00,1.334691917490000046e+00,1.123944932991000067e+00,1.772598956641983750e+04,1.831264798940966752e-03,2.198347884993558706e-03
4.210746615100000034e-01,2.686827887664000158e+00,1.275793500270999914e+00,2.366174498090832003e+03,1.570044068985908259e-02,4.743168879234809787e-01
2.207308772831999999e+00,1.795779647493999986e+00,3.028995812798000120e+00,1.794701534565712427e+04,1.343887368212484147e-03,1.502659559277337575e-01
2.656177970813999867e+00,1.936464782772999937e+00,4.087853794322000134e+00,2.248670517676674353e+04,4.112488544696678901e-04,5.009142106496062424e-02
7.089929173179999600e-01,1.185835566171000055e+00,7.388142983540000319e-01,4.405579910900973118e+03,8.800752688904001780e-03,4.318028116868985467e-01
3.775644299229999890e-01,2.293225066979999838e+00,2.783436833326999871e+00,2.083317415752789202e+03,2.066297241966153636e-02,6.514334264394840979e-01
2.701509585284000092e+00,1.697562480606999991e+00,5.478275600939999990e+00,2.295256059811956584e+04,3.901058376091913905e-03,5.111349918774662354e-02
7.676751419900000595e-02,9.567244123629999875e-01,9.612965526969999841e-01,3.618668179197407540e+02,1.536926705687190198e-04,1.316849335495898405e-04
2.150957464634000171e+00,8.176982932059999598e-01,9.223180327690000402e-01,1.738746857061585615e+04,5.580167601094034383e-03,5.198249092871894822e-02
2.539631284432000147e+00,1.533284991930000007e+00,3.740025327950999845e+00,2.129486170550926909e+04,6.037455374470986069e-02,6.694980655206013154e+00
2.941287630270999820e+00,1.791748380300000054e+00,3.749114784761999886e+00,2.543658225415331981e+04,6.546402204505485933e-02,5.502944733496516960e+01
2.003560356596000069e+00,4.315839925239999819e-01,3.422672369983999818e+00,1.593623240378043010e+04,1.319443719060419962e-01,1.074905269116714379e+01
1.645123543750000028e+00,8.255090788929999590e-01,4.419212909842999970e+00,1.249205520865039398e+04,3.322132243249602268e-02,1.150679816294457858e+01
2.482986054817999833e+00,1.658095848694999930e+00,1.427702236660000068e+00,2.071875258300773567e+04,8.380737768954760192e-02,3.234559365344552795e+00
1.637188831259999977e-01,2.281010624444999912e+00,5.638177106218999590e+00,8.129850239426950793e+02,6.636905272199036809e-02,7.388972744269226567e+00
2.355414114280000026e-01,2.041910685056000041e+00,1.485161227699999920e+00,1.215731341976576005e+03,4.471222705458698793e-03,2.911632465662844282e+00
1.827379588481000017e+00,1.959665057567000046e+00,5.694631099462999835e+00,1.422711390916750133e+04,1.292499878295356270e-03,2.394159318498231565e-03
2.158494833466999996e+00,2.024041068405999955e+00,6.107786951757000260e+00,1.746216520513485375e+04,6.861672845683944866e-01,9.126001039581741736e+01
1.637187381228000005e+00,4.881847135360000145e-01,3.609064320418999827e+00,1.241734083360407385e+04,2.375762502687262662e-02,3.461579130452560271e+00
2.950226851816999840e+00,2.207935929862999913e+00,4.969224315980000029e+00,2.552980865559531594e+04,4.390414370543729849e-02,3.595869690933279461e+00
1.972276251193999963e+00,7.415072630390000530e-01,3.636610015847999922e+00,1.563063597588786979e+04,1.752014122218493010e-03,1.499579450946088126e-02
2.218916206235999944e+00,2.322377693061000059e+00,9.763486290499999443e-02,1.806258302536955671e+04,1.530879955961888909e-02,5.246095800268395060e+00
1.221860880816999950e+00,2.329209772005000012e+00,5.372866276549999931e+00,8.625253191799789420e+03,6.365765830994427055e-02,1.887233377083197183e+01
2.412178026891000027e+00,6.989371547760000469e-01,4.299008285731999557e+00,2.000163732365054238e+04,9.144402344823341147e-03,1.138171428258363538e-01
2.267727246198000035e+00,2.757893284086000207e+00,1.627992929364999952e+00,1.854969765279389685e+04,3.874255438987808109e-01,4.546072686725296421e+02
1.761312084912999953e+00,1.957865182236000035e+00,5.927784052857999697e+00,1.359404068705837744e+04,3.597672010800686548e-01,1.296084970703061003e+02
4.298175177300000288e-02,1.965676634457000027e+00,5.272494883710000524e-01,1.982006701181027779e+02,1.697822968968766555e-02,2.773731387418056915e-01
1.158414780483999929e+00,6.252708027860000017e-01,2.662026680409999901e+00,8.070207272217119680e+03,1.041204109915221457e-03,3.508636940238889224e-02
3.510443127740000002e-01,1.249643628292000042e+00,5.602864754445000095e+00,1.914656415006164025e+03,1.924496758948760627e-02,2.617253607372395097e-01
1.903321075884000013e+00,2.238983973092000035e+00,6.077161763540999573e+00,1.496021433887165585e+04,8.412378581961567348e-02,4.238296526648771589e+01
2.789424050256000154e+00,4.724520122559999757e-01,2.274603375239999947e-01,2.385951711225069084e+04,3.326549471238084144e-02,8.528168671998917816e+00
9.693986638849999560e-01,9.322640949680000011e-01,2.101459573779999868e-01,6.465647412852546950e+03,5.331621889232599498e-01,2.609654350161220577e+02
1.298838430033999902e+00,1.281090282612999953e+00,2.514057450032999963e+00,9.308381531555502079e+03,7.856991101222753071e-03,2.394908687950808357e+00
9.521607125450000098e-01,2.716805480380999782e+00,4.762593171656999580e+00,6.323405949540657275e+03,2.192056748114729406e-03,3.917265051583497526e-03
5.717671691179999627e-01,1.443645570766999953e+00,2.821405429338999848e+00,3.399930667177097348e+03,2.423847065527167388e-01,1.911919827454762242e+02
2.731569419818999922e+00,6.934425012049999504e-01,5.778084444630000149e+00,2.326215602711581232e+04,4.611165498650513506e-01,5.626982072943635558e+02
2.289137061150000041e-01,1.616540515742999951e+00,4.568344952639000311e+00,1.177492707934978625e+03,1.002842016199617936e-01,1.012940356636644346e+01
1.634659456253999998e+00,1.949381378583999957e+00,5.690716564863000038e+00,1.239355729875826364e+04,4.433314482791454736e-02,8.519593860161292298e+01
2.549989799205000018e+00,1.631163255354000086e+00,1.486522485810000127e-01,2.140044060069405896e+04,1.048197259310942007e-02,1.611092207391146836e-01
7.164297846799999592e-01,1.051911550807000051e+00,4.537058245289999903e-01,4.461641602078698270e+03,2.757472038871839823e-02,7.553095596256556021e-01
8.926060172119999470e-01,2.162430661513000008e+00,2.314459679962999950e+00,5.837891149210075127e+03,8.088915798841335159e-01,3.507988008513460159e+02
1.672141178638999914e+00,2.407586867496000149e+00,3.420112601000000092e-03,1.274695657660921461e+04,5.211369757394310742e-01,5.062837745227544417e+01
9.830548369860000468e-01,2.217100733117999933e+00,2.470410542368000062e+00,6.578856585820614782e+03,1.865178762355838848e-02,7.166796412248508386e-01
2.275993160177999908e+00,2.306626523634999870e+00,4.858475701208000430e+00,1.863236798414343502e+04,1.089630200086806472e-01,2.440444227206619854e-01
