7.768565707210000060e-01,1.463847030881999967e+00,2.214248773018999916e+00,4.922923587313867756e+03,1.698117086893694838e-01,1.322625557405625614e+02
1.159608579316999899e+00,5.144487655859999453e-01,5.990324053800000215e-02,8.080580550814948765e+03,3.732855058191359571e-02,9.046200363457803206e+00
2.695436395324999790e+00,1.729618293911999949e+00,3.743374456300999853e+00,2.289007660184143242e+04,1.556761389834767917e-01,7.071914115202630455e+02
7.718778909519999898e-01,1.155782173551999970e+00,6.264038622902000419e+00,4.884491625544193994e+03,1.909312115597758827e-03,8.416287226012317962e-03
2.155572775961999810e+00,2.168570216412999851e+00,4.535177275809999742e+00,1.743320163595271879e+04,1.014040119247385744e-03,3.909286820661737015e-03
2.182102273708999896e+00,1.593710385320999956e+00,3.067674706351000147e+00,1.769641333382253288e+04,1.609806915868126354e-01,5.028203292911796751e+01
2.610191809071999991e+00,1.705230061003000008e+00,1.156216114920000093e+00,2.201541247568699328e+04,2.516988537601358086e-02,3.963516855831275887e+00
2.835708261793000062e+00,5.078543345629999983e-01,5.991524756806000163e+00,2.433880154626877629e+04,2.295407472200374898e-03,6.352046688528734109e-02
4.755092046320000265e-01,1.501381046806999908e+00,3.634358643375999787e+00,2.730280931908099774e+03,1.237965663315079567e-01,5.063123500007382205e+00
2.946262407502000080e+00,1.380987710522000089e+00,5.344257910631999842e+00,2.548845853548443120e+04,1.116510862763775251e-02,6.525844551734465426e-01
2.118692161853000133e+00,1.925596964069000050e+00,2.719977610018000203e+00,1.706823488488865041e+04,1.052026788223570358e-03,9.072600074580312738e-04
1.093459905490000023e-01,1.849535542032000102e+00,3.350781118487000221e+00,5.259738400914096701e+02,6.116629000691168327e-01,6.771009245046271872e+02
2.781831677175000017e+00,1.016202945027999904e+00,5.713221392166000001e+00,2.378101325296049981e+04,3.910434738804084431e-01,3.334147767831088345e+02
2.372900172605000080e+00,4.182947025509999861e-01,5.730885885478000041e+00,1.960534630066969476e+04,6.784567573005941821e-01,6.449022532955915494e+02
1.431566899087000078e+00,2.932446647398999851e+00,1.855024369571999898e+00,1.050883854908407739e+04,1.036261654835446411e-02,3.253128525174831531e-01
9.232151620200000630e-02,1.590010811486999964e+00,2.527185633514000163e+00,4.394611827390060057e+02,2.920417290152011163e-03,4.013402108985267280e-02
5.831179289610000094e-01,1.837766740736000104e+00,5.147593750397000179e+00,3.480933880567339202e+03,2.637130883137633885e-02,5.006639150323210607e+00
2.192351336893000102e+00,1.528809895678999942e+00,3.618388491921999961e+00,1.779824879620780121e+04,2.756233444289455936e-01,3.104720525597122105e+02
6.677007864200000531e-02,1.334521569822999965e+00,6.121075762251999564e+00,3.127336105648330999e+02,4.433369927488709471e-03,1.673792255813467378e+01
1.396403698385999981e+00,2.366610087987000011e+00,1.406928871911000023e+00,1.018819516959960674e+04,2.171404060471620601e-01,2.689317810292321198e+01
2.321643472567000099e+00,1.539084261473999904e+00,4.647835895318999988e+00,1.908985401434809319e+04,4.460321087327362433e-02,3.480847772482194458e+00
9.548869654930000062e-01,1.677139209634000094e+00,4.074664576490000245e-01,6.345852343600524364e+03,1.702699880404184851e-01,5.632759409321113075e+00
3.113866819050000179e-01,1.524970936466000015e+00,6.063296963505999670e+00,1.667972847218243714e+03,2.733349346734409435e-01,3.452646677759932459e+01
1.605982787432000070e+00,1.376886988200000106e-01,4.866979449530000057e-01,1.212428694090627505e+04,4.910798390178570255e-02,8.186010653075735943e-01
1.457356507677999957e+00,1.196472665753000042e+00,1.496584245181000083e+00,1.074513912404028088e+04,7.137323888555346940e-02,4.903983766160479263e+00
1.634389804425999904e+00,2.119295508646999782e+00,5.797555087302000310e+00,1.239102077286938584e+04,3.608688040303871525e-02,2.237348770755261285e+00
2.010907674660999955e+00,2.058437112172000205e+00,5.266383147471000115e+00,1.600813085997594862e+04,1.029811648822471504e-01,1.720550110385308074e+01
4.206545661100000166e-02,5.913681044140000065e-01,1.487714291644999909e+00,1.938568558189482474e+02,8.274931038587363119e-02,2.813650213689452784e+00
1.703074612580999903e+00,2.025582113157000208e+00,1.374693508567000011e+00,1.303982005430661411e+04,5.410239489122908689e-03,2.785968069083223919e-01
1.619223866145000024e+00,2.188060690799999986e+00,5.842361480473999613e+00,1.224849770311097200e+04,2.151367330530198907e-02,5.515823111539850387e-01
2.557368831933000131e+00,1.171872594145999980e+00,1.967662071489999942e+00,2.147569363887789223e+04,4.883128314242287174e-03,1.298610200948338046e-02
2.317343688882000041e+00,1.642747168772000110e+00,4.653694374432999936e+00,1.904669763132731532e+04,4.133403941536942933e-03,5.871305895447354560e-03
1.756545752112000036e+00,2.036523901820999960e+00,5.329492955370000118e+00,1.354854462231976322e+04,2.861795206063180719e-02,1.899834498079397527e+00
2.738691220699999818e+00,1.625438961209000110e+00,5.188284846858000066e+00,2.333558424774808373e+04,2.309788167017054819e-03,2.290148205246538178e-03
8.925284731039999642e-01,5.438787049750000158e-01,5.317596738738999740e+00,5.837265164302755693e+03,1.156222793095236234e-01,5.408087249636248650e+00
2.964147464172000035e+00,1.425863399602000037e+00,3.391866019221999817e+00,2.567507063801242111e+04,6.905047761819883834e-02,2.643382202257686941e+00
2.153321169580000027e-01,1.516459094288000076e+00,4.876164274398999687e+00,1.099801506336935972e+03,2.546145888959806536e-01,4.509793771717504285e+01
1.207936715720000054e+00,1.125957400964999966e+00,3.025635270395000020e+00,8.502799249328925725e+03,2.289949352607173472e-02,1.028867363735978424e+00
1.811447502589000003e+00,2.038268865712999922e+00,2.485787743098000213e+00,1.407403906748794179e+04,1.932726743789587309e-01,4.787100478741998622e+00
1.078177624257000033e+00,1.733231521977000034e+00,4.610430750266999667e+00,7.379566088928480895e+03,6.689826404169899043e-02,2.471400896595429553e-01
2.713618850770000090e+00,1.644537722633000021e+00,3.373863660879999893e-01,2.307721341137447598e+04,2.422674009985122459e-02,1.278039744840289704e-01
1.126351050692999900e+00,1.441682625736000034e+00,2.411619067969000163e+00,7.792645736692756145e+03,3.711856134951100894e-01,1.144151096510478851e+02
1.725938796184999902e+00,2.540635709743999993e+00,5.554252890244000262e+00,1.325696977677203358e+04,1.787189242327670916e-02,2.251888138991954946e+00
