1.714522496243999994e+00,1.186260572709999961e+00,5.201168643796999724e+00,1.314847295161432521e+04,1.918678139089673995e-01,5.656249834181096503e+01
2.152757226329999884e-01,1.773328996280000014e-01,4.741127387750999844e+00,1.099480798980238433e+03,1.941702751502777380e-01,1.365985765843207673e+02
2.635147628078000182e+00,1.141720011212000063e+00,2.442489106541000154e+00,2.227101122411155302e+04,2.200128635246041686e-01,1.186987849827589514e+02
8.626771436360000100e-01,9.415562810040000175e-01,5.025854556982999988e+00,5.597531679373209045e+03,2.006446162891689644e-02,2.766014615846831837e-01
2.887699490212999986e+00,1.737999781530999988e+00,1.964685402693999938e+00,2.487862309023258422e+04,3.969509013642682875e-03,2.790699643012024053e-03
2.828114830805999791e+00,1.494788195948000054e+00,3.798753454228000148e+00,2.426008637567895130e+04,2.006448078573968563e-01,1.500324364432877644e+01
2.259415195534999921e+00,4.317890615159999945e-01,8.886247229549999460e-01,1.846661815316778302e+04,5.504618457440162427e-01,7.693792342948134078e+00
1.884381627210000021e+00,1.046407939710999990e+00,2.844300183605000143e+00,1.477685706265668705e+04,3.047492432130056716e-01,1.338687937880817174e+02
1.083210281448999890e+00,4.406382606320000117e-01,6.221138642025000109e+00,7.422492247386017880e+03,3.538148086019020540e-03,6.355411640632294135e-02
6.015519403350000349e-01,2.626728497289999797e+00,5.961565385979000098e+00,3.613357983020980555e+03,4.978632543748089806e-02,4.700065078333979685e+00
1.319210969038999925e+00,1.255652937730999952e+00,4.070766944413000132e+00,9.490849550569084386e+03,7.682508552010772207e-02,8.557462771301082682e+00
2.574186485010999892e+00,8.265976774819999706e-01,3.551730972540999787e+00,2.164733497730431191e+04,1.093070586627167134e-02,3.042782200012286720e-01
2.025661960065999967e+00,2.195385163265000106e+00,4.182734395879999845e+00,1.615265494729954480e+04,4.144175510213575497e-02,5.378729900547132736e+00
1.898076546383999919e+00,1.496374655919999963e+00,1.607734187049999930e+00,1.490940649698308152e+04,6.942802772154346713e-02,4.629048463028993865e+00
1.387472194304999906e+00,1.685613230334999990e+00,6.121333387319999986e+00,1.010704179561785713e+04,7.323895538560167354e-03,6.921283142259704313e-02
