1.285734354838999893e+00,2.152843075452000043e+00,3.919401113356999922e+00,9.191375516777110533e+03,4.879912938912567277e-01,3.350788392733242631e+02
1.965782685395000007e+00,2.055201772744000177e+00,5.318699858158000282e+00,1.556731479879415201e+04,1.246511539770095434e-01,1.061585816752255198e+02
3.467884754230000088e-01,1.150708677461000029e+00,3.094599386764000037e+00,1.887862404627938758e+03,2.011942423750630315e-01,4.690414114861609391e+02
1.180120282192999914e+00,2.058090905390999925e+00,4.421932478380000142e-01,8.259242016879492439e+03,8.052658419690413363e-03,9.659052508124033737e-03
2.846156499605000167e+00,5.615990641070000011e-01,5.081263864739000269e+00,2.444716387724877131e+04,2.080483055939547771e-02,1.043889237349955579e+01
5.465229631860000215e-01,1.117869683849999962e+00,3.970361877764999825e+00,3.221277640182177947e+03,3.762595423351993741e-03,8.232253278135824581e-02
1.829683911522000050e+00,1.872705426130000017e+00,7.236272673170000003e-01,1.424927498477100380e+04,3.665262041763693579e-02,5.866927355314485837e+00
2.768450674790000066e-01,4.984790593519999868e-01,8.786005411199999671e-01,1.458734260600202333e+03,3.137864068804111254e-04,3.162945607266582412e-03
9.619470356499999486e-01,1.788920157291999935e+00,3.059553014914000002e+00,6.404067916835525466e+03,1.584637945277025950e-01,6.998856379914831116e+00
1.211022350831000072e+00,6.543111204679999959e-01,2.993769660824999956e+00,8.529904954696759887e+03,6.922336871013110571e-01,3.547372865901572823e+02
5.090953010769999620e-01,4.749489650670000174e-01,2.260717778611999851e+00,2.960319361279143777e+03,6.965408907188699351e-03,6.993841591016675130e-01
2.061525541883999946e+00,2.527163833684999972e+00,1.923412704518999927e+00,1.650474352023914253e+04,7.734395320681359820e-01,4.130830659809482199e+02
2.280470051033999912e+00,1.335480436332999954e+00,4.568630655759999826e-01,1.867716439419984090e+04,5.516080261475418967e-01,5.139872496831566195e+02
