2.661390574898999883e+00,6.999723983890000500e-01,4.577393319420999696e+00,2.254020941588123605e+04,1.583823709974515812e-02,8.585418647012598922e-03
1.301390923020999901e+00,3.024323099157999906e+00,4.487983906249999877e-01,9.331205843532809013e+03,1.009560682915514596e-01,1.806001655791132521e+01
2.052110008522999962e+00,2.600787101998999873e+00,1.641618108564999901e+00,1.641219963832701615e+04,4.527439781129190266e-02,5.788536986920673755e+00
1.680693602762000083e+00,1.226590865891000082e+00,3.378307069442000099e+00,1.282781926595226469e+04,9.352617167772347972e-02,3.713253443451721036e+00
2.578786013620999906e+00,2.939147501671000029e+00,3.888089422979999821e+00,2.169430941100375640e+04,1.215600461113152059e-03,2.852812374200756895e-03
2.049156704829000031e+00,2.680469030394999841e+00,5.106946891581999992e+00,1.638318776091495056e+04,2.777466549010407584e-03,4.740920341642868713e-02
1.381238209459999977e+00,5.624356918209999501e-01,1.023044514241000069e+00,1.005046963627591322e+04,3.942712262926893058e-03,3.774226395328840467e-02
2.667279438706000150e+00,9.137580621109999690e-01,2.654155042589999791e+00,2.260067266782495790e+04,1.191503678144917311e-01,2.238182819233460563e+01
2.895570992046999859e+00,2.986468600798000139e+00,2.629856473070999900e+00,2.496048290437038304e+04,6.127537743846114132e-02,7.917764987290834711e+01
2.121945741538000085e+00,3.031624774966999780e+00,3.583045214875999918e+00,1.710038729816256455e+04,6.137637428896000136e-04,4.664652726027585634e-04
1.870042013082999999e+00,1.869875781139999971e+00,2.138526602934999854e+00,1.463826171910113044e+04,3.481843760986942388e-03,1.120040733954089096e-02
1.577070304870000106e+00,2.226823393890000058e-01,4.467804501960999985e+00,1.185380289163627640e+04,1.487813612885168640e-02,1.572332625533433337e+00
2.150871394501999934e+00,1.507205089721999958e+00,3.893501899149999779e-01,1.738661586991869262e+04,6.133830575404528723e-02,4.188062054110199739e+01
1.470159631914000009e+00,3.001937159753000017e+00,7.498414261860000263e-01,1.086279660884139048e+04,1.304540534850857393e-02,1.387786089180853555e+00
2.539704073465999912e+00,1.007505629434999994e+00,5.400295560638999959e+00,2.129560336400519736e+04,6.434698860826610911e-01,7.437839060006572467e+00
5.707067929039999488e-01,2.857020888637999967e+00,3.301861014472999845e+00,3.392384585775623691e+03,2.533982028030639100e-01,4.417374392091194295e+02
6.052401937729999792e-01,1.002933040455000091e+00,2.348335120025999867e+00,3.639981186826319117e+03,8.126628099068567909e-03,5.630015531830648290e-02
1.039790616072000073e+00,2.835968976164000122e+00,1.819433403299000052e+00,7.053959549148378755e+03,1.882213847893878314e-02,1.546918918838660240e+01
2.664544119896000041e+00,9.756966412740000205e-01,4.799741793414000313e+00,2.257258686411967938e+04,3.020619376074676898e-01,9.058073433815930287e+01
1.693866507260999965e+00,1.486239697372000013e+00,4.359968933713999739e+00,1.295252953493567657e+04,5.139906762222535598e-03,1.779582839217723781e-03
2.816641531022999967e+00,1.382437093645999981e+00,2.980015767300999929e+00,2.414121339681860263e+04,1.781862545916636708e-03,7.720263820670933419e-02
2.577342599146000168e+00,9.211950200890000051e-01,6.023715252860999847e+00,2.167956665088328009e+04,1.530513979966610927e-01,2.378065641155844503e+02
1.502686173347999921e+00,1.686046728326000110e+00,5.105354344239000142e+00,1.116271848292995492e+04,8.845431167971912201e-02,7.851464435343691761e+00
1.190590692171999976e+00,2.614730847954000126e+00,4.883664646304000101e+00,8.350750221770878852e+03,1.441491487027083407e-01,5.653482034284839131e+01
8.755754920299999577e-01,2.485176268278999956e+00,1.763269360425999910e+00,5.700810020703780538e+03,7.332233111050345635e-03,2.096616972014252525e-02
1.029320797528000098e+00,5.182766520729999993e-01,6.517961395789999557e-01,6.965722977242850902e+03,1.682089318327429639e-01,1.410036648381866087e+02
4.405348565350000190e-01,1.059971105510000067e+00,3.449378492275000152e+00,2.495067944181421808e+03,2.285251567727057120e-01,6.670178770346930719e+01
1.176647054310999918e+00,1.299604384658999967e+00,1.318339731380999913e+00,8.228932830394076518e+03,3.918702655298373326e-03,3.014672126164398298e-03
1.682565672336000073e+00,2.697942829331999803e+00,3.642060042368000072e+00,1.284553050421821717e+04,1.506615296207319266e-01,2.112324033702515536e+01
1.824049758461000037e+00,2.685154464727999901e+00,2.804847586929999803e+00,1.419509985038834566e+04,1.427344981831175919e-01,1.860565530582814731e+01
2.984894102278000005e+00,2.484884749317000097e+00,4.650469273780999835e+00,2.589175357566660023e+04,3.388531342982329785e-03,7.684278092951002045e-03
1.875273323960000016e-01,2.257535688360000070e-01,2.683187194409999865e+00,9.436037349249277213e+02,5.859652880544173950e-03,4.963014099403787599e-02
1.853468244184000024e+00,2.949345933516000162e+00,2.679860964527999823e+00,1.447832261627333901e+04,4.906843799088584507e-02,4.046870940446773091e+00
4.150202062800000258e-01,2.839566328946999896e+00,6.061620274993000379e+00,2.326369231112659236e+03,1.215861603116771411e-01,2.431883108980368036e+01
3.937107466449999982e-01,7.254836105369999455e-01,2.292707777190000074e-01,2.187407849471420377e+03,1.947598740017114638e-01,2.666105020941417365e+02
2.064935894709999942e-01,2.537585811126000124e+00,9.714020369229999785e-01,1.049730073493287364e+03,3.830245430320394773e-02,1.342160614824567721e+00
9.449899472539999845e-01,2.166862486023000134e+00,2.772375957429999982e-01,6.264456157231296856e+03,2.198032095848156172e-03,2.942710027073820039e-03
1.412793076573999995e+00,5.000788843090000491e-01,3.140203745016000081e+00,1.033742032153395485e+04,2.391937767620441020e-04,6.769536871107243781e-05
8.510307603450000258e-01,1.297856193310999995e+00,5.306435183909999909e-01,5.504687315837210008e+03,7.547215427871628232e-03,3.893147044388827610e-02
2.730389014992999908e+00,2.117548794431999948e+00,3.268236305969999922e+00,2.324998854206901888e+04,9.771704544249612805e-04,3.668821853220942202e-04
1.977155450704999984e+00,2.776877196991000218e+00,2.661202666609999934e+00,1.567824021701643505e+04,6.328421189413700743e-03,4.362467506111076809e-01
