2.546069179543999805e+00,6.789191547149999728e-01,3.534281233189000115e+00,2.136047158599257818e+04,2.583656141903665215e-01,1.632558462183269299e+01
2.912115040543000077e+00,2.053943541195000222e+00,6.133906750516000095e+00,2.513264372795535019e+04,1.327305497520546093e-02,6.333882656648088805e+00
6.961127551010000136e-01,2.314616175817000077e+00,1.001393526431000103e+00,4.308846995481334488e+03,8.568459621581285546e-02,7.425942548516030861e+00
2.054030492672000108e+00,1.877004326573999959e+00,5.564217881709999647e-01,1.643107058984239484e+04,2.458641625646254547e-01,2.229342906396638284e+02
8.973278681359999620e-01,2.903311677052999862e+00,3.675937301632000054e+00,5.876039997806426072e+03,2.451101912179305398e-01,1.681319313854982340e+02
2.479084091285999936e+00,1.998547268533999999e+00,4.166387200418999903e+00,2.067914616461742480e+04,6.444492820173568226e-02,8.826543016925805674e+00
1.855521799663000015e+00,1.306973321122999909e+00,1.542504771850000012e+00,1.449812516834990856e+04,3.440823286398179692e-01,4.368236932626172688e+02
2.241311279062999873e+00,8.887602433529999679e-01,6.090791031392000399e+00,1.828585063600644571e+04,6.129148565950516547e-02,2.256142302951185030e+01
1.751546546504000101e+00,1.727741044899999912e+00,4.138437046545999642e+00,1.350085146645292662e+04,3.510994781509696461e-01,1.140540800026550414e+02
1.461208533965000056e+00,1.342267859421000020e+00,5.068260377469999689e+00,1.078051428180947551e+04,1.374819927276160151e-03,1.886442609779847290e-01
2.540928314687000089e+00,1.446535274299000084e+00,4.781276730252000284e+00,2.130807783963695329e+04,3.316227249488115647e-01,2.941777171480395836e+01
8.495608328139999665e-01,9.967887530789999451e-01,4.089239915590000329e+00,5.492997074421257821e+03,1.246919998377125222e-02,4.744687468633288496e+00
1.357632100757000027e+00,2.856241305070999825e+00,3.888346326889999816e-01,9.836784450741284672e+03,5.488914788294491087e-01,9.343530147749859225e+02
8.151464496800000514e-01,2.396556631316999919e+00,5.871770851067999786e+00,5.221131908371730788e+03,2.241739498792373886e-01,3.476415050707577592e+01
2.269608877158999949e+00,1.780172858692999904e+00,6.106359927811999988e+00,1.856851196077090572e+04,4.606147494324175015e-03,3.170184327310179850e-02
2.637382275974000212e+00,2.158269221084999856e+00,2.972763453378000076e+00,2.229391751364793527e+04,7.598666953362664955e-01,1.523057352453561180e+02
2.517581606019000162e+00,1.466145523155000019e+00,7.887880136839999778e-01,2.107035397831326190e+04,2.071018255955259235e-02,2.058353862803384837e-01
1.753805845415999931e+00,2.340110877716000015e+00,1.928064193548999938e+00,1.352240216085358406e+04,2.653174806201751695e-02,1.085777707389193436e+00
2.182374934809999889e+00,2.228648879106000180e+00,5.722709253928999651e+00,1.769912144645303488e+04,5.057695250586279664e-04,3.937190320659739347e-03
9.914533393540000406e-01,1.386842024127999951e+00,2.293204931721999795e+00,6.648705598416076100e+03,2.955603433126590199e-02,6.286743884692565842e+00
2.467353311876999911e+00,1.182019530797000062e+00,3.428997195886999805e+00,2.056013638542484478e+04,3.655804686146393086e-03,9.217602804141186018e-03
2.117181216709000058e+00,8.687632031740000205e-01,5.859375040439999793e+00,1.705330645389751589e+04,3.375126408745340867e-02,2.771722082902248641e+00
6.170454880579999690e-01,7.467045276249999475e-01,3.208162297438999833e+00,3.725479398230499100e+03,5.974145867464968340e-01,4.455533046043942846e+01
2.753466353430999991e+00,1.400024997849000030e+00,3.565467543062999844e+00,2.348801650358449842e+04,2.256457935553257688e-02,2.615146689435994820e-01
1.631932882005999952e+00,1.081616740220999962e+00,5.436406003870000170e+00,1.236791329051759385e+04,1.047834789020510131e-02,1.609106464788136348e+00
2.831729367180999990e+00,9.185431685899999588e-01,4.921238319400000200e-02,2.429755149499999243e+04,5.433258994804591735e-01,9.616452441673055773e+01
7.751068045379999605e-01,1.869211698038000025e+00,3.549894873313999888e+00,4.909407435269707094e+03,3.330908411480042186e-02,2.709315269104648483e+00
2.354508572652000087e+00,1.172680669245000029e+00,1.858791704701999947e+00,1.942016225387883605e+04,1.118497429341531839e-02,6.483757601689928984e-01
2.452228845751999842e+00,2.039848778247999928e+00,3.348455118762999838e+00,2.040683486558033474e+04,1.018844933602694458e-01,2.926737054843565833e+00
9.865067533069999950e-01,9.297685526469999795e-01,4.575745392872000217e+00,6.607544974263711993e+03,1.505267954141635001e-01,4.336964198709405593e+01
1.902706610035999946e+00,1.374988916658000049e+00,1.877067446560000130e-01,1.495426016478678321e+04,4.796547601313122522e-02,1.287724526178201501e+01
2.566829027243000105e+00,1.424710807289000014e+00,1.233468709680999975e+00,2.157222221399190676e+04,2.626589789550928811e-02,1.429348489153770441e+00
2.564825518427999995e+00,5.365635937930000043e-01,5.566875408666000169e+00,2.155177431968468591e+04,1.425915325795860250e-02,1.453623355401201522e-01
5.755637328899999849e-02,2.274486506269000063e+00,4.123687401730000146e-01,2.679725934643435608e+02,2.418235745225435496e-01,1.353250939487121514e+02
5.617144500520000472e-01,1.564193931931000092e+00,5.337239006737999780e+00,3.328537819139005933e+03,5.043197939233574900e-02,2.993589182248045155e+00
5.365371605769999608e-01,2.694479978622999816e+00,5.320918142751000168e+00,3.151189392175389457e+03,7.229673113547054400e-03,1.507994757374429839e-02
2.134793326061999785e+00,4.708792794030000062e-01,5.979306393423000188e+00,1.722743411322287648e+04,1.729668300416351001e-02,1.584733556158474110e+00
1.305390390094999908e+00,7.997114828779999796e-01,5.766036126130999584e+00,9.366990519167873572e+03,1.818871733458822804e-01,1.627434464815375748e+02
