2.672076697033999970e+00,1.535204375603000049e+00,2.309777783724999978e+00,2.264994800524584207e+04,1.781838805880259224e-01,6.958293132488873312e+01
1.264027265319999926e-01,5.385279858079999871e-01,4.299765831639000169e+00,6.142771776024763994e+02,4.501910103540031349e-02,2.669907546438068380e-01
6.153487007819999910e-01,8.584686112499999577e-01,3.991262886151000000e+00,3.713164238373371063e+03,2.171735389370760966e-02,7.860503980082850228e-01
2.275095681547000037e+00,1.063376246455999929e+00,7.559624926369999942e-01,1.862338961379107059e+04,1.262904609860240612e-01,5.461218391421666496e+01
1.698781439708000107e+00,1.076908628306000093e+00,2.569355363321999874e+00,1.299910989956432240e+04,3.576044578491350406e-02,1.407964973677758025e-01
1.284871152253999949e+00,1.361820954918999904e+00,2.078379300587000156e+00,9.183678061968324982e+03,1.839603836753329613e-01,2.691503418195605235e+01
2.010612632298999891e+00,2.665470728103000120e+00,3.735558658513999930e+00,1.600524263281627645e+04,3.383706459994885278e-03,3.832338733820034923e-03
2.464773906302000217e+00,2.214494437697999807e+00,1.438949764455000002e+00,2.053398056548023305e+04,7.955325466432158765e-02,5.321189522855871878e+00
6.370868034879999531e-01,2.918293113224000201e+00,4.693300071052999733e+00,3.871600633017892505e+03,9.606309751163070055e-04,1.000234059348203107e-02
1.323264871572999990e+00,1.384698041610999963e+00,3.870198969855000115e+00,9.527239082537200375e+03,1.857250908120803429e-02,1.277638632384205664e-01
1.109450080133999927e+00,7.185332909420000247e-01,5.344727716001999696e+00,7.647173331968668208e+03,1.482512098221910601e-01,1.431423799274190571e+02
1.719723840616999899e+00,2.363640008585000007e+00,5.269327000851999898e+00,1.319788718407772831e+04,1.006864340278025918e-02,3.157514139007167597e-01
2.580602354214999838e+00,4.208212662379999802e-01,4.018925357500000017e-01,2.171286325295977440e+04,4.020876946513529671e-01,2.752140510984268644e+02
2.495048523742999791e+00,2.439183218928000052e+00,4.045209635801000125e+00,2.084125531341130045e+04,1.072264985750974627e-02,1.566156686878003579e-01
2.954848626688999946e+00,2.107599204127999837e+00,2.661965716057999920e+00,2.557802568677103045e+04,8.838791779924496219e-04,1.971840691039489918e-02
7.714140284999999597e-01,2.670691193152999965e+00,4.044023299407999872e+00,4.880915013538077801e+03,3.908837490243850799e-02,2.550451732992943121e+01
2.868770221965000200e+00,1.296644313337000032e+00,5.232160780826999869e+00,2.468190764046241748e+04,3.366817473754069590e-01,4.248108168039919974e+01
1.415078251378000029e+00,2.178825252479999808e+00,2.750018824864000067e+00,1.035825820081034544e+04,1.375775462423462214e-01,6.366596731120359465e+01
7.480360306940000426e-01,1.220594681849000107e+00,2.721885330231999855e+00,4.701576253704261035e+03,1.538051901170088727e-02,2.049148691391092514e-01
2.846911238630000174e+00,2.083922830631999901e+00,2.711654747202000060e+00,2.445499392048367008e+04,2.428954922569544206e-02,3.676655684680604774e-01
1.779614080843999968e+00,2.076833744877999877e+00,1.537834195005000071e+00,1.376896200271019916e+04,1.406508446278877805e-02,7.896244995500147079e-02
4.828199250260000186e-01,1.114113795923999950e+00,2.713883495705999849e+00,2.780012216090835864e+03,6.761511888101832124e-01,3.399685716865866993e+02
2.132759979932000061e+00,8.585006801900000317e-01,5.407406112560000366e-01,1.720731782977138573e+04,2.956143311389043508e-03,2.032446889614324473e-02
1.659191575251999895e+00,1.076564431411999978e+00,8.326676676969999580e-01,1.262467715876162947e+04,5.473058144743944524e-03,2.790120467842642782e+00
1.941058920469000082e+00,1.013953115715999997e+00,1.007121538560000085e+00,1.532657669341764995e+04,2.038831077055455396e-02,8.123603543463527865e-01
2.075411008405999791e+00,2.616849446672000035e+00,3.211967109069000070e+00,1.664135973622697929e+04,3.844857409384924152e-01,1.377521251368526123e+02
2.038770696469000221e+00,1.510405955513999920e+00,4.125789566319999935e+00,1.628122013270228490e+04,5.727081956261391438e-03,2.654052799601841831e-02
2.506176096153999833e+00,2.765149717428000198e+00,7.647032659870000026e-01,2.095434968561086498e+04,3.180386061482618626e-02,1.607616793843035019e+00
2.039790807011999885e+00,1.130222651586999971e+00,4.745486634995000230e+00,1.629123120861703683e+04,7.725223777328521502e-02,1.029006320967293320e+01
2.443188007159999842e+00,1.554435626709000040e+00,6.255967160824999596e+00,2.031527139144729517e+04,4.531040427708658488e-03,1.893160808116361310e-02
1.053152743575999972e+00,1.677857522015999914e+00,4.484097999277000035e+00,7.166930803116146308e+03,1.526442108786874204e-02,1.416051509156524224e+00
2.097298087247999820e+00,1.762377488794999891e+00,2.457456686196000106e+00,1.685703304835768358e+04,3.514046414254366063e-02,5.835810878194992668e+00
2.331737470374000143e+00,2.667840362286999945e+00,1.244171699470999926e+00,1.919121925855369045e+04,2.126222804951592889e-03,3.491650278383984229e-02
2.615162491841999781e+00,1.955542023343000091e+00,3.947303818910000039e+00,2.206629145759647145e+04,1.569269181571668337e-01,2.255035636390562388e+02
2.145699624180999798e+00,1.588911298535000016e+00,1.363302292815000039e+00,1.733538956957737537e+04,2.371416287334714504e-03,4.182749555306210232e-02
3.124217738689999968e-01,1.816131645845000087e+00,2.960438573925999961e+00,1.674325024255716926e+03,1.493781186392522308e-03,6.011643532665426198e-03
9.804937364900000174e-02,1.565852003527999914e+00,2.433829991856999886e+00,4.683851384923957539e+02,5.691865114812729798e-04,7.192120602037375011e-04
7.721474364389999678e-01,2.477699328809999990e+00,2.845811566905000145e+00,4.886570255067270409e+03,3.205562639524353087e-03,1.695860435229186100e-02
2.798775266163000097e+00,1.884057405986000022e+00,6.520736283629999797e-01,2.395625271672923191e+04,2.720184136496952565e-01,1.356329842691970953e+02
2.221511637118000149e+00,1.091722766900999897e+00,4.436324911299999840e+00,1.808843839781658608e+04,4.718218962479081395e-03,8.081091668902680436e-02
1.285846204554000005e+00,1.023456338933999898e+00,5.359389883819999589e+00,9.192373013012060255e+03,7.970584380984437889e-01,2.283858946531192373e+02
1.776092377529999988e-01,2.461223263453999888e+00,2.976020094583000208e+00,8.888346636813167834e+02,2.933436240457974048e-03,6.735513165028490790e-02
