8.575566296069999650e-01,2.581208956461999993e+00,1.505452410284999987e+00,5.556662952164869239e+03,3.747883320406865115e-01,4.551926754118222789e+02
7.186284908500000235e-01,2.335509284117999851e+00,3.195920618849999784e+00,4.478245295474042905e+03,2.334182442523093093e-01,1.339650216266140603e+02
1.691049209962999900e+00,1.944999560037000030e+00,1.126901126272999987e+00,1.292584137036954780e+04,3.310561399045839400e-03,1.097586920187322394e-02
2.811709421091999950e+00,1.600356195790999969e+00,2.539398753935000030e+00,2.409013535419074105e+04,1.392664789338372844e-01,1.032686075162418859e+01
1.463877044333999899e+00,2.631977267776000051e+00,5.513264477972000144e+00,1.080503273271695980e+04,3.798069747716032590e-02,1.405853536810373505e+00
5.824503097440000277e-01,6.531729705509999873e-01,4.033187275505000002e+00,3.476158090264491875e+03,1.179451435127337397e-02,1.610920700811891537e+00
2.164903924424999904e+00,2.082898146738000111e+00,1.274321778008000061e+00,1.752571626885919250e+04,9.323398389086200860e-03,3.421614622550472884e-02
1.240858308294999990e+00,1.209422487661000023e+00,4.421701218061000027e+00,8.792886078068451752e+03,8.285801515674783013e-02,1.188710122022657023e+00
1.633879891394000028e+00,1.188152384702999997e+00,4.239342730807999615e+00,1.238622446602519449e+04,9.586751524222629495e-02,1.047200022807709985e+01
6.464970791420000529e-01,1.553997389210000080e+00,3.553113979378999865e+00,3.940627657748651473e+03,1.057614152704813848e-02,1.810318326559118562e-01
4.132413297200000085e-02,9.812693033889999805e-01,5.734077898954000219e+00,1.903462355163066775e+02,4.975617167832004362e-01,2.579577283683133828e+02
