1.034361803776000066e+00,1.991014670205000003e+00,8.364851560429999999e-01,7.008175918948957587e+03,7.273836056050758669e-01,6.116410885094603600e+02
7.429868425890000516e-01,2.812691904758000128e+00,4.220604548604000250e+00,4.663066171235327602e+03,6.134745403978673212e-02,1.957805951040631598e+00
1.552837203150000123e-01,2.315573644399000042e+00,1.280295553084999982e+00,7.674170280707317033e+02,2.912913231458836086e-03,1.057031081179411920e-02
1.019225270126000060e+00,1.845269703425999941e+00,4.906143581282999655e+00,6.880877953519428047e+03,5.076841728206589466e-02,1.691450533579314630e+00
1.029047804675000011e+00,2.394041091840000135e+00,4.133008201693000316e+00,6.963425425905562406e+03,6.919915698273924054e-01,9.251169373269975722e+02
7.339726195899999583e-02,2.030321298351999815e+00,4.158238399643000349e+00,3.452381662630834285e+02,3.148065005856284988e-04,8.224154980878084715e-05
1.991523276186000002e+00,1.338742676399000020e+00,5.082753732332999874e+00,1.581854527036718900e+04,2.268782040962884772e-01,3.956565680817134734e+01
1.794537405240999917e+00,8.007564418470000112e-01,2.164056800006000092e+00,1.391185034126618120e+04,1.764376389813782087e-01,1.766790334835209819e+01
2.899077221190000109e-01,6.600610519759999573e-01,3.491602001572999825e+00,1.537231720406081195e+03,4.478177844028890520e-01,5.726391426785487226e+01
2.830544339734000214e+00,2.402383191303000043e+00,1.421520506323999955e+00,2.428526778094660403e+04,3.520598110526954993e-03,5.677433100097054042e-02
1.497030500476000059e+00,1.777543683263999919e+00,1.232000885620000014e-01,1.111046517872710137e+04,1.749516681738479476e-03,3.793777076056655678e-02
1.785278679824999992e+00,2.116903772950999851e+00,1.734883479787000082e+00,1.382317239168382912e+04,1.035252241000846479e-01,1.392548561611029534e+01
4.817114047559999945e-01,2.817618560236000214e+00,3.333984785085000180e+00,2.772459138772766892e+03,1.151121277246062655e-02,3.448297926280986525e-01
1.561344324468000089e+00,1.187563752880999912e+00,2.560445211692000012e+00,1.170711303471357678e+04,8.143592349608357317e-01,1.936681745382320230e+01
2.868864011274999903e+00,1.855455891220999964e+00,5.344961852908999944e+00,2.468288199535919921e+04,6.389963880165035193e-02,1.100090110015216105e+01
2.271390095395000142e+00,1.038503672515000087e+00,1.450774601500999905e+00,1.858632468764103396e+04,1.990564416847362406e-02,6.407346162383617538e-02
1.409158501702000077e+00,1.550808876125999936e+00,1.953995197835000086e+00,1.030429338904306132e+04,9.831469953322669736e-03,3.788067503740102371e-01
2.849936207625999973e+00,2.030854375165000114e+00,2.090403837029999878e-01,2.448637976442789659e+04,2.024274003068592953e-01,6.243545576034213695e+01
2.601363322979999837e-01,1.001205460690999915e+00,2.622029487627000055e+00,1.359467664049321911e+03,1.426213004635792647e-01,2.271405872189710351e+01
2.254237702658000053e+00,1.566049173818000018e+00,9.857614630509999865e-01,1.841489537768451191e+04,2.418930405101550329e-01,6.336400524402295531e+01
2.671287085413999840e+00,5.079113875040000003e-01,3.781977771193000049e+00,2.264183691346963678e+04,9.520311817184455572e-03,3.344651393554158858e+01
2.945073656816000085e+00,7.946705552280000084e-01,2.270405617975999935e+00,2.547606122777241762e+04,7.551050348247027866e-02,2.859028568336417386e+00
1.580497546084999927e+00,2.340648473009999897e+00,4.442074492122999985e+00,1.188581231032271353e+04,4.074600714636046617e-02,4.322371368133160807e+00
1.622089695509000062e+00,2.015076322419000032e+00,5.409423337692000011e+00,1.227540872705185575e+04,5.047263630150204683e-02,3.597540399962213531e+00
2.720407144250999831e+00,1.654416815725000101e+00,5.122274346316999960e+00,2.314712950627185637e+04,7.227238038292106443e-04,5.716960253119745747e-03
1.078331883456000062e+00,6.968395887480000050e-01,4.838188007254999867e+00,7.380881039436580977e+03,2.064556130333765425e-03,2.263520549384899147e-02
2.625521864836999786e+00,6.035494243939999448e-01,3.990415125464000123e+00,2.217237766371126418e+04,1.814492739903625362e-01,3.081738574654168019e+02
2.003305982988000000e+00,2.867039780948999805e+00,4.464289491278999655e+00,1.593374401730196587e+04,5.111584102459127733e-03,3.352728601663942931e-02
1.848065358763000043e+00,1.343315165146000023e+00,1.462107352167999919e+00,1.442624247721530446e+04,3.951301718780291794e-01,5.169965697005969787e+02
1.562684834598000005e+00,7.828568287089999744e-01,2.321089393767000075e+00,1.171960515058695273e+04,4.924734731092680340e-01,8.702251941551088521e+02
2.628108924336999941e+00,2.223931228605999788e+00,5.761626035367999776e+00,2.219888106956138290e+04,1.908957171868814751e-01,4.204422162516746830e+00
7.353216403529999612e-01,2.097314399796999851e+00,1.369740002421999892e+00,4.604733589568243588e+03,1.015954394990202514e-02,2.276228275746877416e-01
1.415510758096000021e+00,6.775115607180000055e-01,3.576790377996000192e+00,1.036220296011703795e+04,1.944732259289322918e-01,8.693590342274504223e+00
2.307309350441999918e+00,1.228046913970000098e+00,4.749573265529999921e-01,1.894603734132809404e+04,1.626101961078803837e-01,2.932161565732437580e+01
5.589325124180000159e-01,1.760479311586000017e+00,4.003169503458999579e+00,3.308839063780320430e+03,3.743331835274733843e-02,7.655059537121745583e-01
2.081462544497000078e+00,9.129579434629999657e-01,3.553811885558999961e+00,1.670095071563296733e+04,2.240341196640956850e-02,3.525011401332742156e-01
2.135445256119999913e-01,3.647232267919999771e-01,2.463761219764999844e+00,1.089643340819871810e+03,1.481186472560642965e-03,8.384861259964635286e-03
1.447286571628999985e+00,2.803929973499000194e+00,1.264812126769999934e-01,1.065275996667279833e+04,1.708835165794522076e-02,1.033644840357435424e+00
6.354913301150000304e-01,2.314926967040999983e+00,4.132319320241999883e+00,3.859923603030246340e+03,1.297519897601077249e-02,3.876058649709400450e-02
1.716902953001000043e+00,9.877760828230000012e-01,1.805700483574999904e+00,1.317108430286965449e+04,4.675003436711717697e-01,2.614112706449982397e+02
2.745460578093000148e+00,5.873793044470000391e-01,1.111299755552999979e+00,2.340540642851185839e+04,1.286075420423495874e-01,8.238465049316155842e+01
2.889126993024000001e+00,1.607494807769999978e+00,5.959097872787999961e+00,2.489346586181542807e+04,2.647217071644853981e-01,5.389880826755887711e+01
