6.200754412729999610e-01,1.198832283018000044e+00,6.889844112759999639e-01,3.747492510525130456e+03,6.747581611726546046e-03,6.429943489996462480e-01
2.519477458668000214e+00,2.427786187333000001e+00,2.800928838000000254e-01,2.108964482166773450e+04,3.225542023764552818e-02,4.506534498052258697e-01
1.745878887871999963e+00,2.625916886624999780e+00,2.181160389247000175e+00,1.344681340533579169e+04,8.896466313069145704e-02,5.894796584450582522e+00
1.378838036534000056e+00,1.626849227956999933e+00,1.339611792851999938e+00,1.002870409347758141e+04,3.645598110697176319e-02,2.854271623413163983e+00
2.049784806887000155e+00,1.673971382491999949e+00,5.672604372934999972e+00,1.638935731814456085e+04,1.641211725361273466e-01,1.141237614936882920e+02
1.958882058069000065e+00,1.328255949130999980e+00,1.792605304789000042e+00,1.550006618598525893e+04,4.422509023872350231e-01,3.811529451025273119e+01
1.795538780041999960e+00,1.051824955230999947e+00,4.262969063931000058e+00,1.392144659910926202e+04,2.172885742387683020e-02,8.148624187363797677e-01
2.866045815626999893e+00,1.176615055655999997e+00,5.608051546952999900e+00,2.465361101224764207e+04,2.902295782925217726e-01,4.649539067140658517e+02
2.055882751297999800e+00,2.150212136033000210e+00,6.183662392623999970e+00,1.644927225545730835e+04,7.516449004393652026e-04,1.191998542247517742e-04
4.160644113529999855e-01,3.390065519880000044e-01,5.563753070787999633e+00,2.333224276229986117e+03,3.289324201367312406e-01,1.184846454121408641e+02
7.428089454999999841e-01,1.326549524277000014e+00,1.555600921758000021e+00,4.661710587881605534e+03,1.895395808468853804e-01,5.202273329589301554e+00
1.178277566445999902e+00,1.996224065705999973e+00,4.324805107462999842e+00,8.243158672250900054e+03,1.810875073055437656e-01,3.611751975499937117e+01
1.542655421687000095e+00,1.830801622445999977e+00,4.946234188015999678e+00,1.153318767862732420e+04,1.312786209330630283e-01,5.358037402215472866e+02
2.936938238774999821e+00,2.055715089410000029e+00,2.258909422207000084e+00,2.539123850054036302e+04,3.138360411933575622e-01,2.642923967811270813e+02
2.687777661869999779e+00,1.243514512421999951e+00,4.914103631339999945e-01,2.281131146384379099e+04,4.000447514996451764e-02,1.071007961737994130e+01
2.205034164771999983e+00,1.527663111484000025e+00,6.260705890725000167e+00,1.792438093380436840e+04,6.516123486349043037e-02,1.123297703370423584e+01
2.750813581251000173e+00,1.787479835262999917e+00,6.175918371056999590e+00,2.346063877581814450e+04,4.810392929599905006e-03,7.698854355577363640e-01
1.745361585136999905e+00,1.199471513965999936e+00,9.474318538839999748e-01,1.344188286519222311e+04,2.748334590376013895e-02,6.853694906183662283e+00
4.241447889250000158e-01,2.076803952775999829e+00,2.953255718143000141e+00,2.386413216245181502e+03,1.962745655579768364e-02,9.163856202924068883e-01
2.734323084874000109e+00,8.379107476930000020e-01,3.575349807303000116e+00,2.329054280199995264e+04,9.517944512979681360e-02,2.598213851829786147e+00
2.750112820737999897e+00,1.137243206963999942e+00,4.243843886304000002e+00,2.345340738156802763e+04,3.916748801037282096e-02,1.068901905536679919e+01
6.124616744209999686e-01,1.227791555855000105e+00,2.641314962056999782e+00,3.692230731511832346e+03,8.662182863731975740e-03,1.235534343275393049e-01
2.280779021304999876e+00,1.169980268271999968e+00,6.132213842512999946e+00,1.868025661267881515e+04,1.015030482495418024e-02,1.541066492077825534e-01
2.609994240337000004e+00,2.015098370456000154e+00,4.387436411316000040e+00,2.201339052547202664e+04,1.227606820379408131e-01,1.396071397848076501e+01
2.044364846709000094e+00,7.924149653969999596e-01,4.328069905790999705e+00,1.633613056774576398e+04,1.985231976913429813e-02,3.748528550745536259e-01
2.628649183517000054e+00,2.164696928140999788e+00,1.903725481224000093e+00,2.220441636432489031e+04,1.147764410273336561e-01,8.176842119315137936e+00
2.432586150687999993e+00,3.155945257550000216e-01,1.316538266151999981e+00,2.020796972359862048e+04,4.288772221723073652e-02,3.474767049204374181e-01
2.360202956948000086e+00,1.168555513874000029e+00,2.241685802160000018e-01,1.947747292369456773e+04,3.529289002234733963e-01,8.439869462307828485e+01
1.723268842480000007e+00,1.445177947004000041e+00,5.841432859754999818e+00,1.323158268969611709e+04,1.955547231853683454e-01,1.937220389547131205e+01
2.258676966494999938e+00,1.669933831268999969e+00,1.144818455066000107e+00,1.845924202869868168e+04,5.317884673383257293e-03,1.029678971148911271e-01
6.374932445980000528e-01,1.691983281191000055e+00,5.535601954608999620e+00,3.874576533428014500e+03,3.921717936152032125e-01,2.079844292814616153e+02
2.066476480148999872e+00,2.122921102579999886e+00,5.680415458965000219e+00,1.655343584655622544e+04,5.640878794293167908e-03,2.425244843969170117e-01
2.013686655661000025e+00,1.746206582309999922e+00,5.900274393350000146e-01,1.603533732818383760e+04,2.009677606246076595e-02,4.418602878396030165e-01
2.645374441573999924e+00,2.202659504968000004e+00,5.276754225170000367e+00,2.237586668802322674e+04,3.959154751255795218e-02,1.259896756065580981e+01
1.860592082614999976e+00,1.242129018816999997e+00,4.039522634697999770e+00,1.454703561025497766e+04,1.033572123148157433e-03,2.638556927730298634e-03
