2.938917679540999917e+00,2.609501568624000178e+00,3.326774480610000251e-01,2.541187324769911720e+04,5.540373917531694614e-01,5.387363532221969535e+02
2.742129815561999973e+00,2.083690916754000089e+00,4.613805911330000065e-01,2.337104794057572508e+04,1.864993180356915720e-03,3.977312205996607133e-03
1.665475024467000020e+00,2.043750312928000135e+00,4.613129145359000205e+00,1.268398608384421095e+04,6.967869536449619594e-02,4.902327295459170120e-01
2.144749497907000091e+00,2.787887248132999929e+00,2.193315497741000097e+00,1.732598100862916544e+04,8.558520723125145890e-02,2.082574513553640472e+01
2.896850269605999895e+00,1.177948413319999998e+00,4.371144207879999577e+00,2.497378997628698562e+04,3.789471796229845930e-03,4.919501104900260435e-02
2.534180032490000123e+00,8.296363407029999637e-01,3.015231981618000212e+00,2.123932793691753250e+04,1.969211829308221418e-01,9.388655482877574343e+01
2.751274635189000062e+00,1.802065123318999929e+00,5.216233819894999790e+00,2.346539674312385614e+04,1.237698849146325747e-02,3.008972436137350992e-01
7.812428730589999759e-01,1.376684381146999980e+00,1.867996172942999911e+00,4.956849244629932400e+03,7.817955598167135312e-02,7.527338386857381636e+01
1.432588699125000087e+00,1.879211397993000077e+00,1.995438948696000026e+00,1.051818291167875395e+04,2.239750792278843161e-01,2.599799858457172945e+02
2.179495602790999964e+00,1.536940607897000044e+00,3.277947867458999909e+00,1.767052514695711216e+04,1.341545153105702937e-01,7.291774641780112631e+01
1.427346202090000071e+00,1.831288250490999969e+00,6.803081471199999841e-01,1.047025643844597471e+04,1.964709030483664451e-02,7.361993390445044083e-01
7.008104760379999520e-01,7.905583583209999654e-01,1.528467227420000074e-01,4.344074421649573196e+03,3.469604957991383101e-03,4.568615092577382221e-03
1.137296442440000055e-01,1.252918753564000065e+00,3.023142473096000149e+00,5.485140163217754434e+02,6.103668521187417470e-03,1.125399790536125433e-01
1.198399540290999932e+00,9.081590840580000545e-01,5.200729950206000041e+00,8.419130775009132776e+03,4.577958028196101731e-03,6.650552906010081741e-03
1.454041743446000012e+00,2.756036758496999806e+00,2.622303140825000156e+00,1.071471454409417674e+04,1.039883996258836839e-02,1.827688353819932887e+00
1.881409562593999940e+00,2.564498094965999897e+00,4.188726207502000420e+00,1.474811508248480459e+04,2.695011500988686234e-02,3.104257219556468828e-01
1.391696083695000086e+00,1.299997727647999923e+00,3.316486313650000017e-01,1.014540600372102926e+04,4.147050955327450938e-01,9.832721753995937206e+02
2.551650788931000058e+00,1.272724909062999954e+00,3.720137287132999848e+00,2.141737664651488376e+04,8.454047582073674627e-02,2.289410470264243003e+01
6.893852910540000378e-01,1.324067901499000000e+00,2.441997271842000217e+00,4.258506653382927652e+03,7.042180569866710775e-04,1.553512438805396915e-03
2.725779256786999838e+00,1.988362602343000107e+00,4.128295644063999958e+00,2.320247948016762166e+04,1.007659336391553417e-01,6.334840525834373182e+00
2.678864742871999827e+00,2.318900831819000086e+00,8.898430560740000494e-01,2.271969237255739063e+04,4.547336846343118764e-03,1.985776450685403094e-01
8.006538161009999488e-01,8.339886342369999817e-01,5.071304863640000438e-01,5.107719227046237393e+03,1.568205766083270170e-01,3.227090281530000766e+02
2.820752050267000044e+00,8.359285696389999742e-01,7.009453813089999707e-01,2.418379313110773001e+04,6.617692572194093514e-02,1.036469976119654390e+01
4.780494909119999969e-01,4.159597621589999905e-01,2.286631554440000103e-01,2.747539464729496558e+03,3.958617502918484847e-03,2.451880706337310201e-02
1.626967634949999963e+00,6.751738723429999700e-01,3.110320895799999902e-02,1.232123642620069222e+04,9.121898258039771654e-03,3.197379098079904391e-01
1.732643791237000075e+00,2.109167198769999807e+00,1.999512042841000037e+00,1.332075812851701994e+04,1.962323880494704770e-02,8.903216800755907323e-02
2.644461549969999936e+00,2.012364420032000112e+00,2.121644666104999910e+00,2.236650415585397423e+04,7.684289929772217254e-02,6.808991455364915346e+00
1.545804178100000037e+00,1.955861341215999971e+00,5.886016973961999632e+00,1.156246019171038097e+04,1.323385867087249583e-02,1.898204675793741802e-01
6.852007619119999671e-01,4.778397079510000034e-01,2.734679275740000137e-01,4.227259019258603985e+03,1.718173213286113554e-01,4.434225113382012751e+01
1.310232532356000013e+00,8.218163518459999928e-01,5.312269214997000333e+00,9.410350031544146987e+03,7.654892591588476070e-03,2.896006310317303378e-02
2.699054017488999868e+00,5.792404773999999534e-01,6.357255941789999865e-01,2.292729384486457275e+04,4.429567298689984778e-02,1.602741817695894966e+01
1.181912158647000055e+00,2.240411980993000096e+00,6.231796844400000479e-01,8.274887868902886112e+03,3.156618475244536356e-03,4.975513090306783737e-02
1.157233888646999942e+00,1.280984641399999902e+00,2.276556556947999965e+00,8.059948862011793608e+03,7.372054291089567835e-02,1.397226871550789440e+01
2.483957724738000028e+00,2.139284661052999859e+00,2.044320526837000163e+00,2.072861695461054842e+04,2.577130058568131640e-03,6.511028007480590234e-03
2.540572370242000222e+00,1.347252476827000001e+00,2.761409520442999810e+00,2.130445067514497350e+04,1.857793254512591502e-03,9.423997386339677540e-01
2.222383772828000037e+00,1.605617089039999890e+00,5.801313951985999751e+00,1.809712769012274657e+04,3.243415978844085140e-02,1.666645259299477377e+00
3.715932744509999885e-01,2.023630281151000077e+00,2.931190493117000084e+00,2.045090136150955686e+03,2.563417583029577451e-01,7.376765877180989150e+01
2.561707201821000091e+00,1.479354745718000075e+00,2.144758863368999791e+00,2.151995312496450788e+04,2.350767719139272138e-03,6.411940150409988805e-03
2.241560362821000130e+00,1.656220607757999952e+00,3.933663737444000219e+00,1.828833603475340715e+04,1.547044408784229580e-02,3.510067821331930848e-01
