1.788805491179999985e-01,6.990693902800000359e-01,2.620588901820000149e+00,8.958267763421479231e+02,4.527918252860326127e-03,3.919359331619344244e-01
2.182880370378999846e+00,2.605735539028999792e+00,4.767873661070000102e-01,1.770414166535979530e+04,2.779175347210418104e-02,4.214897997942214092e-01
9.376795637499999447e-01,2.572117499152999809e+00,4.903118899037999689e+00,6.204494058907172985e+03,1.131091994262823155e-02,9.080020055954648450e-01
2.125672765015000021e+00,2.781754266315000113e+00,5.183130863813000033e+00,1.713722905725191231e+04,6.786528245369796153e-01,3.563589556669609806e+02
2.550407305610999931e+00,2.091648283061000146e+00,4.551446672022000151e+00,2.140469748269377305e+04,7.779455837336543556e-02,7.096600323452494194e+02
3.697995677440000239e-01,1.622542445956999924e+00,4.537418954454000009e+00,2.033635266681540998e+03,8.751935336528777684e-03,6.719181741686337805e-02
1.098724724713000089e+00,1.633325616260999924e+00,5.539717850184000092e+00,7.555161797988986109e+03,1.697818579125569272e-01,2.714850048874881949e+01
3.713741512789999755e-01,1.751493817557000066e+00,1.850530810109999980e+00,2.043690078139881962e+03,5.285922523244691862e-02,1.146309406197873138e+00
2.639498585347999970e+00,9.526327527129999639e-01,2.938964582490000144e-01,2.231561359117896427e+04,4.054407084277297096e-02,7.499443948546417715e+00
2.322361399619000011e+00,1.676090482079999999e+00,6.108875793898000062e+00,1.909706107192476702e+04,2.235346066484038829e-01,9.933985515411210088e+01
2.753613229004999940e+00,1.017997814264999912e+00,6.203247833330000072e-01,2.348953242303776642e+04,4.387630375297225244e-02,2.190939026635202680e+01
6.427738810930000435e-01,4.741295058980000143e-01,2.455412212945999872e+00,3.913285423449155132e+03,1.988373305965548399e-01,5.428515394701706498e+01
2.380431635273999813e+00,2.012103639411999989e+00,1.316845386338000079e+00,1.968124990119155336e+04,3.629168984940100429e-01,4.207941425142146130e+01
