1.103548239381999974e+00,1.471275063491999990e+00,5.585774050850999650e+00,7.596512543198843559e+03,4.080979189968447773e-02,5.165101073340289872e+01
2.137025942080000018e-01,1.491396903032000010e+00,3.841928026470000201e+00,1.090540945101443867e+03,2.623848828155572188e-01,5.870723227041528389e+02
2.635130251075000096e+00,1.289464819436000109e+00,9.496273758140000298e-01,2.227083311306027099e+04,1.634132263750451546e-03,6.351699629143584165e-03
2.229574845745999845e+00,9.911900300199999458e-01,2.453826994528999883e+00,1.816879621158126974e+04,5.214218986829984859e-01,3.493656317287992010e+02
2.709602685479000073e+00,1.234893322060000020e+00,6.026744286856000166e+00,2.303586086602849537e+04,2.296631754449815835e-02,9.551863006205557616e-02
2.671288528153000108e+00,1.764675820686000041e+00,4.025799130762999667e+00,2.264185173332236445e+04,1.139091701763666059e-01,1.043356184860495794e+01
1.104331666078999907e+00,1.456687146474999972e+00,3.849959255364999944e+00,7.603233237609110802e+03,2.651789489936243749e-01,3.715483024002057277e+02
2.775996531919999732e-01,2.235090270599000117e+00,4.137681761239999645e+00,1.463247636529126339e+03,2.195160156055172423e-02,8.835516985705997861e-01
2.753680015666999825e+00,2.262880713557000156e+00,3.161701036716999980e+00,2.349022174395208640e+04,3.310482249464580945e-02,6.032154819511937882e-01
2.874667835143000172e+00,2.118149544682999874e+00,2.856617648099000206e+00,2.474317549398621122e+04,1.144339828383135992e-02,1.021004352896941691e+00
3.424071387350000051e-01,1.335825844713000032e+00,3.563403929410000170e+00,1.860357970865659581e+03,2.584324403047312362e-03,2.502881320822993375e-02
1.107332724294999959e+00,1.237573903739999981e+00,6.182500265313000121e+00,7.628989869148055732e+03,8.730031791431084806e-03,3.863756263675176272e-02
