2.661487376310999853e+00,1.730949901812000036e+00,1.606213359085000070e+00,2.254120318353193943e+04,8.063804742640554024e-02,2.337898935899322694e+01
5.630375933450000314e-01,1.804531432199999896e+00,5.110989536576999726e+00,3.337915801085327530e+03,4.921028089104129491e-03,2.267128265005557419e-01
9.522272055270000202e-01,1.243930287178999894e+00,7.086891356729999591e-01,6.323953197809233643e+03,7.697553878739986366e-02,3.064012858531345529e+01
1.551986991921999959e+00,2.233673890287999786e+00,3.675937301632000054e+00,1.161997541265975633e+04,7.693382406258239548e-02,1.887233743267936958e+01
4.801848807399999863e-01,9.461003146490000182e-01,5.006227783526999708e+00,2.762065140363177761e+03,5.387328623813704941e-03,8.576788052070317969e-02
2.106916226395000091e+00,1.231797603336000080e+00,3.654996829384999923e+00,1.695193614878356311e+04,6.303087496853272687e-02,9.745732107138196909e+01
5.625713946979999935e-01,9.231310618879999819e-01,4.024007012256999971e+00,3.334610894617049325e+03,6.168060251959688045e-02,2.276618329024886123e+01
5.179450157310000469e-01,8.922610930480000535e-01,3.895715641074000146e+00,3.021591332469075041e+03,2.504187569834441518e-03,4.156608245937420607e-03
1.013476475010999911e+00,1.426966976489999928e+00,3.408100786754999945e+00,6.832669300223057689e+03,3.429721768306556121e-03,8.088488365834524407e-02
1.744437398979999942e+00,8.367914459799999372e-02,3.742349684196999871e+00,1.343307506908719552e+04,3.214589119736038694e-03,8.506190337738586682e-02
1.200132581796000020e+00,1.804475105906000021e+00,2.781104242975000140e+00,8.434322041696485030e+03,1.523501987425991411e-01,6.431413416546109829e+01
4.044389391780000009e-01,6.266849752080000391e-01,7.841988489119999794e-01,2.257144480684070913e+03,9.783379067597469669e-02,2.443928810537595808e+01
2.227532458964000206e+00,4.906992085710000229e-01,2.525643480709999888e+00,1.814843708632062044e+04,1.456133809607480963e-03,7.670854282419042533e-03
