7.734389504459999731e-01,2.349856182442000119e+00,2.505866637942999908e+00,4.896533256015265579e+03,5.508628485218601545e-02,2.227677164195043247e+00
2.468808893860000020e-01,2.052028868643000159e+00,2.132903892398000156e+00,1.281644201456976816e+03,2.403945739156942898e-03,2.747357083474015471e-02
2.227835812282000116e+00,6.918488247449999795e-01,3.633858454014000205e+00,1.815146079346802799e+04,6.838102226734776856e-01,4.737805643219694502e+02
2.531986942554000031e+00,1.102066520633999902e+00,5.825774770850999928e+00,2.121699170535518715e+04,1.582632947818472247e-01,1.872801704390001021e+01
2.320028673733999902e+00,2.430393922719999988e+00,5.782909414755000199e+00,1.907364479867782211e+04,3.580870868703696086e-01,1.984245705483869813e+02
1.221309092439999966e-01,1.394992004811999919e+00,2.156188002766000089e+00,5.920107755475397653e+02,2.764188904881656819e-02,2.659274084995491561e-01
2.795190753010000084e-01,7.139282490970000339e-01,8.938676067699999894e-01,1.474739947581606657e+03,2.652890757384135205e-03,4.545881340584793234e-02
2.177871688928000093e+00,2.552087622470000206e+00,4.275609812116000441e+00,1.765440212513468578e+04,9.738879185436127850e-02,7.539521690370168727e+00
2.546212690507000165e+00,1.565766239113999925e+00,6.125843191130000420e+00,2.136193444648762670e+04,1.828532833192498749e-02,5.418820117080218601e-01
4.398179910180000096e-01,1.999040872634999966e+00,3.870311270734000164e+00,2.490294329312521313e+03,2.889432151690781714e-01,1.596326979107232660e+02
1.037323956312000028e+00,2.836072442706000007e+00,5.016142679762999990e+00,7.033148818118756935e+03,4.265476201041982218e-01,2.282621009749940697e+02
1.944789718848999982e+00,2.336583560033000051e+00,3.587833003101000173e+00,1.536286783688676223e+04,4.624956146910173538e-01,5.444213887890263095e+02
1.722926165182999902e+00,7.625608231599999565e-01,2.372451305089999796e+00,1.322832491671721255e+04,3.486853137385574099e-03,1.478234786115523690e-02
2.350761519640000019e-01,7.019407679119999965e-01,3.181142829029000030e+00,1.213040098881489484e+03,1.157628515300073834e-03,8.754345600796287468e-04
2.624366555632000164e+00,2.079521343309999881e-01,3.126567564918000031e+00,2.216054327480442225e+04,1.661436476325982292e-01,6.069961638228442524e+01
9.832400963720000497e-01,2.579506952271000131e+00,1.077685748544999988e+00,6.580395529168250505e+03,8.840622429933264748e-02,7.760831642786401119e+01
3.287662025590000203e-01,1.476854528015999923e+00,4.376858249734000061e+00,1.775247552010783920e+03,9.834553060069259889e-01,8.777525327048881820e+01
6.176047258279999674e-01,2.962745927744999896e+00,3.819353712608000162e+00,3.729540239399019356e+03,6.644832638448388597e-03,2.349894616053853705e-02
9.566878057319999629e-01,2.645077144806999847e+00,5.308404168214000407e+00,6.360689703742002166e+03,3.715559199179810368e-01,9.497961559366267181e+01
9.309973021090000023e-01,2.154152543477999782e+00,3.608481765542999931e+00,6.149804824364145134e+03,1.576020693229124026e-01,8.641722097740156983e+00
1.034474752700000055e-01,1.827242264382000103e+00,1.886725371869999890e+00,4.958142623504546123e+02,4.022062127844112656e-01,5.053313258661932537e+02
2.803421988703000078e+00,1.092439067781000084e+00,4.208404912551999999e+00,2.400434034928308756e+04,3.940434607767101007e-03,1.254870972255832107e-01
3.337099729810000248e-01,2.631641953434999959e+00,6.249535471479999771e+00,1.806001562925057442e+03,1.021181180075462699e-03,1.734037133470297436e-03
8.411428284199999883e-01,2.709891069664000174e+00,4.582224590005999687e+00,5.426171088560852695e+03,1.532818864692603355e-03,2.525513352683274575e-03
3.802079149970000183e-01,1.322984816278000020e+00,2.264590148827999805e+00,2.100287262402329361e+03,6.232668216676280348e-01,4.417326535122129485e+02
1.573568089974000106e+00,1.188743226573000022e+00,7.701550332900000684e-02,1.182110816821955814e+04,1.960157657950086507e-01,6.961737061957238382e+01
9.502946094440000158e-01,1.417110666993000034e+00,4.600240256188000032e+00,6.308052400145206775e+03,5.747761202827614962e-02,4.475208397171313024e+00
2.457881948270999928e+00,2.638518408866000087e+00,4.343721070450000110e-01,2.046411646447273597e+04,4.396986482916540040e-02,6.274563241083647824e+00
2.642362352675999837e+00,1.435852697048999982e+00,3.127870057968999973e+00,2.234497703585586714e+04,8.141384786764321868e-02,9.117998876973324229e+00
1.119140585717000036e+00,5.849171194869999812e-01,2.028800730778999917e+00,7.730511435552615694e+03,3.560543617902596214e-01,4.149246580448862574e+02
2.155853635690000214e+00,1.062513124092000050e+00,6.620198342290000149e-01,1.743598522883209444e+04,1.901279769003579034e-02,2.410891716218854786e-01
2.136457502219000215e+00,2.724188597606000073e+00,5.193924379338000108e+00,1.724390061773462730e+04,1.580184100286843515e-02,1.090815687739403322e-01
1.752015716872000084e+00,1.167802078825999956e+00,2.472954745571000146e+00,1.350532629011895915e+04,1.645922337345145925e-02,2.635728587451515281e+01
2.102187080419999798e+00,1.923386096306999971e+00,5.958805069451000413e+00,1.690526358522498049e+04,1.767772139481241928e-02,6.958639654701932464e-01
5.926261919090000108e-01,7.122633708390000429e-01,2.944040535030000072e+00,3.549104492204627604e+03,1.411243474301957911e-03,1.975575847116375124e-03
