2.612655598891000075e+00,1.162284946605000036e+00,5.066694235615999631e+00,2.204063071488429341e+04,8.808877660590463954e-02,5.145046074224409738e-01
1.140748475837999987e+00,1.944415774782999984e+00,3.391621987816999972e+00,7.917025487827730103e+03,7.259810598402696158e-01,5.461817875833827429e+02
1.151185661990000025e-01,1.398877064581000029e+00,4.999479757168000305e+00,5.556780189156263532e+02,2.965029362521807293e-02,1.832490732668487610e+01
1.190485612400999926e+00,9.788509036310000244e-01,5.641164892911000095e+00,8.349830771085074957e+03,2.299293279893063757e-02,2.771894948240551937e+00
9.160373949060000021e-01,2.739558239983999943e+00,2.106563684479000109e+00,6.027793196424182497e+03,1.240956180891599758e-01,1.068949544098063456e+02
1.277271592900000030e+00,2.306563305812999953e+00,5.750345482519000129e+00,9.115964455784698657e+03,6.328634480038658472e-02,1.718564973140454555e+01
2.871516492714000002e+00,2.170936556886000179e+00,4.930757386028999711e+00,2.471043499616268673e+04,4.417431614389089045e-02,1.453140162179529016e+00
6.980518419290000498e-01,2.068385734308999968e+00,4.612697602221000004e+00,4.323380406889986261e+03,7.126252216871376000e-02,1.629320029406867576e+01
1.621442478602000081e+00,1.736363553009999894e+00,5.359484468616999564e+00,1.226933030931409303e+04,1.216080353269089788e-02,1.297322664011175131e-01
1.390425672838000004e+00,2.195564586905999871e+00,3.773006358229999968e-01,1.013386446667088421e+04,5.343817286381959825e-02,2.868246226228387652e+00
2.426015503952999808e+00,1.096540995797999907e+00,1.803875464100000103e+00,2.014150693651131587e+04,3.902145516962876592e-02,5.413799281359775728e-01
2.212235133549000032e+00,1.667895651560999948e+00,2.550478905525999984e+00,1.799605115312078851e+04,4.672325102678992481e-02,5.551001270726013459e+00
