1.578139136826000044e+00,1.215184276808999986e+00,4.326769504189999616e+00,1.186378392606154011e+04,2.233958722955287426e-02,1.576773862065319776e+00
1.401766956142000087e+00,2.049844829471000107e+00,4.782816844859000049e+00,1.023698389914229301e+04,5.497412695775028002e-01,3.783985307706192884e+02
2.529143287411999896e+00,1.149706583921999981e+00,9.340932210589999451e-01,2.118803419583437062e+04,1.858131073206795072e-03,9.943448164008721057e-02
1.786126431780999946e+00,2.802374446027000143e+00,5.505732721923999762e+00,1.383128826809390011e+04,6.909601854997530698e-03,1.141524357307160065e+00
2.681227582390000030e+00,6.288149526930000288e-01,6.029989280577000343e+00,2.274397612102628773e+04,4.690167836911045551e-01,5.754611251268958227e+01
1.363031204082000070e+00,1.417980905692000082e+00,3.691423488203999792e+00,9.885582304196095720e+03,1.472989497297353401e-01,6.931201292891205412e+01
2.039482753115999802e+00,1.600731391702000073e+00,4.973494941620000276e-01,1.628820794914525322e+04,3.465620882384367381e-03,2.886877688034854561e-01
2.148506293023999980e+00,1.696592637408000037e+00,7.216894386919999738e-01,1.736318693105304919e+04,2.827689848130848782e-01,3.220298253534533615e+02
9.103779010800000515e-01,1.551176902661000057e+00,7.800051058260000225e-01,5.981789560896055264e+03,1.354166617859748484e-02,2.510871891936043099e+00
2.174640019259999946e+00,1.892078001985999958e+00,2.231829230595999913e+00,1.762232006670001283e+04,3.074911131030955494e-02,1.115633792063841696e+02
1.613204041678000022e+00,2.230630847203999956e+00,2.590934116641999907e+00,1.219200147846529762e+04,1.242805566347294777e-01,2.295143048851059131e+00
8.958826922379999891e-01,1.918240453040999993e+00,3.156024215206000072e+00,5.864357627346899790e+03,1.079916112062623557e-01,1.815137630329784102e+01
7.496639674289999888e-01,1.789348453691999907e+00,2.793591165450000080e+00,4.714006904599728841e+03,3.056161285020103386e-03,1.998189194135539717e-03
