2.798304022122000134e+00,2.260758760168999792e+00,2.983711985535999922e+00,2.395137667368595066e+04,4.257492028059918499e-02,3.149693000805185439e-01
6.478346448530000190e-01,1.400694245391999937e+00,1.087712711720000058e+00,3.950460443414468500e+03,2.083807187148798978e-01,1.171190977081245421e+02
1.785707548735000039e+00,2.148852472884000164e+00,8.354946881200000508e-01,1.382727803687614869e+04,2.849200965349404664e-03,2.314297022061603468e-02
1.676126976653000034e+00,2.830563539779999971e-01,1.495216373451000003e+00,1.278463171707560650e+04,3.971563985767565669e-03,1.408371526852054412e-01
9.610095085990000285e-01,2.923821412341999881e+00,3.995019057642000160e+00,6.396330096146562937e+03,9.157888977112717266e-02,2.073227638876561940e+01
1.265546980019000012e+00,2.628747052037999854e+00,3.053649224567000164e+00,9.011687840462345775e+03,3.274765817212007407e-02,9.920220321394842555e-01
2.428188070523999986e+00,8.013306657290000246e-01,1.013093865347000078e+00,2.016347936906027462e+04,2.814828261344409083e-02,2.579592226857974513e+00
1.008427570585000099e+00,8.021646808510000115e-01,2.444912376310000024e-01,6.790393492110149054e+03,8.118051063240244725e-02,1.207418487876953606e+01
4.381472977809999780e-01,2.807806471591999919e+00,6.218732442134999872e+00,2.479176684423717688e+03,6.999068787484694423e-03,2.101793442032655890e-01
9.208205484999999468e-01,2.510609675486000114e+00,5.412748579208000343e+00,6.066739942922867158e+03,6.516943394574221948e-02,2.165193878016131279e+01
1.417601321160999905e+00,1.763696923104000058e+00,4.752065273200000384e+00,1.038127422868924259e+04,2.499454825792646329e-01,5.343870475672922282e+00
2.181699173603000030e+00,4.675131277019999865e-01,1.144016672186999983e+00,1.769240979978281393e+04,3.944206220994360690e-01,4.497823562303396443e+02
