1.830677241589000026e+00,1.216124226422000021e+00,4.913954853555999591e+00,1.425882965034261179e+04,5.308868509353562373e-03,5.288898395532787289e-02
2.618157476654999982e+00,1.089089645565999964e+00,1.421280866457000025e+00,2.209695502103342005e+04,2.986436749329152152e-02,3.008859490216960531e+00
2.751401105249000167e+00,8.396009898370000446e-01,4.321807406519000416e+00,2.346670187966412050e+04,3.619497504923460673e-02,1.190409594362873857e+00
1.855655177393999988e+00,2.309306017826000090e+00,1.223748287013000091e+00,1.449941137121593420e+04,1.737981408589480969e-01,8.192437662410624455e+01
2.747654827569999902e+00,2.761387263296000150e+00,1.841301366629999992e+00,2.342804467360473791e+04,1.946858022464863502e-01,3.767047020658594647e+01
2.708286408760000041e-01,1.495200173705000024e+00,5.101127065208999944e+00,1.422841948994935592e+03,1.416853863807000444e-02,4.048948987552746237e-01
1.552857585399000095e+00,7.720032362680000482e-01,4.142536771924000050e+00,1.162807797606772328e+04,3.019610723854979084e-02,2.297083763554781832e+00
5.416524372109999819e-01,1.174832208860000060e+00,1.044356205004000060e+00,3.187050801774360934e+03,1.514623916448911145e-01,1.254667129816339433e+01
1.705659633398000086e+00,5.147885700950000087e-01,1.000148633193999936e+00,1.306434173109504991e+04,2.906324361709396870e-03,3.769830557071935512e-02
2.786831589861999969e+00,2.394090382043999821e+00,4.366729259493999926e+00,2.383270755664942408e+04,5.194152656150202024e-02,7.015244979976436923e+01
