1.688111298052000109e+00,2.043373344842000172e+00,2.045024952612000124e+00,1.289802003584285558e+04,1.985200596803526341e-01,7.325792413006855952e+01
1.912046003443000020e+00,1.555282704816000061e+00,5.883781736587000211e+00,1.504479764216810872e+04,1.525490053201381813e-01,6.082208707043675133e+01
2.496905336868000091e+00,1.400800435218999995e+00,5.315661619253999604e+00,2.086012101126768175e+04,3.481216814239279089e-01,3.966106775121139663e+02
2.208215223798999816e+00,1.038365591121999998e+00,7.430422939009999617e-01,1.795603648707030516e+04,3.431466354150538023e-01,1.119064674505192443e+02
1.336447064047999955e+00,5.131339318350000012e-01,1.907878232609000024e+00,9.645750188754373085e+03,6.857707520205483243e-02,7.372032695450019268e+00
5.606358341880000040e-01,5.687543992129999726e-01,4.966905983873999730e+00,3.320897192287891357e+03,5.576421444329453925e-05,2.247147115627150769e-03
1.792900622192000082e+00,1.654191180146000084e+00,2.585577963189999995e+00,1.389616709073077254e+04,5.147588161785723315e-01,1.333292066302420835e+02
1.571870638710999968e+00,1.713584583297999897e+00,1.646687220226999981e+00,1.180526715008197971e+04,5.979416557275345906e-02,8.280132997529868533e+00
2.426489233612000085e+00,1.902815307447000004e+00,3.483292836277999793e+00,2.014629776287841378e+04,6.799253423454634966e-03,3.737124946168862483e+00
1.632872207781000062e+00,9.567126056339999574e-01,1.332898575236000083e+00,1.237674686745729196e+04,1.553495459462159722e-01,1.546427531286493320e+02
2.288768902035000163e+00,6.944865518670000348e-01,5.474081149083000142e+00,1.876024384062187528e+04,1.599081209744387944e-02,6.676168554223671503e-01
1.814381816048000085e+00,2.381809313248000048e+00,5.074245982166999624e+00,1.410221229348669658e+04,1.001391752921153462e-02,1.162597179388694668e+00
8.129370938509999922e-01,1.194105960881999939e+00,4.323813710269999611e+00,5.203800618066110474e+03,1.414524512717194732e-02,9.688995430008960907e-01
2.108136941991999969e+00,2.245613491736000000e+00,1.406015447239999938e-01,1.696398663059124738e+04,1.622575542670038826e-02,4.120205517268319545e-02
1.472610594880999990e+00,2.077307257373000038e+00,2.823617927016000007e+00,1.088534629083158507e+04,9.508678365523174237e-04,1.028514143963780575e-01
8.472497580309999998e-01,4.071394132460000037e-01,4.050268033364999631e+00,5.474630002265122130e+03,5.684348844458703143e-03,9.668736074678750680e-02
2.465834611152999845e+00,2.035529269393999918e+00,2.420297755693999964e+00,2.054473577457344072e+04,4.262783732382119384e-03,1.474506570963052786e-02
3.994686894130000110e-01,9.947459287909999892e-01,2.458887371337000083e+00,2.224779693198898713e+03,4.184277948377018545e-03,1.581027449083763026e+00
1.043842731263999957e+00,8.937311029500000226e-01,4.671876472723000440e+00,7.088176250079116471e+03,2.204980847025532487e-02,1.267243946648196129e+01
2.851445579227999794e+00,1.719757263813000092e+00,2.150959235288000038e+00,2.450204206941721714e+04,9.992674292747596998e-02,3.582642882980798760e+01
2.588645874990000095e+00,1.209000472427999906e+00,2.863412536354999816e+00,2.179505006197259718e+04,4.084650221041514519e-03,2.870365622325173408e-02
1.099646796020999906e+00,1.410807483461999912e+00,1.734797026969999933e+00,7.563062718452423724e+03,1.120801884913070479e-01,9.513187639822023867e-01
1.479700143057999906e+00,2.427495304508000107e+00,6.006136047442000248e+00,1.095061894162542740e+04,6.139505270977013013e-02,5.486199295253377528e+01
1.144062968379999934e-01,1.369193763178000012e+00,1.056406163237999962e+00,5.520028220578910805e+02,1.887161199389622568e-01,1.432522652574484923e+01
1.241436105672000023e+00,5.622568872709999832e-01,1.386476173700000036e-01,8.797994598225175650e+03,8.290715857689472390e-01,2.585730834434834833e+02
7.277622046770000352e-01,1.912664995577999960e+00,9.705367599669999512e-01,4.547360322236793763e+03,1.786336923322013703e-04,2.969446436202479196e-06
2.802034104485000121e+00,1.909311310944999951e+00,7.479945530549999555e-01,2.398997620380253284e+04,3.570684716761681875e-03,2.752186522797881590e-02
2.623335913076000114e+00,1.978298820273999947e+00,2.729914503444000218e+00,2.214998661490636732e+04,7.700599185930979626e-03,2.810076284942697455e-01
4.009617488319999756e-01,1.592179776919000034e+00,1.260779523193999996e+00,2.234491814053792041e+03,4.020021600434571241e-01,9.731648997454377081e+01
1.676925526156000101e+00,1.309125414518000019e+00,5.129280249466000363e+00,1.279218213730255775e+04,1.405218509505928026e-01,1.650364861902123153e+02
6.546350736249999525e-01,1.919745419319000002e+00,3.641771700829999903e-01,4.000533825451442226e+03,2.705798468673087029e-02,1.010628088750045839e+00
2.841895711119999834e+00,1.758707167420999973e+00,4.883546530814999898e+00,2.440296644537941029e+04,2.328093911379189654e-02,1.306167558865965361e+00
5.150200283460000250e-01,1.307884305613000064e+00,5.328505475717999929e+00,3.001309948601524866e+03,8.811710226559345271e-02,3.973079124080870628e+01
2.996398754793999863e+00,2.162819216122000121e+00,5.143794138997000331e+00,2.601200847438069104e+04,2.489438469787288999e-02,8.246519647265547093e+00
7.372106055489999754e-01,2.856904960127999882e+00,4.491706449110000055e-01,4.619094121748014913e+03,1.144025399674354626e-01,9.024043752792294981e+00
2.829541543509999979e+00,2.513834732133000127e+00,3.801239680169999913e-01,2.427487356059348531e+04,4.244688828195638738e-03,6.072850267165346150e-01
6.582787861819999753e-01,1.432049440199999912e+00,3.288264536874000221e+00,4.027419391253474259e+03,2.907987008936597229e-01,1.804088002565428894e+02
2.868306354357999854e+00,2.834550155382999925e+00,5.586582878410999875e+00,2.467708954763159636e+04,1.370062077908752174e-01,1.446180914362916603e+01
2.984338326392999896e+00,2.691667316660999898e+00,2.198534322577999855e+00,2.588594626220544524e+04,1.833803052451763449e-01,1.270436113670361920e+02
2.065187491747999982e+00,1.144533021463999933e+00,2.994306635674000017e+00,1.654075673900185575e+04,7.361944361603468996e-03,7.199798873311744410e-03
2.877524572843999984e+00,1.333777618118999975e+00,4.031603926322000042e+00,2.477285930587472467e+04,2.556316627565381472e-01,2.415260921249302584e+01
9.357348014969999461e-01,2.367090324042000038e+00,3.854676960542000153e+00,6.188565704798751540e+03,2.364656270495940887e-03,1.802782672970798528e-02
2.563440202749999841e+00,2.580947375946999856e+00,6.280179500145999683e+00,2.153763722917681298e+04,4.904332089723792421e-02,9.746423861426857016e+00
9.721748576630000471e-01,1.206587744309000065e+00,1.103343526688999932e+00,6.488624828273274943e+03,1.235753802521745298e-01,2.256643060562295577e+00
