1.032146327888999959e+00,1.884105948858999957e+00,4.656946861164000140e+00,6.989511028002169951e+03,6.053434690964411280e-02,4.366997728502891363e+00
2.139222221122000001e+00,2.366498472107000151e+00,2.254304656511000093e+00,1.727126169584177478e+04,4.499773636100850432e-02,2.451393528160785706e+00
2.818222610134000217e+00,2.066966728718000024e+00,2.195021264596999977e+00,2.415759031589692313e+04,4.057377755373509087e-01,1.625000050342408997e+02
7.336436082709999473e-01,1.323789702230999898e+00,3.796420968249999972e-01,4.591984670939639727e+03,2.679450099247522935e-02,9.451157898632386312e-01
2.008308697623999883e+00,4.532375686119999858e-01,1.815573291862000005e+00,1.598269256028324708e+04,3.697916338049746926e-02,6.782718026831584268e+01
1.672660246389999994e+00,4.793121933619999830e-01,2.094087886709000035e+00,1.275186196672432561e+04,1.456707886854036529e-02,8.437989355568115135e-02
1.440961736213999922e+00,1.960363655829000074e+00,8.038795203880000351e-01,1.059481065257072987e+04,2.402705623447828620e-01,2.614293408274964037e+01
1.175261982851000031e+00,1.652179793373000027e+00,5.156132346107000330e+00,8.216852390491249025e+03,1.039511278848307199e-02,4.607211393662409837e-01
2.115414018834000043e+00,2.322435012357999984e+00,7.759070467649999969e-01,1.703584852893732022e+04,1.925817040960379860e-03,1.566063501650539203e-01
1.000252802074000025e+00,1.452175727436000097e+00,1.011891518951999913e+00,6.722071253033603170e+03,1.366808994375242614e-01,3.172166003200490803e+00
4.010318832479999873e-01,9.795561379310000483e-01,1.660800377324999966e+00,2.234948244082872407e+03,3.862272276131943627e-03,7.517791098252640802e-02
2.192427409078999911e+00,9.452836458869999792e-01,1.209136134133999896e+00,1.779900495008997314e+04,3.911495726748709933e-01,1.930033344646826166e+01
2.635931934908999796e+00,7.994063592550000319e-01,6.245200828591999986e+00,2.227905042390127710e+04,7.199695244344511691e-02,4.375524578487705440e+01
1.660061647777999916e+00,1.899684390730000061e+00,2.533897189601999944e+00,1.263288704180212699e+04,3.985994071751567946e-01,3.933052741444228104e+02
2.166575484931000162e+00,1.531082883767999947e+00,3.233245651859999903e+00,1.754229608398148048e+04,5.488247328732710761e-02,6.410047892977931383e+01
1.010401525630000019e-01,4.066716604860000084e-01,3.019614611655999870e+00,4.835616950207242439e+02,3.168814068009043888e-02,2.329897988940845266e-01
2.840027416444999897e+00,2.507192954059000112e+00,3.275048694326000209e+00,2.438358969652153246e+04,9.394920723409845575e-02,6.511996581857489197e+00
3.659105149099999843e-01,1.518463903872999898e+00,1.322817643380000074e+00,2.008844527525464400e+03,2.234625846141572586e-02,3.330272316397422938e-01
2.770204079677999864e+00,1.191696357634999925e+00,7.099057561499999558e-02,2.366085103617722780e+04,1.072519583942129276e-02,1.181676589145619349e-01
1.847717584303999905e+00,6.148990017759999871e-01,1.251306858123000021e+00,1.442289116304633535e+04,5.798014899979814923e-02,4.062751354474887222e+00
1.601823306471999997e+00,1.005767889416000038e+00,8.427974574140000286e-01,1.208531141555047543e+04,1.240154612486927101e-03,9.115498391977181272e-03
5.625620336319999693e-01,1.809917404512999983e+00,4.116977095609000159e+00,3.334544540792978296e+03,5.824841980210651235e-03,4.450107546370152267e-02
6.153837145539999831e-01,1.877271073114000099e+00,4.695806740949999836e-01,3.713418276554999011e+03,7.614417345977682050e-01,5.343648814970198373e+02
9.250561715389999939e-01,2.681703020820000116e+00,3.313809361885999838e+00,6.101278949581304005e+03,2.787031302049585157e-01,4.322334198327311583e+01
2.896048269803999986e+00,7.579119944790000396e-01,5.369211671670000019e-01,2.496544745145272827e+04,1.053502896998888272e-01,7.202881750162242191e+00
9.477226753430000317e-01,2.204831522266999855e+00,3.765409951410000122e+00,6.286906058174166901e+03,2.343363256895610730e-02,1.567516112704557374e+00
2.139951533177999909e+00,8.174368885610000524e-01,2.686416590048000153e+00,1.727848035382564558e+04,2.656037151954818709e-01,2.856720526845384711e+02
2.801203186118999877e+00,3.566321626019999802e-01,2.860472774030000220e+00,2.398137700717815096e+04,3.493421319333865904e-01,2.445786484416671556e+02
1.858814494473999934e+00,1.031736675941000048e+00,6.050289635339000327e+00,1.452988521110011789e+04,5.239543904948855586e-03,2.468080298369134118e-01
3.006546968250000118e-01,1.974335800293999910e+00,4.314990290718999866e+00,1.602391145314121559e+03,1.596544246619603950e-03,2.324868418690194123e-04
4.699301394850000091e-01,1.959925639476000070e+00,1.378154449781000102e+00,2.692459053994416990e+03,5.423086362103047425e-02,2.014830219744741857e+00
1.437942841137000105e+00,2.334973564209999797e+00,3.468521940815000093e+00,1.056717100989086794e+04,2.495443589885256719e-01,1.436232405844271227e+02
5.278033077839999754e-01,1.136510377071000111e+00,2.295261540933999811e+00,3.090163056313216202e+03,2.707300132629506494e-03,7.890383541881067306e-04
2.601867425857999905e+00,2.331942545855000049e+00,3.744658238502000192e+00,2.193024060033349087e+04,2.231589978079665804e-01,1.522962213536606839e+02
2.950721740196999843e+00,1.401777363387000097e+00,9.567669413279999979e-01,2.553497105601328803e+04,1.835057404897295075e-01,2.933529760154994648e+01
1.571868691416000052e+00,1.901111397281999960e+00,4.522095332754999752e+00,1.180524897955530287e+04,2.898018121007107650e-01,5.434891177594486180e+02
2.042850394239000167e+00,2.426345710156000202e+00,4.911432717771000434e+00,1.632126262309822960e+04,5.908616327318398920e-01,4.021053774188887360e+02
1.441798463750000092e+00,6.171531692670000346e-01,2.252936160661000109e+00,1.060247364276989720e+04,9.717034980116133480e-03,2.356433959646822007e-01
2.993337495832999906e+00,9.032893391920000514e-01,2.179284118750000054e+00,2.598000367858753089e+04,8.343232606859235512e-01,1.967770378969770491e+02
1.613676443469000077e+00,2.594707687560000142e+00,3.358028736017999893e+00,1.219643340968117809e+04,1.374624032124083517e-01,1.718425780570981942e+01
1.623179110389000090e+00,1.541974883108000016e+00,4.088674733422999807e+00,1.228564122596329253e+04,1.995509427305885986e-02,1.157242886078435262e+01
1.835062597924000061e+00,9.687993467769999700e-01,4.598597475134000412e+00,1.430102310805701927e+04,1.484931727305866325e-02,7.241392437722643516e-01
