1.850776186834999892e+00,1.352772650804000110e+00,2.138350874152000092e+00,1.445236943631114809e+04,2.835231388989649659e-01,1.095421223881863000e+02
1.362590118439999998e+00,8.769437918639999552e-01,1.276173481177000024e+00,9.881594021848755801e+03,8.249955144014052555e-02,1.018172318988413316e+00
2.638399426673999848e+00,2.370830852170000114e+00,1.238195503905000106e+00,2.230434483613432167e+04,5.905785094023633698e-03,1.258590205174591782e-02
2.343057041975999955e+00,9.689579531740000196e-01,6.219237387297999575e+00,1.930498050207334745e+04,1.197186953128155928e-01,7.892306730846540219e+00
1.236563807959999983e-01,4.314520492419999798e-01,1.833203273320999971e+00,5.999506151430330192e+02,7.325307473664499636e-03,1.517061421699811008e-01
2.884681948288999820e+00,1.996601320189999917e+00,5.363981527441000097e+00,2.484725110209787454e+04,8.178916257086071839e-01,5.259476054413574957e+02
2.196999448359000073e+00,1.921181154884999964e+00,5.393628721819999638e-01,1.784446015044275919e+04,3.503475598169861899e-02,5.801726504740673640e+00
3.201535155169999980e-01,1.285972756832000075e+00,1.077067376552000022e+00,1.721921733473389395e+03,8.361749808640431270e-02,1.342374572955901613e+01
5.330113479579999813e-01,1.335874238691000082e+00,3.695326069591000184e+00,3.126522346979310441e+03,1.230023159029540632e-02,9.460689748959225653e+00
1.244608563821999914e+00,1.954841060746999926e+00,4.524694031523000426e+00,8.826053960550267220e+03,7.392792177733291219e-03,1.152982481433388051e-01
