2.642643917110000018e+00,4.372894528299999806e-01,4.295014085274000415e+00,2.234786420796647144e+04,4.536385776938105935e-02,9.283545935455219222e+00
1.303405066752999941e+00,2.800653644881999860e+00,3.216092176836999883e+00,9.349223824943495856e+03,2.563269373152260444e-01,7.835769338520231031e+01
8.126352909799999802e-01,6.020331513450000172e-01,1.940553790660000111e-01,5.201434287629696883e+03,5.973981605192772021e-02,6.442871896156196598e+00
2.599245220449000193e+00,7.899946719070000123e-01,2.710805023213000098e+00,2.190342020819650497e+04,9.779638197218737394e-01,7.376823501716213514e+02
8.130769340639999454e-01,1.220836603605000015e+00,5.183908321178999579e+00,5.204897147045535348e+03,1.959581157388258499e-01,1.652681629841102051e+02
2.793520452556999878e+00,3.918454350910000050e-01,1.618268431905999893e+00,2.390188698245868000e+04,2.636680594374689671e-02,5.785870297018864683e-01
8.984557814179999768e-01,2.455737247223999997e+00,8.046120357780000010e-01,5.885161678127201412e+03,3.218161500872664393e-01,1.034222896351872123e+02
5.950030446430000231e-01,6.949569575059999504e-01,2.904230293596000045e+00,3.566190245952926489e+03,1.028587709256893329e-01,4.132134421886988207e+00
2.301687404752000177e+00,1.351297100922000061e+00,3.334529629293999875e+00,1.888967291552251845e+04,7.983582232623828538e-04,1.220320624987847064e-03
4.170239915499999728e-01,4.348216549719999824e-01,3.116724814887999795e+00,2.339527499080398229e+03,3.852867473360811756e-03,6.372553174641816531e-02
2.004770150255000161e+00,6.295627484089999504e-01,5.249184322271999825e+00,1.594806771941476472e+04,1.556136224130194416e-02,2.097504188170841999e-01
7.797046606180000339e-01,2.231250368882999879e+00,4.898796682199999669e-02,4.944944952446561729e+03,4.181002377676833887e-03,6.212505890462085428e-02
2.178846234182000074e+00,2.566914938871999841e+00,4.887518593019999913e-01,1.766407845782459844e+04,2.014061812489475675e-02,1.281705080884644410e+00
2.883471488757999968e+00,1.185518440871000001e+00,1.774152777830000083e-01,2.483466794100037077e+04,1.868092024779822447e-01,7.593930753778799669e+00
2.636171658918999849e+00,7.641708589889999459e-01,5.331020423977999911e+00,2.228150769073539414e+04,1.872104825639359926e-01,4.367196883344669089e+01
2.905243552046000044e+00,1.964360230018999953e+00,2.125430274246999929e+00,2.506111901158666660e+04,4.111743875685155286e-02,2.408379176249337394e+00
2.645198999333000067e+00,1.549052357869999952e+00,4.660637068445000253e+00,2.237406731386503816e+04,2.031958014137436389e-02,8.396549051121894314e-01
7.258872755999999996e-03,7.709389021700000511e-01,2.490378015785999821e+00,3.266461874320163616e+01,4.656558906901946820e-02,8.386840473768186754e+00
1.342766126541000027e+00,5.311078415790000395e-01,2.774759025344000207e+00,9.702658012693082128e+03,9.935029131308082198e-03,2.842449525001876642e-01
2.597679680993000062e+00,1.349971308793999958e+00,3.820408012655999830e+00,2.188741026287706336e+04,1.360600758010028777e-01,1.114697612804923921e+02
2.343772017716000189e+00,1.788461484734999996e+00,6.226145406967999563e+00,1.931216900584434552e+04,1.022154350739283698e-03,4.916283205984200207e-04
2.913290177754999988e+00,2.773442764273000183e+00,4.591421712595000315e+00,2.514487812415894587e+04,4.110932678914410235e-03,2.291489047722363934e-02
2.356096455984999949e+00,2.343178859456000129e+00,1.623055284667000109e+00,1.943614093635888275e+04,4.329085160614622868e-02,7.424960574700610216e+00
2.203348734707999856e+00,5.350681393080000126e-01,5.444304692897000031e+00,1.790761182197026938e+04,5.145719841576582715e-02,5.413812041777348760e+00
2.493502454739000118e+00,1.799728809467000090e+00,3.220671812311000082e+00,2.082554842800059851e+04,1.954445487482037516e-02,1.323073574261172780e+00
1.770493149310000014e+00,2.069741526477999916e+00,3.641083104418000094e+00,1.368174379352162396e+04,1.033278293500688588e-01,5.013028861377374312e+01
2.299289544526999851e+00,2.010505955205999840e+00,3.381967891840000018e+00,1.886563968945229499e+04,1.469261963684808520e-03,2.174917543583769312e-03
2.198769872141999926e+00,1.136709367581000052e+00,5.368125903746999938e+00,1.786206604004922701e+04,1.101230610235400323e-02,1.140763365603610774e-01
1.317530810587000056e+00,7.796147719120000152e-01,3.871699783418999896e+00,9.475775513521282846e+03,4.135834495282827354e-04,2.883134808534750957e-04
2.023163140782000102e+00,1.835291373505999912e+00,2.495188853200000154e-02,1.612816456143614232e+04,9.126332736438655738e-03,8.199448233598603808e-02
2.675235389773999994e+00,1.345440211149000032e+00,5.556864137590999952e+00,2.268239882010444853e+04,6.420504456373083910e-03,5.664082177771447707e-02
2.870388045494999929e+00,2.821683401471999808e+00,6.081820360633000355e+00,2.469871257382006661e+04,5.794514666398107305e-01,1.655358742499352616e+02
1.950992857091000010e+00,2.286156490528000074e+00,3.336423346561999903e+00,1.542323704090117644e+04,1.726317661398932366e-03,4.238058720893387796e-03
2.929889491432000170e+00,1.918234213539999899e+00,4.214021096391999954e+00,2.531777445945720683e+04,1.060933071700057712e-02,1.311195800506015086e-01
