2.779065624778000121e+00,1.389587232168999931e+00,5.233639215566999958e+00,2.375242100630974892e+04,2.183476463060784762e-03,1.264750256804529627e-02
2.217214896559999981e-01,1.265146444875000054e+00,2.465088201531000056e+00,1.136238388618788122e+03,9.326550641566055998e-04,1.947772952841202382e-03
1.104953374358000007e+00,7.897671100559999768e-01,5.554992202249999789e-01,7.608567522662866395e+03,6.302177951970988623e-02,1.132734862743627602e+01
2.509101686735999870e+00,1.626770805307000023e+00,1.890651986426000075e+00,2.098409733555297134e+04,1.879564781926190697e-01,1.859522779327774344e+02
8.837291248230000340e-01,1.718199549674999993e+00,4.861178376046000338e+00,5.766339115431293067e+03,3.743965002568264144e-01,1.756133949334837325e+02
6.500535885679999959e-01,8.542717110649999945e-01,2.518028415470000003e-01,3.966784133486597057e+03,2.259105462176700177e-02,2.063078865609933743e+01
4.719512642820000159e-01,1.792807329448999898e+00,1.961688243098000051e+00,2.706147729712470664e+03,2.320118779656422589e-02,1.419439898028230784e+00
6.169738376009999969e-01,2.629729570257000049e+00,1.475579466377000104e+00,3.724959185863090170e+03,7.665383975060890975e-02,2.910642541148497742e+01
4.875270823300000000e-02,1.089097475405000015e+00,3.664161137774999855e+00,2.256750939769012518e+02,4.335361206672299489e-02,2.929341520674520538e+01
5.061560673499999885e-02,1.426613834864000063e+00,6.250045135069999702e+00,2.345867758918972470e+02,1.075513801716282240e-02,1.300109314387442594e-01
2.434625163564999806e+00,1.641341947286000025e+00,1.759657360499000012e+00,2.022859814920628560e+04,1.586549794927333973e-02,3.507123894011628384e-01
