1.129573518498000029e+00,1.075458688346000002e+00,2.023907174024000000e+00,7.820448562925636907e+03,6.002686680407338243e-02,5.189169371641542128e+00
1.912901592094000014e+00,1.684437109037000058e+00,2.203052665657000198e+00,1.505309601124060646e+04,5.384564293800155749e-02,4.942965435074426317e+00
2.120276245398999837e+00,6.822570568860000240e-01,4.641124483099999809e-01,1.708388797544195404e+04,2.023046565771376495e-02,4.533778075250616268e+00
1.876351962303000054e+00,1.233696830953000090e+00,5.850863409366000134e+00,1.469922411812003520e+04,3.069309626446789854e-02,1.068660995001367553e+01
6.261401247229999578e-01,6.215940183789999685e-01,3.699436364603000182e+00,3.791637552225028230e+03,4.199596747838159616e-01,4.038535381642350330e+02
2.312020575816999823e+00,1.527422513210999977e+00,5.243591197917999658e+00,1.899328912454030797e+04,2.987363963473084194e-01,7.612897102241944935e+00
1.437436511055999899e+00,2.628612917150999984e+00,3.222971703081999983e+00,1.056253655313978379e+04,2.899555587521982503e-01,1.489935007509136966e+01
2.664311263312999944e+00,2.140563939927000003e+00,2.239575782768000067e+00,2.257019581599919547e+04,1.016465351381427677e-02,1.044945110785418185e+00
1.839672628004000110e+00,1.816768474239000009e+00,5.533753816287999783e+00,1.434539974969175455e+04,1.937461196788281548e-02,4.026542103714575438e-01
2.600683002918999787e+00,1.981699071721999994e+00,3.678024432743999927e+00,2.191812554453958364e+04,1.212787534012890328e-01,7.266416248383036702e+01
5.463886160119999502e-01,1.529716970855000024e+00,2.904006117849000201e+00,3.220332477582031515e+03,4.959616651204001858e-02,3.907101361287621089e+00
1.257183413579999964e+00,2.257214857155999788e+00,3.602139216986000037e+00,8.937447694754991971e+03,7.455519543034036523e-02,1.416642071749461991e+02
2.321081098909000051e+00,1.118746980160999938e+00,4.913578523663000297e+00,1.908420877273947553e+04,9.758074960084332783e-02,7.849513481282416194e+01
