1.203953171090000052e-01,3.999972424029999973e-01,4.735462601669000016e+00,5.829928938457917411e+02,2.504681746850855820e-03,1.633728882163210799e-02
2.387956770555999864e+00,1.067432683707999930e+00,1.625269032902000088e+00,1.975713010477212811e+04,3.317494979349073451e-03,1.964243388669380599e-02
1.335431239253999980e+00,1.914377291659000058e+00,3.828285483425999836e+00,9.636607794917437786e+03,2.517961835041643281e-01,4.495892887624977448e+02
8.373471989190000020e-01,8.224885880090000434e-01,5.300342901128000328e+00,5.396107934189443768e+03,2.266391887480089396e-03,3.688513410950571697e-02
2.779859071140000193e+00,1.106824363856999893e+00,3.601823129995000095e+00,2.376062152542257172e+04,1.393718558452171907e-01,7.936602040329680108e+01
9.444117498899999852e-01,1.180677698091000094e+00,2.117661462053999966e+00,6.259708599657256855e+03,4.596547967847362526e-01,7.844500886841285592e+02
1.093500269631999977e+00,1.725002853467999975e+00,2.087020686339999820e+00,7.510428841728716179e+03,5.776777499986469611e-01,4.188558335617020134e+02
1.499860918570999901e+00,1.813086812574000062e+00,5.177244957931000258e+00,1.113661138957806725e+04,2.389451548366249446e-03,1.573575959032499916e-02
1.603445158196000087e+00,1.624340164956000088e+00,3.338434201261999856e+00,1.210050615551428746e+04,5.404512135855697730e-02,7.648626148271826075e+00
2.941148969044999895e+00,2.038456018670999903e+00,3.252322915720000207e+00,2.543513650604932991e+04,1.209263193529313551e-01,1.672769530654654346e+01
2.931768823889000064e+00,1.597564482137000086e+00,5.223839256380999885e+00,2.533736262867213372e+04,5.757338383772527823e-01,8.039391418427617282e+02
1.519173512275999949e+00,2.197504239996999953e+00,5.672596314199999934e-02,1.131528704347402709e+04,3.573176394588762350e-01,4.848572650165500875e+00
