5.513890977930000492e-01,2.134395343656999788e+00,2.889188391418000101e+00,3.255552354014719185e+03,3.849445473414241786e-02,1.046514384233691475e+00
1.373287397106000007e+00,5.706330503059999781e-01,4.786682490523999967e+00,9.978402779422101958e+03,1.614093744911579975e-01,6.858085000608123494e+01
5.103813756859999495e-01,6.390430589329999522e-01,3.463486415360999882e+00,2.969206819316028486e+03,1.647596936395023526e-01,1.080787053779716018e+02
1.316394278471000101e+00,2.339022235373000136e+00,2.385412833955999901e+00,9.465581372880173149e+03,8.587369063768036936e-02,3.939159760401143728e+01
2.644402747665000053e+00,3.801988643290000192e-01,5.381200767842000410e+00,2.236590033147165377e+04,2.924986038595969173e-01,6.089135982925851920e+01
2.464818343551999913e+00,1.468694498612000077e+00,1.981280037647999981e+00,2.053443113094482032e+04,3.892438575477688307e-03,6.067857936223172016e-02
1.682370134888999891e+00,1.633129548927999997e+00,5.519453032023999839e+00,1.284368037242725950e+04,7.689406017118851668e-03,1.687568495230350685e+00
1.542237553165000108e+00,1.596647497551999972e+00,5.056054364313999905e+00,1.152930390957092095e+04,1.203423572772456974e-03,5.043472589210940688e-03
9.858457437159999781e-01,1.611691788971000072e+00,2.336484023709000102e+00,6.602049181212423719e+03,6.924157703697287301e-03,4.961027097779128425e+00
1.606920409251999970e+00,1.153516812816999915e+00,3.301584673008000070e+00,1.213307559105407017e+04,6.478875696179096089e-01,2.001056853119271750e+02
2.375293825541000103e+00,8.377689180080000186e-01,2.992669034000000183e-03,1.962946565673493751e+04,1.356137780860049435e-01,4.777768530682658366e+01
1.156439921150000050e+00,2.148533868977000161e+00,5.960694902480000223e+00,8.053053191111226624e+03,4.113817791203499413e-02,4.621679858185763656e+00
2.385471013221999836e+00,2.977528727775000217e+00,2.495259905109999954e-01,1.973206031487127257e+04,2.139951954443722326e-01,2.991660114546961324e+01
2.189156839989999936e-01,9.816022980759999683e-01,2.487284214334999799e+00,1.120212926690926906e+03,4.489739707506332222e-02,4.205210091689060903e+01
