2.314831507579000025e+00,1.888614292983000098e+00,1.365472807650000009e-01,1.902148947716876864e+04,2.583899865512407474e-04,2.340348811330692641e-03
2.722580497937999944e+00,2.825154965557000075e+00,3.330707335065000052e+00,2.316952000553155813e+04,1.230973518884309267e-02,5.356845116669336493e-01
2.541372846737000035e+00,8.592797010039999739e-01,2.232571223573999841e+00,2.131260765928265391e+04,4.463032345366363396e-02,7.858432559330009726e-01
2.360977584656999806e+00,2.200976763180999995e+00,3.319007671453999997e+00,1.948527064451209662e+04,5.298150494742658034e-02,2.326712347003004222e+00
2.637399908306000018e+00,1.384589255017000031e+00,4.914220757219999736e-01,2.229409826217203226e+04,3.738194775014961474e-02,2.307850766822361344e+00
2.710459500594000204e+00,2.798828460799999807e+00,2.135131137122999956e+00,2.304468214884336339e+04,2.441589829054093257e-03,4.870611793879245366e-02
2.051621243390000071e+00,2.414540678094000192e+00,1.837600988708999905e+00,1.640739773923891335e+04,2.455808942514331201e-04,1.949821918926545011e-04
1.773650952421000015e+00,1.557475839686000008e+00,5.562478904119999790e+00,1.371193085169480582e+04,1.935935577797543924e-02,1.020498229057746897e+01
2.602485276563999861e+00,2.836989620834999837e+00,1.565219207109999955e+00,2.193656074003974936e+04,1.123575100116074310e-01,6.052753081018161119e+00
2.366923967129999973e+00,2.219735453231999944e+00,4.396358375224999726e+00,1.954514564058978431e+04,5.770924530971261075e-03,2.449854353299044663e-01
4.136229464789999977e-01,2.784129781062000042e+00,1.497274336865000111e+00,2.317203057453627480e+03,7.679967105736140720e-02,1.377928382561619891e+01
2.184550564174999820e+00,2.365383536862999847e+00,8.452299966670000497e-01,1.772073220916279752e+04,2.177332115514473126e-03,4.086273518461031040e-02
2.869171622401000210e+00,2.934956485813000171e+00,5.293977094448999665e+00,2.468607698890535903e+04,5.374649265882801459e-03,4.299137282288343492e-03
2.511755860659999895e-01,1.692563542078999950e+00,5.857686254547999738e+00,1.306767854170544297e+03,2.103066912692936642e-03,8.081629957089442318e-03
