2.268721074289000050e+00,6.494266604849999736e-01,1.112385819813000110e+00,1.855963455367136703e+04,8.496728023712930566e-01,4.142693004870286586e+02
1.881986937760999901e+00,2.134934977279999979e-01,4.037647557206000215e+00,1.475369798515527691e+04,8.594332677097670566e-04,3.749676799156469176e-02
1.885694495295000106e+00,2.531032511434999854e+00,2.989104459727999874e+00,1.478955612968499554e+04,7.414722338755105890e-02,1.656654509422739636e+02
9.072506322940000478e-01,1.123458921816000045e+00,6.258224526615999928e+00,5.956406137747163484e+03,3.808815583549102386e-03,1.796110162668314650e-02
2.938196857567000109e+00,6.291939536559999491e-01,7.376759004680000231e-01,2.540435863178134241e+04,6.307611616357102803e-03,3.814329733373685027e-02
2.645776878531000076e+00,1.376108496100000078e+00,6.483778757060000286e-01,2.237999415404515821e+04,7.458608865108332662e-04,2.175712102077894967e-04
2.446840132315999838e+00,1.333857342276999924e+00,2.432314699523999924e+00,2.035225246806041105e+04,3.214931202509057478e-02,8.892304736094034823e+00
1.967528468949999998e-01,1.463668340332999973e+00,4.421543107117000382e+00,9.949988052828080072e+02,3.837073334368902230e-03,3.914724079638135651e-02
2.249034412334999899e+00,1.445682026460000102e-01,2.648697205524999987e+00,1.836293557331089323e+04,2.396358150039158141e-01,3.495245057268538069e+00
1.697654407201999893e+00,1.623262587037000104e+00,6.811161874779999570e-01,1.298842632110538216e+04,6.155691880887917758e-03,2.457749732493460376e-02
1.337473275595999933e+00,1.128896936952000107e+00,3.717648054251999845e+00,9.654987632832888266e+03,5.758159290312362365e-03,1.990143653944844437e-01
2.223127974140000074e-01,2.394569985211000063e+00,1.016662894663999950e+00,1.139620586006871463e+03,4.067046591618826701e-02,4.583810007122847807e+00
1.879214573232999896e+00,2.278808958209999957e+00,2.987882746632999797e+00,1.472689344924780380e+04,5.105233147252035038e-03,4.008626491967424987e-02
2.859362398836999830e+00,1.450348299544000019e+00,3.489745194289000096e+00,2.458421424747910714e+04,1.388935989226409637e-02,1.503757733609860092e-01
9.880622869970000499e-01,8.860307525830000142e-01,6.186945226654000152e+00,6.620482232597380971e+03,1.867956112822321190e-03,8.817824533173496127e-01
1.566301644180000119e-01,1.933408898256000041e+00,3.015248034603999816e+00,7.746655208963916266e+02,5.093194610587868654e-02,9.838628924716839919e+00
1.575257177859000102e+00,2.292527627779999966e-01,3.583346970135000031e+00,1.183687465052515836e+04,2.009762200477821850e-02,4.632498085249670550e-01
1.848464756090999916e+00,1.672410318270999952e+00,2.261999178965000024e+00,1.443009141094366532e+04,7.145556691462149647e-04,8.549840464458887540e-03
2.534081090717000162e+00,2.486248943734000072e+00,4.613997753383999978e+00,2.123832016977251260e+04,7.161813540414525836e-02,8.810457672651896832e-01
1.099086907251999978e+00,1.324616324516999954e+00,5.957478935512999563e+00,7.558265005849027148e+03,2.847902442227120412e-01,1.650855264088419574e+02
2.478235949024000018e+00,1.491307218755000052e+00,3.325953770772999807e+00,2.067054015508804514e+04,2.543506968907269586e-02,5.049363894107795403e+00
1.553123188677000055e+00,9.689948436759999728e-01,1.148491738723999900e+00,1.163055021981565733e+04,1.702407674920362402e-03,2.081978426531752926e-02
1.040783704040000035e-01,4.598764073900000193e-01,2.355509362858000166e+00,4.990307387322050090e+02,3.608911951757966252e-02,1.436159808799580384e+00
2.929195868702000105e+00,2.180525216642999808e+00,2.831778139093999780e+00,2.531054672554508579e+04,2.725178909299581786e-02,1.234964107958906654e+00
2.483226122839000016e+00,1.518166778225999991e+00,3.078562766590000055e-01,2.072118968139194112e+04,8.943444477957410155e-02,7.064330752437651739e+00
6.663647250069999473e-01,4.279043625339999934e-01,8.167609642859999797e-01,4.087220883196494469e+03,7.719059444811127157e-02,2.227229557862404974e+01
1.187777523058000106e+00,1.387078684905000081e+00,1.203316871895000029e+00,8.326143670232147997e+03,5.562236934382294544e-03,1.897799348031595223e-01
1.644568528111999939e+00,1.755866949627000073e+00,1.519405096755999995e+00,1.248682769216818451e+04,1.797735615205989625e-03,1.225291466115771902e-02
1.525151411116000055e+00,8.038450367849999667e-01,6.344353571040000084e-01,1.137069162546501866e+04,5.729449585106998616e-02,1.489697319443981627e+01
2.148654680273000217e+00,2.691695222065999982e+00,1.251963378869999921e-01,1.736465673753630472e+04,6.840174908763486938e-02,1.261622792833915874e+01
7.826854371660000309e-01,2.267309310972999814e+00,2.328829019042999882e+00,4.968020219853905473e+03,2.423958768013383391e-01,1.429890814666727294e+02
2.509948531621999823e+00,2.310917189231000091e+00,3.373793329281999931e+00,2.099270930375016542e+04,1.872099693735728709e-01,1.190454940628977454e+01
1.483343629541000075e+00,1.837211812986000004e+00,5.192655873459999682e+00,1.098419090630075698e+04,4.997170100092107603e-02,5.342294191914131574e+00
9.807044488289999862e-01,8.338634816879999523e-01,1.523525337274000080e+00,6.559339412422809801e+03,1.488823548053041894e-02,5.064224471274939576e-01
4.395481308309999724e-01,4.158582638400000198e-01,3.186124185979999801e+00,2.488497829171295507e+03,8.153859719221141500e-01,1.728286562974740264e+02
2.050417922322000042e+00,1.603776927541999964e+00,4.999479757168000305e+00,1.639557645859218974e+04,2.058158731142652187e-02,2.672715028995086506e+00
2.809648269635999895e+00,1.514831842873999967e+00,3.020342642689000101e+00,2.406879399550115340e+04,2.076554228252128556e-03,3.206453352444736324e-03
