7.661441017200000536e-02,1.138995844099000010e+00,2.739063207765000119e+00,3.611099765247228675e+02,6.349210481979639456e-04,1.942620311952098638e-03
1.480306739386000103e+00,2.777454755672000175e+00,1.710346035421000055e+00,1.095620700335200490e+04,3.546900979027809986e-01,1.533753697658260684e+01
2.505570047317000171e+00,2.892740221982999849e+00,1.428127517609999897e+00,2.094818808911132874e+04,1.890702118322619418e-02,3.612555927015896895e+00
8.120855856619999535e-01,2.245795930659999939e+00,1.070582045067000054e+00,5.197124952358932205e+03,9.906141033370009698e-04,2.229667128266903022e-03
1.127981411419999969e+00,2.342024108043000208e+00,7.504399012950000447e-01,7.806709551136342270e+03,7.510422083269551081e-03,2.970569081635969777e-01
8.069320144120000204e-01,1.208543816249000091e+00,4.432884160142999797e+00,5.156769683423077367e+03,9.159859948074483560e-02,8.694208134921639441e+01
1.231487337442999985e+00,1.444266115585000065e+00,6.232680301544999857e+00,8.710116382841179075e+03,3.257426906441656111e-01,5.431184117266725480e+02
1.913488403429999929e+00,1.910872260035999970e+00,5.835324948282999635e+00,1.505878784342230210e+04,1.584909233027012865e-01,1.390583588160783108e+02
2.473504900279999974e-01,2.457763800922999842e+00,4.214685817221999642e+00,1.284387071986617002e+03,3.546143851873149902e-04,1.589926002275289085e-03
1.020836661639999976e-01,9.436531117419999504e-01,2.569880666732999863e+00,4.888688574019788575e+02,3.039756437686799151e-01,5.324431123265134147e+01
1.581607073767999916e+00,2.241387188769000005e+00,4.647320428703999973e+00,1.189617810198999177e+04,3.359197909177145253e-02,2.771160487554282881e+01
1.206088797717000061e+00,2.259709529510999904e+00,4.841541124659999973e+00,8.486574606243353628e+03,2.701139028719361170e-04,2.162406904145913918e-03
8.312576414900000321e-01,2.921863263204000027e+00,6.176340276096000004e+00,5.347965279367235780e+03,2.821742011090732846e-03,1.336658597662654900e-02
2.690038088965000185e+00,8.503673552189999763e-01,1.003844243485999987e+00,2.283455482371911785e+04,5.757547108248248918e-03,2.713484356060444358e-02
1.694086768712999902e+00,2.089226731126000214e+00,3.503388345005999938e+00,1.295461644918107231e+04,3.521477760175158178e-02,8.203923990012271794e-01
1.577228743777000064e+00,2.071248918083000046e+00,3.255616226408000191e+00,1.185528234865824379e+04,7.890740964518897504e-01,1.326820872251516619e+02
1.747870787504000045e+00,1.137068082072000053e+00,1.588520317316000074e+00,1.346580135792627698e+04,1.641836228544882705e-03,1.954546787603166427e-02
1.458059013479999999e+00,8.069138388069999612e-01,3.574928997528000085e+00,1.075158906044802825e+04,2.135435224892546623e-03,2.232332738843721687e-02
1.631535204010000073e-01,1.309179467962999999e+00,4.664735606870000217e-01,8.099191354247781192e+02,1.390458986744192880e-03,1.213481287056898629e-03
1.387403185494000102e+00,2.860457373975000106e+00,5.769596570442000250e+00,1.010641523901607252e+04,2.327889107208585273e-01,4.189020503734104182e+02
8.186574672640000161e-01,1.845806315222999983e+00,5.657467045561999974e+00,5.248704924768268029e+03,6.654386024570287843e-04,8.343979573829490501e-03
1.491819402930000038e+00,5.363374655579999928e-01,1.117210242989999935e-01,1.106235868908303382e+04,1.260270147017176767e-01,9.069535075513584843e+00
2.801926734774999872e+00,2.522125081093999910e+00,3.363641684264000009e+00,2.398886531896837187e+04,1.760108122969283179e-02,7.428326045572684888e-02
2.530501506263000078e+00,1.722490018075000018e+00,1.401923621612999993e+00,2.120186453947376140e+04,6.111384448517546281e-02,2.312068970388415357e-01
1.107485456749000008e+00,1.122146483374000026e+00,4.459176702645000212e+00,7.630301206734163316e+03,1.212538261405705781e-01,6.040136622971299829e+00
2.750395633260999784e+00,2.079257442754999907e+00,2.751316705650999950e+00,2.345632575979395187e+04,3.370664785033564842e-02,2.647636636343707384e+00
2.715939929269999831e-01,7.533882508620000085e-01,1.000747394046000105e+00,1.427398575898538411e+03,8.521917725591603892e-04,3.615170989652746053e-03
2.552910925821000099e+00,6.561283045389999513e-01,2.299717073806000212e+00,2.143022668926481856e+04,2.648598118833639381e-02,1.208786232576448016e+00
1.706522035722999986e+00,1.759729017880000024e+00,3.295570026086999782e+00,1.307252432702323858e+04,3.438651037668986193e-02,5.493101203750081485e-01
2.766264004262000142e+00,2.688451818050999975e+00,3.223295958767999903e+00,2.362020242964850331e+04,1.203582976798810572e-01,7.437076760753389415e+00
2.180721826011999820e+00,2.113765411629000113e+00,5.952555759710000061e+00,1.768270344445030059e+04,2.725202776250128522e-01,2.052836702362137089e+02
4.369048737819999917e-01,2.470920215333999970e+00,5.037206842556000375e+00,2.470915793332741941e+03,3.957221614470672610e-02,5.296561827932941974e-02
1.748733927239999875e-01,1.217472621293000046e+00,4.210872213294000410e+00,8.738160385902147027e+02,7.010258923756959928e-04,5.377769588859942704e-03
1.324895505471999968e+00,1.467232577572000096e+00,2.194012398587000146e+00,9.541883802959040622e+03,2.355096042412651615e-03,6.207330273064155107e-02
1.711655254344000010e+00,7.898025913030000122e-01,4.376784071040000224e-01,1.312124605120115484e+04,1.689165776552341595e-03,7.074709754520108057e-03
5.673219687560000501e-01,2.173514679603000044e+00,5.366573981252999559e+00,3.368321092551801939e+03,9.625330401648880818e-02,4.879963046443553942e+00
9.064364132490000392e-01,3.186394028180000171e-01,5.773264623540000251e+00,5.949801600276137833e+03,8.627789760836217237e-04,7.894789564877321281e-03
2.537616061238999965e+00,3.672161893170000080e-01,2.413536542989000111e+00,2.127432966240652240e+04,7.783680486575956028e-03,1.884205009594989988e-01
2.466495301681999930e+00,1.582693554918999990e+00,3.352097870025000148e+00,2.055143539611179585e+04,9.378108984146842353e-01,6.936784314941710363e+02
2.920579791784000179e+00,1.109400117495999982e+00,3.283757770660000186e-01,2.522078749188290749e+04,5.782531833120040377e-01,9.300705743365941203e+01
2.619084125002999919e+00,1.815865435767999969e+00,2.383928254459999896e-01,2.210644348724949668e+04,5.265186900663688940e-02,5.856314614646342065e+00
8.856441756399999754e-01,2.206442449293999797e+00,4.076907206683999974e+00,5.781756862112147246e+03,7.077497384487933807e-02,5.005764505801010955e+00
2.383693537315000111e+00,1.891386913257999902e+00,1.033977845699999981e-01,1.971413655326983280e+04,5.765672144015574971e-03,2.531208572860570161e-02
1.296280175583000016e+00,2.923620365049000025e+00,2.504545287756999805e+00,9.285516508810720552e+03,5.619069025361959069e-01,2.456521717845965327e+02
2.163796901866000155e+00,2.012572580532999922e+00,1.980849018003000062e+00,1.751473695551025958e+04,1.085569547839758354e-03,4.129835545843989902e-03
