2.525855692067000113e+00,7.715829224510000195e-01,4.869597607650000270e-01,2.115456259668817438e+04,9.189682008801258349e-04,1.996569138187384400e-03
1.461413637946000099e+00,8.697661385839999815e-01,4.158550313908000007e+00,1.078239843987852691e+04,2.950620408432562680e-01,2.602872474814572570e+02
6.553545101090000324e-01,7.258530918910000018e-01,5.205655489257999591e+00,4.005839189601318139e+03,2.836946458958483977e-03,4.511301267312480857e-03
1.999714423059000046e+00,1.377152787441999982e+00,3.425242356841000202e+00,1.589861647671291576e+04,3.404194560117970725e-01,3.766814380373082258e+02
8.941948317129999602e-01,2.480377063358000012e+00,3.771019313727999922e+00,5.850720700134528670e+03,1.437114416067347862e-03,6.471656516442069124e-04
2.618219838274999933e+00,1.554027489999999956e+00,4.639230951257999891e+00,2.209759356256945102e+04,8.485919114217848475e-03,2.573042006217214350e-01
1.650084206202000026e+00,2.589909705191999922e+00,2.122174934534000190e+00,1.253879421052276120e+04,1.019200632529863447e-04,7.776936185229393103e-05
2.398556983255999864e+00,2.196968135929000088e+00,2.635125311620000188e-01,1.986408603885694538e+04,6.996723478118635486e-02,5.387509250930108351e+00
2.429005380712999873e+00,7.029527243650000035e-01,2.253021794279999879e-01,2.017174617476815911e+04,1.247154001930335793e-01,2.786826582571085709e+01
2.470226118275999916e+00,1.920931294092000030e+00,1.145963957523999932e+00,2.058927265077974516e+04,1.480181757421724642e-01,4.446369766106792554e+01
6.335569553230000484e-01,1.011655707224000000e+00,1.935964694124000074e+00,3.845776449028970546e+03,1.389260525016704391e-03,1.931377224012217550e-02
1.352188074354000014e+00,7.532357945469999594e-01,5.799125023748000096e+00,9.787626336732751952e+03,5.674629261757684340e-01,4.243052079162030168e+02
2.709566052318999940e+00,2.633693438402000098e+00,4.005850370414999695e+00,2.303548372130469215e+04,1.479335670646625411e-01,1.639473717801961072e+02
2.196118486906000200e+00,7.335731797769999840e-01,1.413376474220000012e-01,1.783569990601628524e+04,6.697810417335996469e-01,1.806930377633308993e+01
8.703103505610000346e-01,1.656134648332999948e+00,2.664306226900000074e-01,5.658594478528022591e+03,4.967797726938436888e-03,1.077799475246769140e-01
1.697102076091000056e+00,2.762423275474000128e+00,2.749152580671000212e+00,1.298319105863989898e+04,8.714759515009666948e-04,4.546650696166203848e-03
5.140211081700000184e-01,1.339428526572000067e+00,4.938739583040000269e+00,2.994390352205540694e+03,1.542425072567052673e-03,6.724166747372013753e-02
1.408593647020000006e-01,1.599873368299999932e+00,9.472535979799999450e-02,6.903704795823349514e+02,2.427072469718211389e-01,1.707679337913986046e+02
1.822211568506000079e+00,2.189095180899999882e+00,5.270929194937999718e+00,1.417743173744113483e+04,4.921540154749138307e-01,2.533412030889140567e+02
3.128782917979999745e-01,1.594354546564999975e+00,2.411672874670000022e-01,1.677128089268754593e+03,4.328755402599855362e-01,4.355381101762600906e+02
1.095102445828999960e+00,2.617681685291000093e+00,4.038018570230000215e+00,7.524141009994395063e+03,4.513210052194059976e-03,1.761122794317158957e-01
2.347787674284000037e+00,2.618268224196000027e+00,1.669971485468999983e+00,1.935255060039000819e+04,2.982139578149004444e-04,1.113103127080436938e-04
1.452330341109000056e+00,9.981533633860000254e-01,2.674529876687000041e+00,1.069901246083366459e+04,1.958403576587402772e-01,2.614896580474138688e+01
2.414697800327000099e+00,1.164120650654000055e+00,2.025882108769999912e-01,2.002709727000080966e+04,1.630512570279102347e-02,1.325925982534881253e-01
1.381053608440000025e+00,6.605876338589999897e-01,2.605524498560000124e-01,1.004879523213548237e+04,9.237928854726186467e-02,2.963126018927099992e+01
2.349842827899999986e-01,1.956385545400999959e+00,5.752241056335999581e+00,1.212508814847583153e+03,1.181289341772026949e-02,3.233601738151097749e+00
4.537089607779999922e-01,2.439113393502000182e+00,4.856643201187999637e+00,2.583137259888230346e+03,9.185215457208489864e-03,2.843760072723568566e+00
1.048829354415999893e+00,1.668540401502000003e+00,4.514728123247000013e+00,7.130334662063591168e+03,1.422590913131182577e-01,8.918996543699824997e+01
1.770129581121000051e+00,2.346571682096000089e+00,1.850404550656999936e+00,1.367826905873498981e+04,2.065046220093107177e-01,9.263843484707422249e+01
1.995949251195000107e+00,2.138251916345999870e+00,3.062888833934000132e+00,1.586180324131146153e+04,3.613130315103039725e-01,5.064759712254716817e+01
1.645361578147999992e+00,1.817842610779000001e+00,4.087227631363999691e+00,1.249429732210238217e+04,4.906288284408343303e-01,1.192676394478672250e+02
6.754774059289999633e-01,1.456196969577000067e+00,4.090330008550999707e+00,4.154842860725435457e+03,1.063150688871817434e-01,2.882332617089606401e+02
2.957984970202999886e+00,6.569266733809999703e-01,4.905455870307999788e+00,2.561075215382555325e+04,8.671384593380044182e-04,1.173936075799527235e-03
7.733591238900000553e-01,2.367116238497999792e+00,5.692256955200000051e-02,4.895917302488115638e+03,1.970912972207783474e-03,1.056045415020764010e-02
2.360057966817000086e+00,1.042285574055999975e+00,8.014852995690000537e-01,1.947601338658037275e+04,5.523898372958784692e-03,2.185401781112220401e-02
1.081192863999999934e-02,9.113575197640000347e-01,5.045006243749999619e+00,4.877439429755143863e+01,6.702560113025113342e-02,2.519238041752860369e+01
1.659641598926999917e+00,6.933661015709999820e-01,4.360943777710000191e+00,1.262892338361290058e+04,9.711093635756188336e-01,3.025667644008485127e+02
1.610325539138000028e+00,2.367714358968000088e+00,2.664500258374999930e+00,1.216500193996617963e+04,1.236861922284046289e-01,5.791026978102924261e+01
2.182692755142999985e+00,2.384725492452000051e+00,2.559236253471000033e+00,1.770227815993889817e+04,3.098718416144681173e-02,6.083100100765050477e+00
2.432236070779000059e+00,8.061141226669999993e-01,2.213110839651999839e+00,2.020442781765393738e+04,2.838268444214238329e-04,4.026335007973780734e-04
8.826867806979999953e-01,2.694909941881999949e+00,1.286327908570999989e+00,5.757951622506722742e+03,5.814645995904152431e-02,1.976997842580249243e+00
