2.149299233614000215e+00,3.030561561813000182e+00,2.198549025605999852e+00,1.737104138845689886e+04,7.375244120584848462e-01,1.907961524933259767e+01
1.995804945280000020e-01,2.361278137704999835e+00,2.537059905576000141e+00,1.010837729845913373e+03,4.277254790470006451e-01,3.663976998036383748e+01
2.897863736555999825e+00,6.165207676949999716e-01,2.120017835475000112e+00,2.498433271938624239e+04,6.602648362968360253e-03,1.485037776182444036e-01
1.512475010713000056e+00,2.307491303143000216e+00,4.491395624263000208e+00,1.125325875412782261e+04,3.066411489812809459e-04,4.171148081717956577e-03
6.097704344800000120e-01,2.129233877489999927e+00,6.001961342457000192e+00,3.672739968502216470e+03,3.380819176562943618e-02,1.983796718624280686e+01
2.705047223529999934e-01,1.913870437456000051e+00,5.563897803380000173e-01,1.420914270303307603e+03,1.235535308759322728e-02,1.234678500294404513e+00
1.741009608584999979e+00,1.151778936174000068e+00,3.455284801077000090e+00,1.340041492029464825e+04,2.482906677764827770e-03,1.391259279160583697e-03
9.628759097679999712e-01,2.137652218521000069e+00,3.864813253756000044e+00,6.411737164463541376e+03,1.982102664672611911e-02,1.836281512847217634e+00
1.100166746168000032e+00,5.698854226299999715e-01,2.321315459208999954e+00,7.567518782566654409e+03,5.477927622823614007e-02,1.339401426988221644e+01
5.319082858039999584e-01,2.111423928589000187e+00,5.750568713886000438e+00,3.118813791666175348e+03,9.746428402041497352e-02,9.892068006724163975e-02
8.362594221300000130e-02,8.284494543589999704e-01,5.262918602439999871e-01,3.959096287630937354e+02,1.946769906665127628e-02,2.713120926822569778e+00
2.921655674122999979e+00,1.089816588891999949e+00,1.645351052677000103e+00,2.523199338627692123e+04,1.098112943575520195e-01,1.054869039229565146e+02
2.679247485255999983e+00,9.016677425619999964e-01,4.430781402853999573e+00,2.272362573052408334e+04,3.798016579687781696e-03,1.352803691471676610e-02
1.892533826038000022e+00,1.750743880324999946e+00,3.223830342109000213e+00,1.485573831895862349e+04,6.281755995047474082e-04,3.993114048735472987e-04
7.159373555670000000e-01,1.483492974131999986e+00,1.752600806840000081e+00,4.457924801410839791e+03,2.962705821038709181e-03,3.393255360719221736e-02
2.473580391991000216e+00,1.549016824124999969e+00,3.608223362552999802e+00,2.062329907629582158e+04,9.981630808010412415e-02,3.754654430267682130e+01
1.731582648257000034e+00,9.072446361929999981e-01,3.283152493340999900e+00,1.331065963987301257e+04,9.515918046274848699e-04,1.126581561021756592e-03
2.927353658797000158e+00,1.709615807395000076e+00,5.717601573440999729e+00,2.529135189193742190e+04,1.129640819610759073e-01,2.170888393882870204e+01
2.867925296585000172e+00,1.831115554117000110e+00,3.603705961490000220e-01,2.467313168744681752e+04,4.150408817774297460e-02,2.738931672814175933e+00
7.007198451799999672e-01,7.741106445809999848e-01,5.867469052069999691e+00,4.343394212863948269e+03,6.598523595606355270e-03,6.823269683249549682e-03
2.483474890735999807e+00,1.740767973917999978e+00,4.549631961614999831e+00,2.072371515044321131e+04,2.068330903283988401e-02,3.448100944830417180e+00
2.851122933450000119e+00,1.951611322823000094e+00,3.390578542575000132e+00,2.449869394301733337e+04,3.059873501526171324e-01,1.395455537291996393e+02
2.101073616639999919e+00,6.733281652979999921e-01,2.334501426767999988e+00,1.689427737054864338e+04,1.368074911119879743e-02,1.016584197935666234e+00
1.227090207817000067e+00,2.280092150829000186e+00,1.574337498211999975e+00,8.671332335960598357e+03,2.478939685426105877e-01,1.005005329274230945e+02
2.339978241375999968e+00,2.504184164486999986e+00,5.832999912554000410e+00,1.927402941056649433e+04,6.227221446838047958e-02,2.420705657661830656e+00
1.148718781729999971e+00,2.143784184389999847e+00,5.207432150953000161e+00,7.986058711522209705e+03,5.531278061886369876e-03,3.025524081478787042e-01
2.377897114526999811e+00,1.229945792517000092e+00,3.876503872530999928e+00,1.965570218147144624e+04,3.734870540444571591e-02,2.130226159197185254e+01
2.478393242792999995e+00,1.120667195036999964e+00,1.287491946452999914e+00,2.067213476677894505e+04,4.930915195025501602e-02,2.596972053080276455e-01
2.679366406453000060e+00,1.655217164163000021e+00,5.163997522485000324e+00,2.272484788002833739e+04,2.133961176147264934e-03,5.671779377498351038e-02
7.198220941920000504e-01,2.257440964345000189e+00,8.408873282359999868e-01,4.487264416062807868e+03,1.935231572848948936e-02,8.654731979175802614e-01
4.329222464909999735e-01,7.500856926140000436e-01,4.339958137340000022e+00,2.444474647424198338e+03,5.373751630492208387e-01,4.625854523777210403e+01
2.316927744641999798e+00,2.714580021591999959e+00,3.697467858130000007e+00,1.904252358993648522e+04,7.363670601186772524e-02,7.973557837876073862e+00
1.110272317863000069e+00,2.042819711342000133e+00,4.903256447311999722e+00,7.654237058020872610e+03,3.737375226726722399e-01,1.213938719981270964e+02
2.894606554557999978e+00,1.942443429816999911e+00,2.679159727091999788e+00,2.495045137854803033e+04,1.877343487631888963e-01,1.116640366084887717e+02
1.186567272853999988e+00,8.741104031440000144e-01,6.065446501041999561e+00,8.315562314001042978e+03,1.222937959473799699e-02,8.591837996530798938e-02
5.543415072120000398e-01,2.190662955352999930e+00,2.198777042135999782e+00,3.276385878779971790e+03,5.445052806304544538e-03,3.853415450584295188e-02
2.668743133175000004e+00,1.869431433674000109e+00,5.770368868265999929e+00,2.261570729267177376e+04,6.969390921682804517e-03,8.044408921058089357e-01
8.330485554590000286e-01,2.268356687313000108e+00,4.663778533319000275e+00,5.362112355169388138e+03,2.061391084388476680e-02,9.629608325933191465e-03
1.311135877350000090e-01,5.977587682470000274e-01,4.587060863920000009e-01,6.389480855304343550e+02,9.643413957794796584e-03,1.156052592850369265e-01
3.898001540689999822e-01,2.134978142183999950e+00,5.445534405999999938e-01,2.162101418618706703e+03,5.943302919284927377e-01,4.033287730510517122e+02
2.528179566132000122e+00,1.882361007686000010e+00,4.186965933559999797e+00,2.117822164166541552e+04,6.599536102297968998e-02,3.257819142935039025e+01
2.670481455092000189e+00,2.342021503115999881e+00,2.441979516181000065e+00,2.263356164751326651e+04,8.890345220799604486e-02,5.315194624847121574e+00
3.858773002399999985e-01,2.484042775050999907e+00,2.140080892460999973e+00,2.136777103275524496e+03,6.587943214538223742e-03,4.919748876656888648e-01
8.401925609629999903e-01,1.864397693684999968e+00,6.094998922480000303e+00,5.418640538003507572e+03,3.371030986388990486e-02,5.888558975396930295e-01
2.170453648426000193e+00,1.612566156386999960e+00,5.058623230924999881e+00,1.758077269183173121e+04,2.292330029417804713e-02,2.279187676958593478e+00
1.016996045261000070e+00,7.818957366700000078e-01,4.476322002543000167e+00,6.862174834676095998e+03,1.239300607986268399e-02,2.996152282313828130e-01
8.054025842390000189e-01,6.679088824719999762e-01,3.448421293570000046e+00,5.144809221555878139e+03,5.360293054743968388e-03,1.161412162957112942e-02
2.615370699944000066e+00,1.467087913100000029e-01,4.003319417010000048e-01,2.206842296993983473e+04,1.405065713689464431e-02,2.670773706223424249e+00
1.697998409176999957e+00,8.709618211340000027e-01,2.844815956981999960e+00,1.299168711863850331e+04,1.164964151470950643e-02,2.548634101019419673e-01
