2.727187796747000181e+00,1.401453149514999996e+00,1.738251057247000020e+00,2.321699486337174676e+04,1.771628351099249210e-01,2.611110705622658656e+02
1.463970239708999976e+00,6.554721080869999605e-01,6.014757027922000177e+00,1.080588919572248051e+04,1.464985419020658486e-01,6.959237202423261124e+02
2.155234032925999799e+00,6.004792021279999892e-01,5.816196759021000418e+00,1.742984450195878162e+04,2.993712517499174872e-02,1.417497288090217467e+00
5.223671283449999869e-01,1.909846808703999921e+00,2.027944591372000005e+00,3.052309327448640943e+03,1.295909686689220575e-01,9.708307683659048948e+00
1.298396204754000083e+00,1.443507178139999958e+00,3.529118958268000039e+00,9.304428262966775947e+03,9.285916996743863406e-04,2.966378251326423632e-03
2.901801369104000106e+00,2.529472700793999884e+00,1.465883966680999961e+00,2.502529987807100770e+04,2.345885232673003418e-02,1.579964050336958303e-01
1.920233019884000081e+00,1.293142393626000031e+00,1.740652169025999951e+00,1.512423136956018425e+04,5.770557995433762272e-03,2.093234146801583456e-02
1.688925550952999899e+00,1.914958481318000061e+00,5.339943696726000333e+00,1.290572984659249960e+04,1.409036535996974204e-01,1.254301297397860395e+02
1.848731576637999918e+00,4.010281420139999997e-01,3.810497278070000271e-01,1.443266284466027901e+04,2.014659641926406231e-01,3.866073451502007430e+01
7.625425207670000205e-01,1.977934474061999959e+00,4.097376314485999593e+00,4.812646989862992086e+03,1.000228112119703472e-01,8.515877462282801957e+01
1.280747166732999931e+00,2.324190738552000202e+00,2.392228145643000126e+00,9.146920437948050676e+03,5.530963795955263357e-02,2.922303680943094406e+01
1.951856314237000012e+00,2.177116740787000015e+00,4.603708741829000139e+00,1.543164308486471600e+04,7.169789294748165091e-04,1.602560300603536603e-02
5.029837521490000407e-01,1.658816856462000056e+00,5.606203895333999654e+00,2.918163952970409809e+03,7.574442339047658679e-03,3.588697066301094751e-01
