1.686610489300000015e-01,3.562011742519999857e-01,1.033033850477999893e+00,8.350758113163217331e+02,5.107050809038535732e-04,2.180326134162379186e-04
2.445225965131999857e+00,3.473785803514000126e+00,1.445573879299999920e+00,2.034946048687970688e+04,4.538942655817713168e-01,6.224034749990073578e+01
2.722950801780000152e+00,1.390042342324000035e+00,1.314790205360000019e+00,2.317804344317893992e+04,5.101343054701510185e-03,6.884328672403286831e+00
3.477414435589999964e-01,5.720863661799000077e+00,1.564824137131000104e+00,1.895911937417509989e+03,1.764956159660578394e-01,6.521700752150677260e+01
2.829978550185999975e+00,5.887243638651000310e+00,1.214197941936000058e+00,2.428107932713957416e+04,4.420371849289347205e-02,2.021938017079591532e+01
2.918733212799999865e-01,1.953071807963000062e+00,9.923954183280000452e-01,1.547900759107254316e+03,2.055009725262448850e-01,2.971239629249566292e+02
1.820093382200999921e+00,2.370580036296999982e+00,1.582303080686999985e+00,1.419588761717454690e+04,1.684927818569917010e-02,1.625688678868045356e+00
1.895588666254000021e+00,2.774360093040999953e+00,1.783727985083999990e+00,1.492067904535582784e+04,5.105475140973025731e-03,1.215198066157452406e+00
4.643078122159999821e-01,3.822979167853000071e+00,7.551534674519999601e-01,2.666045969759002674e+03,2.137759320484890896e-02,2.778324100765698634e-02
2.168021688187999896e+00,2.164462577171000213e+00,2.484789764689999958e-01,1.758043636094048634e+04,1.489371861235181393e-01,1.268079429593032614e+02
8.101558638629999809e-01,4.233803740145999583e+00,2.109352208296999986e+00,5.235058617882114049e+03,1.861307190899353370e-01,6.137463857346594498e-01
2.704090339274999977e+00,1.896613496324000003e+00,2.966495887730000169e-01,2.298438334016901354e+04,4.718148666996409973e-02,4.623612200871765610e-01
2.307720300221999921e+00,3.309994733358000207e+00,2.364258085118000174e+00,1.896861662342155614e+04,8.258847636518064361e-02,1.048500772979801710e+01
1.062978552062000093e+00,3.544925327203999998e+00,2.710204306410000097e+00,7.315844025152186077e+03,4.617561190716363284e-01,5.775569936913379498e-01
2.201714785005000063e+00,3.809845299529999729e-01,2.077250258082000034e+00,1.791382635979842598e+04,1.084810922172304293e-01,2.881197202537637558e+00
2.762756681091000033e+00,4.059858292021999659e+00,7.573135244369999519e-01,2.358748485621999498e+04,4.168543136242382902e-02,7.447193395131958660e+00
1.495861517507999894e+00,5.478888684326999936e+00,1.542922996588999895e+00,1.115373571537489261e+04,1.026086282749133494e-01,5.526913021525707848e+00
9.544925345089999569e-01,4.140841919789999825e-01,1.736110952306999966e+00,6.405702427991737750e+03,5.458673184638100917e-01,1.165393444201882467e+01
2.324061141426000177e+00,3.555097541422000074e+00,2.411376764053000166e+00,1.913198354734553504e+04,1.209827548569164524e-02,8.403565047355291417e-01
1.085294984212999969e+00,5.884322606901999819e+00,8.119953947260000193e-01,7.505986396902574597e+03,1.666711157796011700e-01,1.491018602707949547e+01
2.822955064494999888e+00,4.658189351915000387e+00,1.662455114174000048e+00,2.420848646965895750e+04,5.896015882255741802e-01,1.835696531635145448e+02
2.768718239436000150e+00,4.672956614103999762e+00,2.297230703308999811e+00,2.364888760885545707e+04,3.654205568157808254e-02,2.590140348342376164e+00
2.424650824087999812e+00,7.044617202890000041e-01,2.134638640393999864e+00,2.014197293203163281e+04,1.151439631040555682e-02,6.845408136459565362e-01
3.893284603230000029e-01,3.671144386399999959e+00,4.536772108720000252e-01,2.164118278879872378e+03,3.251352686640657848e-03,5.062369671458641363e-02
2.788378181289000057e+00,5.081816145541999674e+00,1.517785096247999954e+00,2.385153138929919805e+04,5.840805803607350064e-03,6.835361423331844932e-01
1.607464408860999949e+00,4.900848564600000401e+00,2.434312846650999784e+00,1.218700056193971250e+04,2.198735007358676996e-01,3.048793401013401905e+00
1.715791724229999982e-01,6.792727107939999787e-01,1.242456570684000061e+00,8.510231105667165821e+02,5.548012370921895798e-04,2.001829802722944213e-03
