1.992868753969999907e-01,3.379134113760000169e+00,8.018342180090000104e-01,1.004789295324564137e+03,8.425465360149979105e-04,8.079529006036475581e-04
2.917314112859999975e-01,5.508476472852000150e+00,3.279923175109999978e-01,1.547035479153265669e+03,9.354362169329252840e-04,1.065965899001129757e-02
1.423691405273000088e+00,1.476071610470000017e-01,1.151922228539999926e+00,1.049413691839961575e+04,3.106262984634109749e-03,2.565747766506435226e-02
3.022041960940000105e-01,3.751976604189999898e-01,2.528956135233999980e+00,1.611151477864882509e+03,5.253180555593779666e-02,1.309245234442610517e+01
1.496417563732999945e+00,5.863640872350999622e+00,3.436109913809999861e-01,1.115884465219340018e+04,3.393472784079186455e-02,4.757232624092293527e+00
1.632333662358999904e+00,3.713699308469000204e+00,1.710390906450000026e+00,1.241932743244736594e+04,3.396518794646163214e-02,7.373013154676025249e-02
2.050797185682999846e+00,3.852475592674999838e+00,2.572119907274999839e+00,1.642789189769636141e+04,5.385982139603902319e-03,1.455479225280694074e-02
2.185499079647000187e+00,5.835854048302000052e+00,9.401231614859999475e-01,1.775325838373081569e+04,5.297349397197502995e-03,1.696735568731776889e+00
1.241688715436999990e+00,6.257126297854999741e+00,1.356954099903999955e+00,8.863894779322405157e+03,2.504367643523809916e-01,5.538584654382384542e+02
1.004218835991999903e+00,3.135930209509000033e+00,2.698142210622000103e+00,6.819875987462075500e+03,4.536970739437930136e-04,2.003861154601002149e-03
3.227660795480000178e-01,6.274264562205999596e+00,1.289652858735000018e+00,1.738544833320447424e+03,8.683737702039581383e-03,3.245280611990624564e+00
2.865814172220999989e+00,4.543547098779999738e-01,7.344341590690000032e-01,2.465191229102667785e+04,1.354739183289783815e-02,5.435301696292725859e-01
1.519855304258999951e+00,5.996064007021000286e+00,9.613391772170000182e-01,1.137455499326735844e+04,5.513073783590804328e-02,1.750406347491689871e+02
1.364454643063000017e+00,1.878336310731000047e+00,2.424839312975000105e+00,9.958125712057382771e+03,3.865627933956379200e-03,2.011352811749597680e-01
2.258805761351000196e+00,2.136040105189000116e+00,6.287234394409999538e-01,1.848081172766131931e+04,8.151415297359049239e-03,1.182337066075017651e+00
1.479691771876999962e+00,3.138362558432000071e+00,1.734194543145999967e+00,1.100534603815414084e+04,1.833252618356299435e-01,3.028177509839008863e+01
2.258610197518000184e+00,2.409045872210000105e+00,1.140010001810999984e+00,1.847886515337853052e+04,3.298778880298958334e-03,5.389927505205671654e-02
2.554008540827000129e+00,5.909299438378999625e+00,2.106307923390999814e+00,2.145133925732191346e+04,1.174365685961119288e-01,4.471706813033765826e+01
1.403935598914999971e+00,3.570340403039999888e+00,1.608677119191000093e+00,1.031482058015399161e+04,6.356590444940311002e-01,2.137220458040852478e+00
1.905473792907000030e+00,3.819442360836999839e+00,4.393492984280000235e-01,1.501599791995964733e+04,1.209384972297512621e-02,4.706066952514570412e-01
2.141076239079000132e+00,3.344863488425999787e+00,2.743454822642999780e+00,1.731448314610583475e+04,2.504887351246387062e-01,4.360013087903448081e+01
2.063967947874000064e+00,5.043067588078000263e+00,2.784843428109000207e+00,1.655679831797810402e+04,1.763848353992733195e-02,5.077340150174057820e-01
2.548908172207000167e+00,5.826042475133999865e+00,1.569089181934999910e+00,2.139949739576244610e+04,6.481437866399528680e-01,1.237141617188810443e+02
