5.876120241899999985e-02,1.624484685971999909e+00,8.120672903529999598e-01,2.707470878238767114e+02,4.829549311570447106e-04,1.131902717979448849e-03
7.652282599380000327e-01,4.050964131876000351e+00,1.372474638981999950e+00,4.881132839978190532e+03,9.538214840573834216e-03,1.529803586353447376e+00
1.878599809478000093e+00,5.104073521876999919e+00,2.235223892157999881e+00,1.475708388067956912e+04,1.356990214858773414e-01,7.831609266730044094e-01
2.889118894105000113e+00,1.551165680470000030e+00,1.292418645893000040e+00,2.489346934502535805e+04,4.193260303501823716e-02,7.478665396170117496e+00
2.663108335782999880e+00,3.940236969233000153e+00,1.049307775039999974e-01,2.256433868890216036e+04,2.981915813443532515e-01,1.451969955430847037e+01
1.908202758492000051e+00,1.409887242441000055e+00,1.143959232360999945e+00,1.504232906448028734e+04,7.297701513860249678e-01,8.448188025162437498e+02
2.550435492566000217e+00,1.187836353269999951e-01,2.814308040647000020e+00,2.141501977612964038e+04,1.584078666693249648e-01,1.070339795327151178e+00
2.380673737302999804e+00,6.694333762849999925e-01,7.267727014270000119e-01,1.969950461691527016e+04,6.650378122353393234e-03,9.375947298239704908e-02
2.157286268523999961e+00,2.693963426924999904e+00,1.921200717887000087e+00,1.747440519540317473e+04,1.002560641305422391e-02,1.635851019979808418e+00
3.868902706360000110e-01,3.153326415417999851e+00,2.385220954289000161e+00,2.148186589390509653e+03,3.222372804987692213e-03,8.611555658752726439e-01
1.894026261877999939e+00,1.931135939525000067e+00,1.351446163329999894e+00,1.490562200548849069e+04,3.990036049322443629e-02,2.363320176071497691e+00
1.015853933303999979e+00,3.093042710919999827e+00,2.092938952410000053e-01,6.917531590966855219e+03,4.044300350477302713e-02,1.952262883378192981e+00
7.140136785270000397e-01,2.550225163448000210e+00,1.143058471138999943e+00,4.484312889185867789e+03,4.500247800010697130e-01,7.861788862404829104e+01
1.808959459558000082e+00,1.503970488940000072e+00,1.848165817354999962e+00,1.408948345959770631e+04,2.771819836669736983e-03,4.851337182868295517e-02
1.946891073665999894e+00,4.487370436405000440e+00,7.226332920279999739e-01,1.541639066466747681e+04,1.576674125870500265e-01,5.114636704358321140e+01
6.599235871630000361e-01,6.065803800666000001e+00,1.938622499172999891e+00,4.073351245272167944e+03,3.938909943500846014e-03,7.826466519114956555e-02
1.533634555639999952e+00,4.661449146817999711e+00,2.624805909163999917e+00,1.150170250528121869e+04,1.493977573231188927e-03,1.017410210775146311e-02
7.862720674759999806e-01,3.141222394265999807e+00,2.476488798491999876e+00,5.046251233292341567e+03,1.477245545860511383e-03,1.184247788825773008e-02
1.499697722037000025e+00,2.054936502703000212e+00,1.169514439102000036e+00,1.118899086587257807e+04,5.815517789057454007e-03,8.928724687922587888e-01
5.879379118099999912e-01,5.397029624676999759e+00,1.410865833522999990e+00,3.540344288779093404e+03,4.171133459174437008e-01,6.015720516436212861e+00
1.944693111025999954e+00,5.218411304523000283e+00,2.438381209606999889e+00,1.539510138534650650e+04,6.522277033691333825e-01,3.422561954754135716e+00
8.903930000230000363e-01,1.581847394916999994e+00,2.110487751561000103e+00,5.879788068817631938e+03,5.074713335764063915e-03,1.704006365532747536e+00
2.777950178579000173e+00,4.068804406528999884e+00,1.482354926883999946e+00,2.374401659225704861e+04,7.924226150909286295e-03,1.094272753628122846e-01
2.214252850493999780e+00,5.814814707119999593e-01,1.113501715171999917e+00,1.803812344891289104e+04,1.624022475287952363e-02,2.353439737909197860e-01
3.367265486720000256e-01,4.961355017898999797e+00,8.209973560090000344e-01,1.826157845482671746e+03,1.244561857210779859e-01,6.738712112033181256e+01
4.057049108229999757e-01,1.486947627850000009e+00,1.931709484623999940e+00,2.271778198880695982e+03,2.035176532903836596e-03,2.554957248760285002e-02
2.507177495586999871e+00,5.974877678979000351e+00,2.258789147059999891e+00,2.097598833842996828e+04,5.283682819549435743e-03,8.404852412156135766e-02
