3.560803982599999862e-02,4.345209631703999875e+00,1.431336552359000036e+00,1.613579661843741349e+02,2.292582680287848576e-02,3.332642453552422168e+00
2.168281706753000027e+00,2.229097633543999812e+00,1.071172868114000032e+00,1.758300567725729343e+04,9.699932706435432372e-03,1.006498225018982895e+00
2.658430606161000131e+00,3.034735331368000111e+00,3.106528294380999977e+00,2.251646125722485885e+04,3.110790699953101812e-02,2.693150999072849161e-01
1.472412985127000029e+00,5.698348952429999947e+00,2.897502097358000128e+00,1.093866139020834999e+04,1.400235617868780535e-01,8.801172387400467301e+01
1.885832376116000075e+00,1.223317024618000071e+00,2.630694393525999875e+00,1.482669574891189586e+04,3.625077655476704585e-03,6.252994616702590991e-02
5.263733169069999551e-01,5.379361444998999708e+00,9.776593817480000448e-01,3.098109705478734668e+03,8.796648416069271711e-03,1.561967088700530137e+00
1.943979126534999935e+00,9.457404763119999780e-01,2.639855579889000214e+00,1.538818677146285700e+04,2.848261186316715723e-02,1.480700078904635952e-01
3.662771762820000165e-01,2.039318269063000066e+00,3.458940515080000111e-01,2.014518895866730418e+03,2.125632802790422896e-02,8.811411680744789532e-01
1.179594564582000071e+00,6.073252224137999811e+00,1.168123951299999908e+00,8.319635234876175673e+03,2.926650852947152402e-03,6.243443415175895655e-02
1.300409056241000005e+00,1.031763770860000040e+00,2.391856192256000213e+00,9.384375495811571454e+03,1.603431753398036966e-02,1.912370161491509624e+00
1.907946876120999891e+00,6.206833293530999995e+00,2.170923964941000150e+00,1.503985981032092059e+04,4.381086479351560363e-03,5.790287259312056761e-02
2.583262997338000133e+00,4.764504013829999884e+00,1.332994529527999905e+00,2.174902424275476733e+04,1.001266193474160265e-02,2.416079987047996624e+01
1.688033004396999992e+00,4.717086645380000220e+00,3.712704739109999874e-01,1.294228081365293110e+04,3.929220315299026232e-03,7.785350866310053464e-02
2.540931796977000001e+00,5.699702941710000026e+00,2.583312766120000159e+00,2.131845762611824102e+04,8.750115429205718859e-03,5.269569888426443027e-01
5.982013194220000551e-01,1.189866289730999949e+00,1.921790001481999965e+00,3.615320202332110057e+03,9.390173275525865934e-03,2.869178233863853289e-01
2.636426007653999815e+00,1.176583871924000047e+00,1.724886473216000082e+00,2.229142605696736064e+04,2.040524842853179768e-02,9.928800439728858729e-01
2.311744797285999908e+00,2.328522040949999872e-01,2.607964675269000221e+00,1.900883267361363687e+04,8.259197591609718919e-03,1.536845530118389480e-01
1.860617611854000097e+00,2.792521085263000025e+00,7.245025439750000240e-01,1.458423289023074358e+04,3.182578478802785410e-02,1.345788426362725110e+00
2.644384649359999839e-01,4.086540103817999814e+00,2.164040446095000014e+00,1.382443562938322884e+03,7.326494249681410331e-02,3.344280848442523268e+00
1.401821597956000032e+00,4.689888360827000113e+00,1.423045718123000070e+00,1.029566501167975184e+04,1.668758488318478972e-03,1.303540223971984616e-02
2.855744403605000148e+00,1.503997074826999958e+00,1.181061679336999903e+00,2.454763374762540116e+04,1.539140550779645455e-02,4.117266402730642705e-01
9.106171344429999648e-01,3.436714143970999835e+00,1.260069018085000048e+00,6.044717142875292666e+03,5.681929306718738054e-02,3.306024049959976896e-02
1.580798171759000059e+00,2.023420775161000051e+00,2.011826289636000187e+00,1.193870891348414443e+04,1.332906995801286069e-03,1.800225786530499500e-02
1.638679806135999950e+00,3.538482063173999936e+00,1.006531693559999940e+00,1.247872949777259237e+04,5.132489156988833887e-03,1.073299070533879074e-01
1.888407096291000009e+00,2.774183942011000159e+00,1.718475389933999953e+00,1.485148924769311634e+04,6.811364003504318670e-03,1.051087802303500018e-01
