1.054252791701999925e+00,2.366110468617999896e+00,1.870535690300000109e+00,7.241759690608615529e+03,3.472836304831403154e-01,5.433296538100186126e+02
2.601155197053000023e+00,5.910334700197999780e+00,1.355386172325000027e+00,2.193136710667987063e+04,6.851081003235744149e-02,3.009633304728178249e+00
3.523453438120000003e-01,5.826344499754999795e+00,2.312164947588999819e+00,1.925228922709109611e+03,2.785946596085766983e-04,7.206938235349483581e-04
9.559639094459999598e-01,4.967380132529999881e-01,1.058643748001999896e+00,6.417881819194178206e+03,4.833473080490783766e-03,2.683944099575591088e-02
2.226641539625000110e+00,2.376960002560000174e+00,2.673989368253999910e+00,1.816106300361292597e+04,1.503258980504030597e-02,1.095386447337788116e+00
2.775472042012999907e+00,3.725213814139999968e+00,2.713742668685999782e+00,2.371847604148554819e+04,3.521767208145690220e-03,9.166479900171511930e-02
1.343060389981999947e+00,1.871321610449000028e+00,1.402191929900999945e+00,9.765782935478646323e+03,8.821274768426281415e-03,6.202488543831020662e-01
8.949999876969999546e-01,4.367703431542000025e+00,2.253722445490999871e+00,5.917275246406335100e+03,4.578408421558086139e-03,7.109996415408845194e-02
7.659966852089999945e-01,4.750769248848000004e+00,1.438846088708999993e+00,4.887141468414904011e+03,9.583595758940022247e-01,2.661560315684787383e+02
1.883470383064000053e+00,1.440221475679999974e-01,2.648292296360000186e+00,1.480395643640303751e+04,4.827206953147671585e-03,1.478482777195235486e-02
1.256629474769000110e+00,1.680565954138000029e+00,5.811933660420000036e-01,8.995804079562647530e+03,1.661177716848336126e-03,1.762260135047134801e-02
1.827296999435999991e+00,2.401960718191999966e+00,1.254852451452999951e+00,1.426479854272453122e+04,9.604473458885939320e-04,1.714214868847653214e-02
1.599615008265000027e+00,1.838232949321999987e+00,4.202859165510000050e-01,1.211382496618761979e+04,1.897115862375796033e-02,2.706936458967271530e+00
1.437999186397000084e+00,8.126097757200000105e-02,6.038969144839999581e-01,1.062434216408753309e+04,5.785221817511443376e-01,3.009645845224106608e+00
2.705051566415999975e+00,1.629306712937999890e+00,1.878668319081999938e+00,2.299424796552706903e+04,2.310847874417532033e-02,8.359741157374072529e+00
2.076449503985000167e+00,4.721983876793999890e+00,2.191035952820000077e+00,1.667909913822656017e+04,3.248109799148627547e-02,3.475819229725730430e+00
8.333584421499999895e-01,1.292092426136000061e+00,1.419347126324000063e+00,5.419874767004629575e+03,2.388703413957099769e-03,1.409482997320076446e-02
2.230793309158999982e+00,6.221392649044999779e+00,1.517708842330000030e+00,1.820229049257425140e+04,6.134950104302607787e-01,3.900755623810142083e+02
2.103923320429000210e+00,4.513568085766999971e+00,2.938171619679000202e+00,1.694877635322001152e+04,8.802710816071612765e-01,7.068248103116076209e+01
1.227427265088000041e+00,4.140506856240000033e+00,2.364073316767000055e+00,8.738322485555969251e+03,1.458211475177543237e-01,1.819744106620413149e+01
1.899377629191000061e+00,1.020231190917999964e+00,4.566955957270000255e-01,1.495720350461961243e+04,6.964321725062947444e-01,2.922804239090971805e+02
2.829994569775999835e+00,4.821426286570000386e+00,1.480214390351999976e+00,2.428124493420617728e+04,2.017118006821275872e-02,1.287030468897532671e+02
8.924106198210000063e-01,5.065843552841999831e+00,1.602483089639000102e+00,5.896199419117190700e+03,1.106172814076453919e-03,3.553579070766348796e-02
2.872872873037000119e+00,6.064833434569999682e+00,1.753999690359000052e+00,2.472504408796811549e+04,2.103115294921759776e-02,6.998366722960058794e+00
1.039141954586999983e+00,7.298837648779999965e-01,1.568867245892999973e+00,7.113817541697469096e+03,2.366771643065825135e-03,1.955490521855646202e-02
7.175031086740000230e-01,5.896654072887000275e+00,1.846104524036999983e+00,4.511117095602472546e+03,2.869559447962406473e-01,1.572331204077146936e+02
2.126449821388999961e+00,2.675484413112999782e+00,1.554145593882999998e+00,1.717037236607392333e+04,3.741140028319846472e-03,2.603645560165757100e-01
