6.856246079279999517e-01,6.013485191233000293e+00,2.204808122646999990e+00,4.267544917580255969e+03,2.360013167699565317e-01,2.770774530503247775e+02
1.048326882123999937e+00,3.871061425949000157e+00,8.777549140449999454e-01,7.191531855577300121e+03,3.502077051816049336e-01,2.569887060297860444e+02
1.502150936760999977e+00,3.145811031616000175e+00,1.357438312501999977e+00,1.121154623954460112e+04,2.177243039896779031e-01,1.133101665908901268e+00
2.840464346764000059e+00,5.413962516403000080e+00,7.627933401230000410e-01,2.438951117139720009e+04,8.608121528856492455e-02,7.047617479497032988e+00
1.339463264768999906e+00,2.398841350500000025e-01,5.597665005969999497e-01,9.733509882285487038e+03,3.540763887566921730e-01,6.288416758228050440e+01
9.768284477309999714e-01,1.552663054699999989e+00,2.574843989849000092e+00,6.591091496400020333e+03,4.203556042677717049e-03,1.205270831177855051e+00
2.074521949603000071e+00,9.501830375599999712e-02,1.032157499169999992e+00,1.666020310719628469e+04,2.958042326319443652e-02,6.794992257587258999e-01
2.965234152124000211e+00,3.511034035136999965e+00,2.672647619074000058e+00,2.568454641341777824e+04,6.520301253636068273e-02,1.318283636689755056e+01
1.359870818449999963e-01,3.740108190143000222e+00,1.199725013124000039e+00,6.598131768016219212e+02,3.986663688614528779e-03,8.206638338533099597e-02
2.491652661018000092e+00,3.252701469370000154e-01,2.492932428181000137e+00,2.081873393710283563e+04,5.570213266752014475e-02,3.062342681171495773e+00
1.424598683469999960e+00,5.578398650492999877e+00,1.361971606655000055e+00,1.050238503216266508e+04,2.142589690963284110e-02,2.673527079796332373e+01
4.833055264750000246e-01,5.107464908825000371e+00,2.446533572564999925e+00,2.796763988463631449e+03,2.867498380890220327e-02,5.154538482923973319e+00
