4.949256729459999837e-01,1.977250190035999999e+00,2.225196882141999843e+00,2.877394340455816291e+03,2.911919972457552852e-01,7.848285020833758381e+02
1.526702533166000020e+00,5.215536417598999996e+00,1.793072085559999973e+00,1.143770728189662077e+04,2.394208396070045784e-03,2.204225975185088782e+00
1.968939656786999892e+00,3.048053419150000276e-01,2.363055087351999983e+00,1.563020179859294512e+04,5.337978553612252562e-03,4.691284723583033500e-02
1.946020824689999873e-01,2.081110584290999821e+00,1.922904242001000075e+00,9.784955853230837874e+02,2.447838121200351935e-01,1.268841714153345634e+01
4.305066489750000169e-01,1.853135185450000000e-01,1.631852152957999902e+00,2.436949943736050955e+03,3.014044948538636970e-03,8.672387674731117657e-02
2.525159269247000182e+00,5.199795924042000195e+00,1.340344793831999892e+00,2.115833469247150788e+04,2.676852687306392753e-02,1.367938136396344895e+01
8.249277921130000468e-01,1.193341672180999957e+00,8.092806861000000351e-01,5.352565302070045618e+03,2.616692443681553192e-03,5.350127541280368798e-02
2.602516617956999845e+00,2.424703090606000089e+00,1.237271977542999890e+00,2.194525014709619791e+04,2.729142450681397783e-02,5.133325708071001081e+00
2.720569797502999876e+00,5.097909349501000165e+00,2.277871801433999810e+00,2.315358312475136700e+04,6.684799956527510967e-02,1.024288989463464361e+01
7.168538475789999476e-01,1.304645330794999891e+00,2.498138395460999917e+00,4.506127144786350073e+03,3.367549863913794628e-01,3.044608416260984640e+01
2.103800754213999813e+00,4.473773307004000443e+00,8.955352387580000073e-01,1.694757183198413622e+04,8.855558869469393191e-02,8.695261464149298902e+00
2.462982364085999798e+00,1.328405494852000102e+00,2.607375798065000083e+00,2.052876223523001318e+04,6.101560910467156429e-01,3.907002830915427580e+02
4.646064614679999982e-01,3.930836176230000145e+00,1.404031147159999993e+00,2.668090157296337111e+03,2.498088750732197199e-03,1.545769258395198777e-02
3.140162541929999995e-01,1.934710612476999936e+00,1.374594767040000054e+00,1.684092004327088716e+03,3.294006922088731581e-04,1.955371148599546315e-03
2.219992195480000152e+00,5.230656052029000413e+00,8.136450855929999726e-01,1.809506283694483136e+04,2.800815552139332421e-02,3.275463974333827633e+00
2.162321640247999888e+00,1.346277961900000097e-01,2.719257839615000005e+00,1.752412654156697317e+04,6.964193058988332914e-03,7.111542169351948994e-02
2.593488371622000077e+00,6.265597640995999917e+00,6.896111154720000469e-01,2.185320743695115016e+04,6.182612655724088052e-02,2.274091665766502146e+01
1.369137503589999971e+00,2.383777718146999902e+00,8.331740760410000224e-01,1.000031605809896610e+04,1.399131842734206536e-02,1.021873419522030924e+00
9.189248480899999683e-01,1.736369051013000098e+00,2.214642427938999791e+00,6.112738433519718455e+03,2.207977673361665328e-03,7.555841116879014052e-02
2.902591494844000142e+00,4.858267919741999563e+00,1.608849628743000082e+00,2.503325573783404252e+04,1.291250383521610201e-01,7.455582456982321027e+00
3.153344792610000002e-01,4.377674929479999921e-01,1.050649502048000006e+00,1.692272875365993741e+03,4.428686556565665337e-03,6.322401947320965658e-03
1.378201026596000078e+00,5.548416792915999984e+00,1.075516581745999956e+00,1.008206455727637876e+04,3.458841781037681404e-03,1.265874249420299302e-01
2.261655208862999977e+00,3.137839053113999910e+00,1.933378348173000028e+00,1.850917751167957249e+04,3.234992188533662542e-03,2.934704209134713637e-01
2.133247027888999892e+00,6.170342660243999688e+00,2.150571853060999850e+00,1.723732141924153984e+04,2.123295209700583330e-01,9.525456288255735160e+01
2.355231757498000178e+00,4.654445667773999595e+00,9.438897579610000532e-01,1.944416492148908219e+04,3.805945124556568415e-01,1.012413369114771911e+01
2.198391720308999986e+00,2.302203092442999921e+00,1.410160565083999895e+00,1.788090406213481765e+04,3.366732809345899212e-03,1.349253860100525226e-01
9.927257623370000506e-01,4.306982172512999973e+00,8.002075112219999564e-01,6.723686481367330998e+03,1.528695612424051664e-01,6.024033681509237681e+01
1.302735830869000022e+00,4.137431563686999603e+00,1.350236152141000012e+00,9.405111030731837673e+03,7.240502331693250693e-02,1.175666786883014625e+00
2.700545609919000167e+00,5.632937545670000379e-01,1.960478933009000002e+00,2.294801037501399333e+04,8.065321120260540710e-02,3.067723696473395600e-01
