5.013489894479999931e-01,3.560776414294000158e+00,2.226839610833000194e+00,2.922181325823688894e+03,8.685303418713112567e-02,2.832677335091240067e+01
7.647253153919999491e-01,1.678120227303000034e+00,7.554165030470000319e-01,4.877200971715783453e+03,3.323425052659239459e-03,9.303862752515955348e-02
1.573133911780000060e+00,2.752345691751000079e+00,2.233589624354999970e+00,1.186750622181616745e+04,1.956122951545111177e-01,3.022787287075466267e+01
5.728682061269999570e-01,1.016147444011000101e+00,1.061006532751999965e+00,3.430893096582479757e+03,3.851788398073634212e-02,5.579131048400864046e+00
2.754854944518999815e+00,4.842668474042000071e+00,2.884677985863000060e+00,2.350613162542387363e+04,1.281396071232161760e-01,1.470646686240934571e+02
3.639969516850000142e-01,9.556783042509999770e-01,3.517660702920000215e-01,1.999846139265425563e+03,1.451262133471768918e-02,2.818391042914197286e-01
1.736768960845999965e+00,3.649378247782999907e+00,1.879800752206000070e+00,1.340272682159502983e+04,8.687533934366067356e-01,5.637430559947327424e+01
1.129119500912999952e+00,3.294789600555999787e+00,8.250706591509999743e-01,7.882114213340751121e+03,7.101829922226614127e-04,1.574971906555402024e-03
7.851963488830000504e-01,3.337603549614999832e+00,6.334994940579999900e-01,5.037782300873315762e+03,4.483409160969979365e-03,6.565143576235342449e-02
1.921838063398999985e+00,5.784012027579000126e+00,1.380752105928999995e+00,1.517400032126051156e+04,1.023823335771155418e-01,3.502259121590043822e+00
2.896691947064999884e+00,6.100834111678000049e+00,8.937991084599999914e-01,2.497203171890931480e+04,5.816691616618956812e-02,4.838189807942298692e+00
2.458391975789000039e+00,5.460519935969999850e+00,2.045701683992000142e+00,2.048238796844207536e+04,4.173555892022819958e-01,7.740916632354686300e+00
2.176087435003999815e+00,3.484997371251000065e+00,2.746185129484000065e+00,1.766016205204861035e+04,3.176856313949258555e-03,1.469781834858996383e-02
8.841319529499999663e-02,1.771958375856000023e+00,2.399073733779999884e+00,4.158183873337876548e+02,8.319319556548961103e-02,2.067662695732859390e+01
1.775886587537000016e+00,5.991883313453000071e+00,2.227887187357000087e+00,1.377417279794112437e+04,5.579330717684149316e-02,2.464594601134697172e+01
1.544635364020000012e-01,1.873952806209000066e+00,9.430546000570000365e-01,7.581716009583220739e+02,6.881213972210458163e-01,4.543585825984280291e+01
2.582762756773000046e+00,5.588891010872999665e+00,1.750612068938000032e+00,2.174392920083405261e+04,4.753036957687085430e-03,5.006170722241133575e+00
9.036444694170000513e-01,5.723666468100000460e-01,1.719896382256000056e+00,5.987748252303462323e+03,5.540116485458025652e-03,6.714973250891781431e-02
1.803063155180000043e+00,1.854606519482000060e+00,7.980880730770000264e-01,1.403318570498450390e+04,6.478776228262489965e-03,3.111951039786606255e-01
2.128790799497000119e+00,4.207581158049999992e-01,1.699663548211000075e+00,1.719342544012281360e+04,1.595512404625276381e-01,2.045866435437929898e+00
1.901427901653000019e+00,3.651789789880000026e-01,1.055968486982999943e+00,1.497697332606284363e+04,2.585156563366271081e-03,2.106746762780904031e-02
1.338819543842000082e+00,6.881249877449999719e-01,2.034718692330999890e+00,9.727736516826922525e+03,1.455630929515255335e-02,1.580931838838576242e+00
2.175064793682000008e+00,5.123884787199999707e-02,2.311469800110999895e+00,1.765005083109574116e+04,3.377421869365699898e-03,6.105264415495748748e-02
1.117648283312000057e+00,1.688193710084000099e+00,1.588334001586999999e+00,7.783318200453196368e+03,5.642557437666354848e-03,6.185952266649435982e-01
2.590687821033000215e+00,3.735335968058000056e+00,2.222668736255000166e+00,2.182466669417440062e+04,1.277303394709255330e-02,5.976660058788495489e-01
