4.137365667180000206e-01,6.108532475128000350e+00,2.392529121656000068e+00,2.324989317948743974e+03,6.133455879318069209e-02,2.880777690559712667e+00
1.748679459599999930e-01,2.028800730778999917e+00,4.166452344959999943e-01,8.690529709516639514e+02,1.100038666437272959e-02,3.886241403209402812e-01
1.690375133429999899e-01,8.303513069129999646e-01,2.914431280652999945e+00,8.371304800283493250e+02,5.632043346639235004e-01,1.999419967744431592e-01
2.537186465082000186e+00,4.893032482656000326e+00,1.332938352290000017e+00,2.128041983380671081e+04,8.501500561319030869e-01,8.893634238217684924e+02
1.992187170426999998e+00,3.846598312749000215e+00,2.625433907445000159e+00,1.585612755601671415e+04,3.169898706851860884e-03,1.514123079354392880e-02
2.669552238051999815e+00,3.267452904255999879e+00,1.006399532786000028e+00,2.263031580246397789e+04,9.782786255777638565e-03,1.484055948506808609e-01
1.423094644700000078e-02,4.504752518481000223e+00,2.333679949108999896e+00,6.347151698585109614e+01,4.797006160520404100e-02,1.509843956245331853e+00
2.319448389994000159e+00,2.165079867511999989e+00,7.680944644649999598e-01,1.908584736097618224e+04,3.376711264615707506e-03,3.696450912736711780e-01
2.120655444301999815e+00,3.505451800698000220e+00,2.418173216805000081e+00,1.711333135085385948e+04,3.361902165375901808e-02,9.558780615189722552e-01
3.479414218319999974e-01,6.059872569402999787e+00,2.763948409819000140e+00,1.897183397963802236e+03,8.424439852522195779e-03,1.544211563621639659e-02
4.175527120279999838e-01,3.490665541484000212e+00,1.689258268309999922e+00,2.350365492469670244e+03,6.371143262305901667e-01,1.733918041821743543e+02
2.149118795210000155e+00,2.704725217086000111e+00,1.031918176188000080e+00,1.739380072764511715e+04,6.467961765723878598e-01,1.125927849251072388e+01
7.953142989779999894e-01,1.917765223830000032e+00,5.362758477729999695e-01,5.117558610759530893e+03,1.547365144308091196e-02,1.342458962879298445e+00
1.104879769680000012e-01,2.291216715798999992e+00,2.160033666782999795e+00,5.273465624674101946e+02,1.064527507963882120e-03,4.008321698258385246e-02
1.736866731771000039e+00,4.067963756272000353e+00,2.608951231220999922e+00,1.340365316338540651e+04,4.939442670548597168e-03,2.119012575132371221e-02
2.877275310244999940e+00,5.374029014568000306e+00,2.571921147215999959e+00,2.477067004491284024e+04,5.584820948920416091e-03,1.928692936242469291e-01
2.226802412285000088e+00,1.948961662304999898e+00,1.024796465387000088e+00,1.816266023095998389e+04,1.709033335068677883e-01,1.343704258476547295e+02
1.136081409026999944e+00,5.127104673419999870e+00,2.239616998264000181e+00,7.942190454155077532e+03,2.772651601951688916e-01,1.901974029948116254e+02
2.841191477030999835e+00,4.426497762031999628e+00,2.235147749239999815e+00,2.439703267028081973e+04,7.276841923759473467e-03,2.888837572964032541e-01
1.801315253272000039e+00,5.201464357256999627e+00,1.785932879561000108e+00,1.401650370409531024e+04,1.659942820234892868e-01,5.238546693135634591e+00
2.382985677595999885e+00,3.140072220632000199e+00,2.365901301251000177e+00,1.972273106098954304e+04,4.064208241183787929e-02,1.361824558320250178e+00
1.998317210386000076e+00,4.380401408560000154e-01,1.129569803395999994e+00,1.591578356433698718e+04,5.047311119360544523e-03,3.476238464984583026e-02
