2.196190110933999851e+00,1.901391689330000023e+00,1.876369284312999985e+00,1.785909715796675300e+04,7.757050301696746288e-03,1.102782932576150454e+00
9.606844449970000088e-01,1.762358277292999986e+00,1.060678904126000077e+00,6.456988007946494690e+03,6.175034190752412382e-03,4.384270583493394824e-01
2.476463385834999809e+00,2.149893190659999842e+00,1.288469266511000022e+00,2.066503861816138306e+04,1.504506542829517068e-01,2.047411234056017975e+02
2.342981572903000131e+00,1.129874366267999974e+00,4.984024125650000081e-01,1.932139011453880448e+04,2.670910755617381463e-03,1.199368279856906708e-02
7.826907899989999917e-01,4.893431653406000059e+00,1.566832848256000110e+00,5.018068286100376099e+03,3.734627319811391066e-01,5.950432721589663743e+02
8.263681075030000489e-01,3.097742998333000042e+00,2.132359369312000208e+00,5.364052055343909160e+03,1.954812842483442670e-01,1.100513395216972157e+02
2.983781811452999921e+00,6.182453380423000411e+00,9.793063086759999925e-01,2.587780082013109495e+04,4.124121023102404228e-03,1.636796600813568425e-01
1.925038098429999955e+00,5.595808206479999658e-01,2.133034929763999887e+00,1.520492773779579693e+04,1.554507234581252624e-02,2.218993603038588169e+00
1.755989174543000075e+00,2.504688366938999877e+00,2.642774911979000052e+00,1.358502969316513372e+04,2.596290257493557782e-02,5.259283809090178785e+00
6.148053768279999609e-01,7.238087821630000418e-01,8.534513298020000027e-01,3.737345637580269795e+03,4.840312698587061202e-02,4.362918297782964139e+00
2.735980542880999788e+00,3.036640941716000075e+00,7.180444789409999862e-01,2.331196079228171220e+04,9.886832150588050760e-01,8.731375569624290733e+01
3.597276738069999924e-01,5.844593740204000021e+00,2.532407696945000009e+00,1.972435792366091164e+03,5.823714736308912426e-02,8.542521552222071435e+00
1.988965013313999997e+00,1.903876507234999904e+00,1.416024812247999920e+00,1.582478409337549783e+04,2.865398775504345973e-03,1.099926929224054606e-01
1.860899114386999953e+00,2.354862253502000069e+00,9.159064144659999629e-01,1.458693631580747933e+04,1.276640142582110282e-01,4.935122943247441718e+00
1.122379440702000020e+00,3.684775474909999904e+00,1.499291785750000106e+00,7.824036222764851118e+03,7.699790854687685315e-02,6.150332137077707539e-01
4.204308567899999738e-01,1.315336187752000008e+00,1.799982734839000065e+00,2.369543874584015157e+03,6.597487804616886109e-02,1.474307048910343454e+01
2.922916338913000178e+00,1.849889859197999975e+00,1.946269316141000072e+00,2.524433185754167425e+04,1.981798230991478268e-02,1.323730832414375236e+01
1.647792308292999941e+00,5.421465706142999608e+00,6.833587022870000194e-01,1.256410784658054035e+04,6.472698427310495835e-03,5.407641927178271635e-01
1.439649698651999987e+00,5.306520635288999976e+00,2.078554369761000054e+00,1.063938045706103730e+04,4.655113890929497497e-03,1.034165429818191817e-01
2.023758780282999936e+00,5.969804816032000083e+00,1.663684241836999922e+00,1.616373863020499812e+04,4.853739059671297561e-03,8.112410832413050055e-02
2.119221958785999949e+00,2.423825571614000030e+00,2.611919402732000073e+00,1.709922419897106374e+04,1.030277548313941229e-02,5.485253708361769398e+00
2.231093650762999925e+00,5.761335074337000428e+00,1.661648724079999973e+00,1.820527344419249130e+04,2.527545909040623991e-03,4.100759491079725150e-02
1.119811436653999959e+00,8.242955117310000190e-01,2.733622453305999844e+00,7.801929976454202915e+03,7.900464923529749994e-02,2.230516051626818541e+00
