1.888555012125999966e+00,1.315336187752000008e+00,1.508073133319999926e+00,1.485291381351975906e+04,2.444333442813736990e-03,2.672012872052452748e-01
3.532850343219999800e-01,3.854738822144999855e+00,1.855736347320000035e-01,1.931224381808277940e+03,9.803772643394001365e-04,1.590430660903254315e-03
2.016187218557000005e+00,5.627791403248999735e+00,8.676996809879999883e-01,1.608988471301924801e+04,9.861337675344322706e-01,8.651538965955317053e+02
1.570505180082000019e+00,2.820051152051000098e+00,1.194721590030999980e+00,1.184310131691594324e+04,7.730698602382725382e-02,1.680628147608370284e+02
4.114897008680000190e-01,2.788741522626000169e+00,2.054703434712000121e+00,2.310076479213078528e+03,6.020428962500553628e-03,9.887228367867748058e-02
2.546719430397000217e+00,2.279700715261999910e+00,2.575289069231000205e+00,2.137725560422476337e+04,2.782582353766205885e-01,8.056984038967362949e+01
8.572663173750000309e-01,5.671314856951999772e+00,1.506762739358999958e+00,5.611707738636798240e+03,3.795273410079093995e-03,1.962958076367183613e-01
2.678789333664000072e+00,3.819781289749999864e+00,1.298302823256000105e+00,2.272493703615897175e+04,6.711158706691425918e-03,1.596766600891403876e-01
1.909642313003999892e+00,2.640785364790999790e+00,1.044178009054000045e+00,1.505622188271072082e+04,7.594686803262153119e-02,2.086042381918630539e+01
1.071870033728999916e+00,1.499007585947000010e+00,2.309170606751000054e+00,7.391487374585423822e+03,1.891002694313088581e-02,2.323838671718944315e+00
1.308216559659999945e+00,5.150715016137000113e+00,1.649249126459999992e+00,9.453986645765722642e+03,2.474040337131493995e-03,1.606848643583982938e-01
2.376990991240000017e-01,4.209895758656999831e+00,1.644249015541999981e+00,1.224789211970129372e+03,7.432090278888719113e-03,2.562839392072999156e-01
