8.394458532980000331e-01,2.852278281810000093e-01,1.662189936375999988e+00,5.468585932349084032e+03,1.537219853023854554e-01,5.415151268611843705e+00
1.088878047126000004e+00,4.894225488181000117e+00,2.414618864093000195e+00,7.536603709396089471e+03,1.748342070547993787e-01,9.929973787310724447e+02
6.584257290170000276e-01,2.512784114462999874e+00,2.014510377355000159e+00,4.062095022321679153e+03,7.673124388507981779e-03,1.289973289005203227e+01
1.523361574678999908e+00,5.624928990605999601e+00,2.615591852079999780e-01,1.140688599031685408e+04,6.663990040877896398e-03,3.121551969322143849e-01
1.285038468173999915e+00,1.758630719526000030e+00,1.620975408977000098e+00,9.247608322751175365e+03,5.440944825711354835e-03,1.802461707971434457e-01
3.888631428570000215e-01,8.566777978930000259e-01,1.173769274946999897e+00,2.161075830354508525e+03,1.509476233910166674e-03,1.187074708153360199e-02
5.276543334729999479e-01,6.132796883732999582e+00,1.733276915302000010e+00,3.107176651341081651e+03,7.904452815237945629e-01,2.489462313802314100e+02
1.139828082218999894e+00,4.501418460818999989e+00,2.409140931889000026e+00,7.974557764483597566e+03,1.422618643783793435e-02,2.032774589066422555e-01
1.626077354238999906e+00,3.773993848009999930e-01,2.032470329165000145e+00,1.236081253636134352e+04,6.753943532632743219e-02,1.545830505163687807e-01
2.397868259579999939e-01,8.389281132850000544e-01,2.590780831471000134e+00,1.236967388543363995e+03,5.441930644561004601e-03,2.268283519660733438e-01
1.149232693477999945e+00,1.834908618589999874e-01,9.289961900440000253e-01,8.055914641943259994e+03,1.358178078255367280e-02,3.640961968362771972e-01
2.173612808944000108e+00,2.994831681249999766e-01,3.045132464611000067e+00,1.763569600611553324e+04,2.182161799497618973e-02,1.297176232541296770e+00
5.974820402870000269e-01,5.715540728895000200e+00,2.266297323907000116e+00,3.610054434310732177e+03,1.791916172305991206e-01,6.502081826629053012e+02
2.608508188909999803e-01,5.516069586569999572e+00,6.893787361430000482e-01,1.361081363870797077e+03,2.149634329668112520e-01,1.173058302274471210e+01
2.637044356245000110e+00,8.393645430180000089e-01,1.914733391576999955e+00,2.229774553824283430e+04,5.135437372230729387e-03,1.194974742562009418e-01
2.499366516278000105e+00,2.545927802150000030e+00,2.950435543169999786e+00,2.089684864276616281e+04,1.336395642102682774e-02,1.669913114461371861e-01
2.997337155070999959e+00,4.451107009039000140e+00,8.561228456739999881e-01,2.601915711919824389e+04,3.771485495175213535e-03,1.470660939738671902e-01
2.957564008104000219e+00,3.843487154158999886e+00,1.007763178887999933e+00,2.560468365177036685e+04,7.367836658434874335e-03,1.335280440862840479e-01
1.769794931188999998e+00,5.193099010616999855e+00,2.320627541476000033e+00,1.371622132673122178e+04,6.794930189761182703e-03,7.757386567321274129e-02
2.156902831512999885e+00,5.606530787047000253e+00,3.256513935179999875e-01,1.747061983655092990e+04,1.628473833896411371e-02,1.684325143093854671e-01
2.842500971364999796e+00,5.179604923057000043e+00,5.682727241870000334e-01,2.441057896699614139e+04,4.984873877454083779e-02,1.878753311342974897e+01
2.147605377740000154e+00,5.965154672769999777e+00,2.453340517113999919e+00,1.737887094125536532e+04,3.447838872469418670e-01,2.543218890034724922e+01
7.924193064110000018e-01,4.393232403683000165e+00,9.643763837979999476e-01,5.094705396431458212e+03,1.605252489196236712e-02,9.153163455565613837e-01
1.117059945329999943e-01,3.828288571888999847e+00,9.218738031740000283e-01,5.335862231889750547e+02,2.395038693039293863e-03,8.066545648389499695e-03
7.751446976679999823e-01,2.029702418745999992e+00,1.823260933046999988e+00,4.958794838500873084e+03,7.256904939732072542e-04,4.129181210172658267e-01
1.059933743269999978e-01,3.905227887715000179e+00,9.534270057329999881e-01,5.043988058351747554e+02,1.151730834589624747e-01,2.090563363561933397e+00
