2.390068045089999982e-01,1.891291164127000046e+00,2.075568589192000157e+00,1.232414725910942707e+03,2.222635008163701634e-03,5.082886038600483575e-02
1.034680202232000079e+00,5.279337653390000495e-01,1.658078969855000029e+00,7.076126788258629858e+03,1.621926321053035122e-02,1.402113535913026426e-02
2.413738271644000122e+00,5.718530631410000398e-01,2.701872045841000158e+00,2.003204853904786069e+04,5.904416641926268222e-02,2.404978769789870352e+00
2.617887119119999828e-01,2.919436568925999786e+00,5.138536444729999708e-01,1.366659725120035091e+03,5.794290232416204021e-03,1.319748095872798899e-01
3.489208274680000166e-01,3.959576294349000047e+00,1.069325018827999907e+00,1.903413043768905027e+03,7.153550774653594582e-03,5.433834106504590103e-03
1.885096040340999979e+00,2.492082008057999953e+00,1.311860704571000014e+00,1.481960633128054724e+04,2.806301438102037915e-03,7.230407331600997856e-02
1.648227812148000071e+00,5.287211797749999942e-01,2.159147657380999785e+00,1.256819065822076118e+04,2.319104269920336733e-02,5.397160047278230788e-02
1.997535661302000110e+00,5.991288678459000039e+00,1.635632479717999965e+00,1.590817581971744039e+04,4.046779802954219955e-03,8.028032900907132452e-02
2.434729831528999799e+00,4.442348076665999734e+00,9.522047937419999553e-01,2.024357607582342825e+04,2.114882312169668460e-02,3.166465548588344170e+00
2.669364326033000001e+00,1.653386049610000019e-01,1.560404848247000098e+00,2.262839145999188986e+04,1.607472271378512785e-01,2.408429497837666133e+00
1.199816624090000033e-01,4.868410077881000220e+00,1.145286010393000042e+00,5.762157422327262566e+02,4.743783764038778106e-02,3.841663396897236566e+02
3.165922620070000248e-01,4.097609154777000384e+00,1.341044149363000093e+00,1.700086218141993641e+03,2.200131261591031506e-01,2.740212808283374457e+01
2.077074706200999987e+00,4.895591417260000133e-01,1.574001226008999943e+00,1.668522875741085954e+04,5.078020223434991792e-02,1.940708317997187038e+01
2.716501104934000210e+00,5.117220807466000387e+00,7.762574983009999929e-01,2.311179304642244460e+04,4.105436207341539405e-03,7.405926030775731306e-01
1.566069762869999882e-01,3.541610048391000021e+00,2.950471216092000137e+00,7.697088894258527034e+02,6.770926740500840535e-02,2.996322502381522312e+00
5.916078325570000018e-01,4.215602405595999969e+00,5.807432076059999559e-01,3.567113701630754349e+03,4.187454439885689161e-02,2.250544108295710277e+00
6.834733937370000012e-01,1.931596206555999951e+00,2.376700343672999871e+00,4.251215020031493623e+03,3.751593927782084781e-03,2.634548595471594701e-01
1.942750609143000018e+00,1.897498678112000015e+00,9.984124410129999738e-01,1.537629026626473569e+04,1.729891587389072172e-02,3.597412155325555361e+00
2.921676585818000049e+00,1.704419073891999981e+00,1.404481054219000047e+00,2.523145022740530476e+04,2.473941625747950179e-01,2.611336909096824570e+02
2.852717606285000151e+00,2.625299579995000077e+00,7.975787350390000086e-01,2.451630083634403854e+04,1.991097139869167990e-02,2.871181323535966889e+00
1.872187913989999952e+00,2.931517330465000182e+00,2.084118729444000007e+00,1.469541384674701840e+04,4.403982009985731721e-02,5.288376414318735286e+00
1.645880375660000006e+00,5.775616895288999686e+00,3.617653484539999909e-01,1.254618624522740902e+04,2.546985607830101663e-03,4.144684508560356195e-02
1.648518224850000102e+00,3.472435176640000232e-01,5.556876287240000156e-01,1.257091337489191574e+04,9.810633331410346242e-03,1.311876740318193013e-01
2.222671052000000091e-01,5.274536269054999948e+00,1.985067444570000061e+00,1.135471109428358659e+03,2.127528741200268303e-01,2.807751349754961012e+01
2.752328112139999838e+00,2.716939507963000100e+00,1.140973257623000059e+00,2.348012427710892734e+04,1.151129977730762539e-02,1.593913681407938654e+00
2.168782434345999821e+00,9.361944858170000439e-01,1.600857716591000068e+00,1.758795366318419110e+04,8.991355978615696645e-03,3.581040458103996182e-01
1.423970055267000046e+00,5.138963474472999948e+00,1.470388082866999957e+00,1.049667001864657686e+04,1.024664792939237838e-02,1.758359111676623066e+00
1.337614465451999912e+00,5.544301955971000062e+00,5.303800245509999733e-01,9.716930146108523331e+03,4.127733629297540043e-03,3.818744464500138658e-02
