1.978578890689000058e+00,5.214679047399999740e-02,1.876713631284000039e+00,1.572381812587306558e+04,7.582347542657162827e-03,7.227476070775976091e-02
2.766556291044000027e+00,2.674078080010000025e-01,2.339548521637000000e+00,2.362661754598258995e+04,3.115717780101340817e-01,2.345270352279540838e+00
1.275262572444000098e+00,4.024022858181999673e+00,2.480821935569999859e+00,9.160814892216139924e+03,3.212291319618220536e-02,2.354695977067336743e-01
1.149190828362000039e+00,6.418692491999999916e-02,1.954577130414999919e+00,8.055552127480416857e+03,3.841363756011479391e-01,1.172107936222515079e+01
1.043698880179999983e-01,1.748914463091000071e+00,9.480417134230000320e-01,4.961398411973240172e+02,4.549611386262508717e-02,1.828182696024731868e+01
1.327816143586999953e+00,3.639035376854999893e+00,4.431089485379999804e-01,9.629145863354571702e+03,3.777265096551315256e-03,1.422684248447906100e-02
1.829930599527000101e+00,1.434353020667999967e+00,1.058910106963000031e+00,1.429000519100841484e+04,7.525051476088726043e-02,2.809207026118730077e+00
2.728514070292999971e+00,3.489142334700000014e-01,2.129590548113999837e+00,2.323520903905708838e+04,2.031407971067418494e-02,1.408909684484090097e-01
2.888934763319999988e+00,4.527483305878999609e+00,3.685590679130000269e-01,2.489155958870920949e+04,3.763267735551607818e-02,3.521176458090844452e-01
3.569236407849999959e-01,3.236658903594999970e+00,2.121193278859999864e+00,1.954476685160979969e+03,2.239983380757377962e-02,2.259663275974709354e-02
2.467508555309000151e+00,2.261274839736000075e+00,3.155726580670000225e-01,2.057450232898149261e+04,1.815363392869403202e-03,8.664749047459520057e-03
1.392535486994999960e+00,3.005953276392999918e+00,1.273601335726999961e+00,1.021159587929591726e+04,1.850194025224585542e-03,8.253078115677868823e-03
1.079220881337999982e+00,1.362161175076000097e+00,1.829682273373000045e+00,7.454138814072580317e+03,5.298094932368446926e-03,1.629788415730257234e-01
1.397125894756999998e+00,3.301490448937999922e+00,2.044983777976999928e+00,1.025313851778951175e+04,5.013552356552088141e-02,2.058544326585086903e+00
1.447768119349999993e-01,3.030644663689999962e+00,2.366910739649000117e+00,7.063594141209417785e+02,8.514897661737458323e-02,1.041787426288994567e+01
2.105496624418000007e+00,2.825248213070000070e+00,1.660302121218000027e+00,1.696423915772024702e+04,3.246729125115005877e-03,7.899296993024249036e-02
1.693624280095999968e+00,2.823924927566999976e+00,2.610867956689999936e+00,1.299497187102288262e+04,2.320360692528145377e-02,1.795498944402303509e+00
2.432079212097999932e+00,3.949267506870000055e-01,4.717855631069999833e-01,2.021684907935753654e+04,4.159958358311000026e-02,6.381917699415557976e-01
1.420582852784000094e+00,8.521345774390000072e-01,2.451079794168999904e+00,1.046588557076421966e+04,6.489769012023326455e-01,5.920979577226972435e-01
1.703815354952000094e+00,4.960086885519999989e+00,6.635762985140000181e-01,1.309110058368049249e+04,4.563786411939430021e-02,1.722720212567009668e+01
2.084300306913999812e+00,4.725265956952999780e+00,7.469743578869999512e-01,1.675609467266331558e+04,1.203559040383042449e-02,6.741903005578772090e-01
2.231251023582999871e+00,3.840083200418999976e+00,1.666460777031000040e+00,1.820683647794401622e+04,2.111299854988725466e-01,1.918930134913528107e+01
1.606652761302999943e+00,3.373912600219999836e-01,2.642980820972999911e+00,1.217943059851650105e+04,3.587763397700403922e-02,3.217937456657887996e+00
1.250909502410999963e+00,5.245533158506000326e+00,1.555700652444000021e+00,8.945260778827101603e+03,2.352387500603309728e-03,9.217027836592338319e-02
2.194409453282999856e+00,1.918986392592000101e+00,2.529754079802999822e+00,1.784146263481905771e+04,3.135689472428313668e-02,1.589223325321910352e+01
6.090247229759999659e-01,1.000653815369000110e+00,5.353460871159999579e-01,3.694761336725431192e+03,4.031349941378280510e-01,6.073846764263173270e+01
2.195980106614999983e+00,6.139755931616999618e+00,2.839734868295999970e+00,1.785701727297473553e+04,5.670167301107425714e-03,2.497341702480354586e-02
1.961409831012000060e+00,5.885347016784000296e+00,1.337873763269999960e+00,1.555713199369282120e+04,2.122795962473113252e-02,3.233412413730336255e+01
2.253260015556000084e+00,4.159434762124000429e+00,5.314049536620000236e-01,1.842562286810158912e+04,1.174855863760992762e-02,6.396228259985410336e-01
