1.549997526440999973e+00,2.710777731609999908e+00,1.296997472873000046e+00,1.165300360640568761e+04,6.659091544067881688e-03,4.309392409974154292e-01
2.570133513386000157e+00,1.657663635633999988e+00,2.171418214402999869e+00,2.161535249987751376e+04,1.678276975114761579e-02,1.754997196777914326e+00
2.874244850140999841e+00,5.222714112855999957e+00,2.785037581924000083e+00,2.473926179018386392e+04,2.552851636589471562e-01,1.253796965139895692e+00
1.986247501779999924e-01,3.798670511769000058e+00,9.310978370210000188e-01,1.001065866881041188e+03,1.991112495035836025e-02,1.497765876727623867e-02
2.830888626810000197e+00,2.267451572195999798e+00,2.466828149831000072e+00,2.429048774007979227e+04,9.744803925734171410e-03,4.332940958527196074e-01
5.210883724160000341e-01,4.325287064128000125e+00,2.020108064932999881e+00,3.060765561120349957e+03,4.897826157994769267e-03,1.307686629772406850e-01
1.650019735812999988e+00,1.686354559656999985e+00,8.717310222099999839e-01,1.258499210428530205e+04,2.309303521523937280e-03,1.821609215061129397e-02
2.006999884624999897e+00,5.027855234127000195e+00,1.313638409588000044e+00,1.600033967450555247e+04,1.329145750787735086e-02,4.068923474995886913e-01
1.330012782153999984e+00,8.930536097190000522e-01,1.889707034929999918e-01,9.648813253789214286e+03,2.010874100992498820e-03,5.920267401292552030e-03
2.521146535739999806e+00,1.875236151221000069e+00,1.471148047186999985e+00,2.111762409796671636e+04,1.021969109766245401e-02,2.020843810472852553e+00
