1.354285068725000096e+00,5.530244334869999889e+00,7.995442413629999523e-01,9.866613123995524802e+03,2.563086086080810892e-03,1.602251544863756566e-02
2.208974749465999921e+00,4.103830850089999593e+00,1.757847353734000029e+00,1.798578322882242719e+04,1.106549202314591474e-01,8.015560267345610157e+01
2.804896325434000026e+00,1.098112249861999956e+00,2.239653009276000084e+00,2.402196884252516975e+04,1.455988915458839295e-01,2.402483950859232831e+00
2.468408082228000122e+00,3.709398418286999899e+00,2.428763524993999834e+00,2.058359432851500969e+04,4.950547993617159664e-02,2.380340728810656259e+01
1.663305366909000105e+00,3.904121764186000210e+00,1.418071429230999936e+00,1.270967660254109069e+04,1.025681100214183988e-02,6.420405205468857623e-01
1.329773038856999934e+00,5.464895012100000393e+00,6.998283630299999558e-01,9.646666382142335351e+03,1.220505144361139632e-01,9.219425240311531766e+00
1.090453823625999963e+00,1.134708660603999997e+00,1.124403255517999911e+00,7.550076426396739407e+03,1.652633826839006170e-01,1.047134031467018334e+00
2.793428208976000082e+00,3.630959627554999791e+00,2.071222104284000221e+00,2.390362142166228296e+04,8.505861217440643940e-02,4.932429810309326967e+01
1.033275319948999904e+00,3.754100769927000147e+00,1.478627944789000059e+00,7.064267237901060071e+03,1.578514789245830108e-01,2.641556869496074711e+00
1.448846897019999969e-01,4.262456897278999790e+00,2.058395103045000063e+00,7.069334608345350262e+02,1.890693815336909464e-03,3.327978230116646063e-02
