2.457131583543000097e+00,1.341648431657999962e+00,3.823027513289999901e-01,2.046965746556228987e+04,3.998341471894407972e-02,8.263449968292442271e-01
4.728549610189999863e-01,5.403068087504999895e+00,1.133697199680999912e+00,2.724685419117911806e+03,1.777964443699220354e-02,4.809899595073673595e+00
1.224914825571999932e+00,1.072077939849999939e-01,1.782477722185999980e+00,8.716235111855652576e+03,1.640191148311137201e-02,2.412288553878675135e+00
2.586473248109999901e+00,2.854305673773000152e+00,2.459283951864999818e+00,2.178172513736198744e+04,7.280026391664849196e-03,1.568703838609517009e-01
2.480329546091000203e+00,1.453008220360000102e+00,1.118788849493999926e+00,2.070414393677456610e+04,1.814752315399859317e-01,2.039513105664539694e+01
2.237560526699999830e+00,4.867009249918000435e+00,2.998770262157000044e+00,1.826951885566622514e+04,1.816786942833380084e-03,6.173058507019004403e-03
2.418384242720000188e+00,1.086546378293000048e+00,1.866451015089999999e+00,2.007883798354462851e+04,4.419839507088373920e-01,1.635045442966976736e+01
2.137300767059000073e+00,3.040153713506999811e+00,2.452883659758000157e+00,1.727726713577379269e+04,1.635015199149879393e-03,2.632983732970724591e-02
2.693058204244000109e+00,3.486550182165999878e+00,2.759684681590000022e-01,2.287120663685772888e+04,6.036274277112132353e-02,5.155487927601932086e+00
1.567156819572000037e+00,2.974302599097999877e+00,1.760742155053999891e+00,1.181202776702907431e+04,1.866227461047445801e-01,2.667573055280480503e+02
2.493504562398999980e+00,5.808632605913000013e+00,1.123041834979999987e+00,2.083748358038140213e+04,1.064954614314744981e-02,5.356474826414621138e-01
1.196058339923000036e+00,1.588824837221999964e+00,2.011449564394999889e+00,8.463307757523989494e+03,8.337763671774051089e-02,7.172993842435997180e+01
1.423211173280999997e+00,2.880744189860999782e+00,1.418641797670999960e+00,1.048977156636821928e+04,1.352438561576644206e-03,4.990936647994857062e-02
2.849748397733999905e+00,7.771039362130000017e-01,1.740860367950999965e+00,2.448556920932878711e+04,1.690367323258716581e-02,8.010119826517668740e-01
2.577892537696000019e+00,1.897579544944000052e+00,6.872800081069999623e-01,2.169433370538204690e+04,2.517681910450815241e-01,6.513702657563032972e+01
2.084173147149999961e-01,4.171396767927999960e+00,5.129653735439999585e-01,1.056374439451486978e+03,2.609028787263900119e-03,5.565930474589327222e-03
2.830227568977000008e+00,7.055180234440000531e-01,2.085474092464000062e+00,2.428365364660387422e+04,1.454783507367852450e-03,1.327883393925315125e-02
1.700620784725999979e+00,5.336565647427000236e+00,2.128296492641000182e+00,1.306095488309307984e+04,1.770211527240211358e-01,3.851924722602934725e+00
2.475955385309000167e+00,2.199468094374000149e+00,1.947248574304000002e+00,2.065990107840038399e+04,9.019705258596466546e-03,1.421141904035459369e+00
2.206538882334999840e+00,2.052078623638000199e+00,6.328544342730000327e-01,1.796163550634756393e+04,3.979161511248025529e-01,6.623012980543487060e+01
5.158219110999999746e-01,6.997575295260000106e-01,4.228399510020000029e-01,3.023652317076758209e+03,9.778926643165890623e-03,1.612744455890827155e-01
1.452852539530000042e+00,1.888568931769999959e-01,2.575687281158999919e+00,1.075980915741299214e+04,1.618572469759098006e-02,1.121975592040971026e-01
1.116584247804000007e+00,4.284228304694999601e+00,2.207840581675000191e+00,7.774166389467026420e+03,2.997765718921023836e-01,1.297227221604004654e+01
2.666143822566000132e+00,2.960158395310000135e+00,1.545139361913000053e+00,2.259541483985540981e+04,1.034829083890029672e-01,4.390778789730260812e+00
2.337707153889000189e+00,4.053509574549000405e+00,3.510004883250000263e-01,1.926856268920126604e+04,2.135545178746285980e-02,4.057765570071677486e-01
1.852335993939999981e-01,4.399020582839999749e-01,1.041920494601999980e+00,9.262725365622825393e+02,1.073106299694922550e-01,3.354426783537833301e-01
1.133324840056999960e+00,4.319057329086000152e+00,2.579231509179999993e+00,7.918392765116305782e+03,3.935214154630211660e-03,8.166470514987998752e-02
2.570623115641000211e+00,9.696870090199999348e-02,2.344249133088999848e+00,2.162033512120556043e+04,3.437644199961562615e-03,1.899292626615141713e-02
