2.655665875277999799e+00,1.492156408789999944e-01,9.322536324419999909e-01,2.248817021959940030e+04,1.215394575774107061e-02,1.824101534107836209e-01
1.661352192370000036e-01,1.013837916101999914e+00,9.253370120920000330e-01,8.213108887274937615e+02,9.871205010123867973e-01,3.229310745806377980e+01
1.817048229329999987e-01,1.566840870575999967e+00,1.847645699839000066e+00,9.067266617167513232e+02,7.691097316727279641e-04,8.448340024582114485e-03
2.110205641323999792e+00,1.577958877579999974e+00,2.219255322773999950e+00,1.701053308231997289e+04,2.787295734022762067e-02,1.786891127475865915e+01
1.055684520989999958e-01,4.535430968570000054e+00,2.048548747463999842e+00,5.022356120871976941e+02,1.451843291731765885e-03,2.629716720981765867e-03
1.582055155344000097e+00,5.173867098200000125e-01,2.142251156671000079e+00,1.195039343215823283e+04,7.973022382244326911e-01,4.524144038598349482e+01
1.815022331745000050e+00,2.153663794683999821e+00,1.519217777593999896e+00,1.414740902796040245e+04,6.666170440673363506e-02,1.225981797258534982e+02
1.908659791589999988e-01,5.751888647011999645e+00,2.092744416124999951e+00,9.576118549398388495e+02,3.525520188786060004e-03,1.379642074058319567e-01
5.805686984350000301e-01,3.486577106722000163e+00,1.413160494957000024e+00,3.486726578338224044e+03,3.491527306977072146e-03,6.043082552288667891e-02
7.305122549379999830e-01,4.110665227053000415e+00,2.079577973531999913e+00,4.611351192686262038e+03,4.305872855257560604e-03,3.100943775352688059e-02
2.507475421686999884e+00,2.747540109110000017e+00,1.256502639804000010e+00,2.097900770565789571e+04,6.168727719995568959e-02,2.779579814343739574e+00
2.143863828083000023e+00,1.763705072614000002e+00,1.943226517033999956e+00,1.734196891184807100e+04,7.752193201103306855e-03,3.815825235169411078e-01
3.185223347250000225e-01,4.969889005297000395e+00,6.115713606410000391e-01,1.712090182382098419e+03,1.448174925485766207e-01,1.219698866730702917e+02
6.897938661150000428e-01,3.642820710384000016e+00,7.946666197570000367e-01,4.299232669610380071e+03,1.270753256993839009e-01,8.227617849590634913e-02
2.985541451695000070e+00,5.128905939311000139e+00,2.120927693093999977e+00,2.589614486385857890e+04,1.332703914526413014e-01,2.978589081148306228e+00
2.177077918270000079e-01,4.883413845469999903e-01,2.205878231256999999e+00,1.109320670433408850e+03,3.325959552883205050e-02,2.565618539098736495e+00
2.334474206377000094e+00,1.233933524745000065e+00,1.565231926313999988e+00,1.923619243725490014e+04,6.388987538934653987e-01,1.140942058968574315e+02
1.169358129239000066e+00,3.779814867639000209e+00,1.805980637528000088e+00,8.230541972035567596e+03,1.157541022686088376e-02,5.196704486011820279e-02
4.294280495159999989e-01,2.934015764194000120e+00,9.897362425040000522e-01,2.429714502299278138e+03,1.874071964327414519e-01,3.907340103105206452e+01
1.364769921979999967e-01,5.943278585490000543e-01,5.650212459440000501e-01,6.623957049426699086e+02,2.276126410830880118e-04,2.730797305230075675e-03
1.565943921192999966e+00,5.591253038789999685e+00,1.730710448921999989e+00,1.180077520610708416e+04,4.091976545204329407e-01,1.624671484063837212e+01
1.848602971742000056e+00,5.046087577506000343e+00,1.668472170370000063e+00,1.446892341225025848e+04,3.967800679040161399e-03,1.176592976631936072e+00
