8.491903458680000183e-01,2.388662459074999855e+00,1.723067305208999977e+00,5.546750956020877311e+03,3.366782967017623723e-02,3.685004908286669822e-01
1.587032033937000097e+00,4.822790396850000327e+00,1.532378413615000046e+00,1.199667581896171760e+04,5.491631658684599515e-02,1.548329469050020224e+00
1.764759529895999934e+00,3.106330174610000050e+00,2.024767195452000124e+00,1.366834800081066351e+04,2.632767996279092651e-02,2.441899896884285770e+00
1.023964216026999940e+00,3.228749537778000001e+00,1.278317090430999947e+00,6.985766073268948276e+03,6.316344372955977338e-02,1.001587399529172195e+00
2.468623936826999987e+00,3.870657170037000050e+00,1.783955555676999927e+00,2.058577617001382532e+04,8.501110159806859676e-03,2.175204272436369046e-01
2.998283427089999953e-01,5.354412887765000129e+00,9.221153974350000393e-01,1.596560170270141953e+03,1.047129110422865134e-01,3.269444920875690030e+01
2.574271913146000124e+00,4.257283643164999631e+00,1.136255319435000022e+00,2.165747345703595420e+04,2.723884685304127709e-02,3.639186071036238701e+00
6.607087328449999797e-01,2.442266062370999968e+00,1.699921025642000094e+00,4.079254248940407251e+03,1.787416552434471784e-01,2.997478751186273485e+02
6.678851913900000214e-01,3.443002275926999811e+00,8.526992291699999615e-01,4.133296059164665166e+03,1.216260098648040966e-01,2.489097383890415571e+01
1.174013709858999999e+00,2.348308810415999925e+00,2.017954259204000067e+00,8.271039442345167117e+03,7.279982302082812703e-03,6.299414099966389458e-01
5.169548857229999683e-01,2.519459417716999994e+00,1.613409583678000025e+00,3.031628009174287854e+03,3.130794124886465864e-03,1.956381616646297728e+00
1.641088865793999929e+00,9.768960331699999555e-01,1.510280505863000000e+00,1.250129144860552879e+04,1.090448273999263112e-01,5.196319773431412159e+00
1.005249675681000099e+00,6.084853035195999738e+00,1.753640624235000001e+00,6.828516801351004688e+03,3.836407844258434008e-02,9.777521932939770011e-01
6.065850827500000181e-02,1.881714286722999896e+00,2.254165661895000117e+00,2.798637584010420483e+02,2.849825334645774214e-02,2.422461427233712072e+01
1.561750904236999915e+00,2.421329359175000029e+00,1.938597663174000063e+00,1.176188886555841054e+04,4.554256029610389243e-03,2.216505001700365407e-01
1.417298105028000021e+00,1.813472327360000080e-01,2.869326445396000125e+00,1.043604752311454649e+04,5.525617611076312843e-03,1.590436037880707532e-01
5.512783263799999611e-01,4.343515869299999915e-02,1.644562325896000043e+00,3.275429204989664868e+03,2.057263433321175963e-03,1.596321788909305442e-02
2.626053383154999921e+00,3.056068835541000173e+00,2.666270853387000095e+00,2.218545497851598338e+04,8.647710907402858874e-03,2.714843508607623912e-01
1.929974810305999933e+00,5.604321145699000084e+00,4.889420389140000101e-01,1.525265879846099597e+04,8.806587817002370366e-01,4.845683834068834983e+01
1.554196766630999926e+00,3.312675838250000115e+00,1.191422850631999930e+00,1.169188630680695132e+04,3.930971656605313641e-02,7.987605769475840389e-02
1.706663095683000009e+00,2.039069819040000009e-01,2.064419726536999899e+00,1.311798298864967001e+04,2.170775577347952220e-02,1.179430335355933668e+00
1.280537659648000037e+00,3.765679814878999832e+00,6.834225329130000359e-01,9.207630067498803328e+03,8.701345812180715563e-04,4.188450015969146824e-03
2.857058980544000093e+00,2.885022602772000067e+00,6.309799345100000068e-01,2.456124367748459190e+04,3.515163880554267317e-02,2.262462022316633625e+00
2.893483822629999924e+00,3.458886624439999835e+00,9.054322296550000315e-01,2.493874687201905181e+04,3.444025182870499857e-01,8.028013321378889566e-01
2.528904397429000195e+00,4.785041851076000441e+00,6.090081842819999869e-01,2.119634014047048913e+04,1.440266816874635585e-02,4.196643030787753359e-01
1.378859050928000096e+00,4.813718257387000321e+00,2.223815710169000148e+00,1.008800423728350870e+04,1.238591603268710817e-01,1.317880552087791557e+02
2.697413158173000092e+00,2.504613822396999812e+00,4.514807128180000073e-01,2.291587432140697274e+04,7.739011201523467685e-03,3.058624009826335644e-01
9.940438028389999570e-01,5.538900044657999899e+00,2.170647378246000070e+00,6.734703684726039683e+03,1.097884514524269106e-01,4.525273703767746980e+01
2.470567668720999865e+00,1.716532045332999967e+00,1.330321919228999894e+00,2.060542471853708776e+04,4.495695396571231656e-03,4.364686849744985331e-01
2.080405917504999813e+00,5.237800725910999766e+00,2.573096672801999940e+00,1.671789438873700055e+04,7.350608842932493565e-03,4.221147390706423419e-01
5.360791592879999845e-01,6.113691795403999762e+00,2.877018670800000066e+00,3.166952931826965141e+03,2.461510334219801643e-01,1.070840353913983307e+02
2.602346898566000100e+00,8.644294666439999997e-01,5.486311131669999730e-01,2.194351937408214144e+04,4.873930671787820024e-01,1.067650196862351919e+01
1.787900645893000018e+00,3.385820770666999824e+00,8.418975885889999899e-01,1.388858034793866318e+04,2.525675535279889306e-01,4.335329960797730564e+01
