1.474514085235999916e+00,3.508478624560000259e-01,2.402234176461000015e+00,1.095790340310320607e+04,3.476688125624508019e-02,6.143373144832122712e+00
2.513778612295999970e+00,4.672163561569999679e+00,1.808142638759999921e+00,2.104290228690973527e+04,3.531297773055259992e-02,2.942896856190051036e+00
1.725893776634999988e+00,6.224444067726000007e+00,2.145589152288999824e+00,1.329975364961539162e+04,4.108667878282701996e-02,1.446546969786921721e+01
8.219041394199999573e-01,5.961929822316999861e+00,1.398096664127000066e+00,5.328468110638002145e+03,1.027057764277137242e-01,8.995725796025688226e+01
1.331420113037999897e+00,5.027546954884999586e+00,7.161080091889999721e-01,9.661417471853255847e+03,5.435767026574146732e-02,1.137645831435768962e+01
2.057417022114000016e+00,3.014774993557999938e+00,8.819301845350000502e-01,1.649266331338229429e+04,4.898014307231509344e-03,3.591663557654576344e-01
2.223461099360999782e+00,4.246780088073999870e+00,1.293489618925000029e+00,1.812949015615061217e+04,4.760282680007785552e-03,3.288742023414193971e-01
1.473359605605000011e+00,3.299512373415999900e+00,2.920495165238000013e+00,1.094732987537788722e+04,2.961922536513694054e-02,6.457562741326643874e+00
1.199860768783000076e+00,6.201309834344000294e+00,2.321021347438999793e+00,8.496555827555985161e+03,6.977203252569452729e-02,1.624280735934789988e+01
2.039697652937999983e+00,4.898772904344999901e+00,1.490915722101999963e+00,1.631937584004095879e+04,1.724727990307353409e-01,1.260482020298713479e+02
1.786715672424000090e+00,2.970631769180000159e+00,2.801828062674000197e+00,1.387728933171676726e+04,6.895273380826644205e-02,1.822717220784819148e+01
