2.583234969520999957e+00,2.944668394262000000e+00,6.021743266090000546e-01,2.174873876995966566e+04,3.451094318597590620e-03,6.740444775487478002e-02
1.679488204427000086e+00,3.390753764284000216e+00,1.764429444072000086e+00,1.286182438830891078e+04,3.700348952934236733e-03,3.849722417408798364e-02
2.571826821994999790e+00,3.675782543216000064e+00,1.077806554006000006e+00,2.163258576330203141e+04,2.311732388578095418e-02,1.902043920156288315e-01
1.172307177650000032e+00,5.222741787597000140e+00,2.320497840084000174e+00,8.256190457420931125e+03,7.250988055087849160e-01,2.076744244111386024e+02
2.192344531604999869e+00,1.048748195633999902e+00,2.132269145758999951e+00,1.782101614583409173e+04,2.542681206583122938e-02,1.665206795428448316e+01
2.181791293634999906e+00,5.907750084874000329e+00,2.426983496066999813e+00,1.771657379573434082e+04,3.253438191015634029e-01,5.384924637438690525e+02
6.346550215799999783e-01,4.342943249010000062e-01,2.480206643209000195e+00,3.884385085595431065e+03,3.727498554792902253e-03,1.004248017071226046e-01
2.585977651498999830e+00,2.638838885850999905e+00,1.339094784577999908e+00,2.177667635220298689e+04,6.762533018914009507e-03,2.260036103592701351e-01
1.199045062193000000e+00,4.274811356428999787e+00,1.512073655607999889e+00,8.489421298913326609e+03,2.056144904645610394e-01,7.137581047724371963e+00
2.783498748012000146e+00,4.993199371645999918e+00,1.605983853988999899e+00,2.380121539438181571e+04,2.764065950404838087e-02,2.833001802261101432e+00
2.699084763999999859e-01,4.318618139225000263e+00,2.735268679134999825e+00,1.415137423518040805e+03,5.833770231327383149e-01,3.700064407952266521e+01
1.673556417000999996e+00,1.362338796711999978e+00,1.530776237326999967e+00,1.280602027619834553e+04,8.052200184945081940e-01,9.906029109752678607e+01
8.925926097549999882e-01,2.978763801312000137e+00,1.856727662776000098e+00,5.897680193850029355e+03,1.294420618773236978e-03,3.004361686756277378e-02
2.735004087159000008e+00,1.461610683291000079e+00,1.271523027048000021e+00,2.330192136497299362e+04,1.914671667299417540e-02,1.360470983573364157e+00
2.110362678587000218e+00,4.887432593156000316e+00,1.671082454060000000e+00,1.701207722641611326e+04,6.525073552676436024e-03,1.261828139941612692e+00
4.402378902799999882e-01,5.019361768210999664e+00,2.544433312584999829e+00,2.502440827827563226e+03,3.066781766640820361e-01,2.498524587979042053e+02
9.230431325679999688e-01,5.418785370352000363e+00,1.825135884400000130e-01,6.146515713703381152e+03,4.753283778120035441e-01,1.002924285905682034e+01
2.073295006621000081e+00,9.089597009250000026e-01,2.123815640969000107e+00,1.664817692744049782e+04,3.632495287307169283e-03,6.356779367336401476e-02
2.411138835802999925e+00,3.591840994111000107e+00,1.478010860374000091e+00,2.000587642506658085e+04,3.225314644061932912e-02,1.698758928543953883e-01
1.637296079845999897e+00,4.377961744931000432e+00,1.408086998349999952e+00,1.246577332997364283e+04,1.328600395604826942e-02,4.201272493889288739e+01
1.513515393330999936e+00,1.987745288022999990e+00,6.135166552120000505e-01,1.131613529525802187e+04,7.315749524808221917e-03,2.034821961861379425e-01
5.646623800440000451e-01,1.155496148966999925e+00,6.561417909450000252e-01,3.371616591319537292e+03,2.881162764271156737e-02,2.178638465950788916e+00
7.540783905299999756e-02,1.810162753374999989e+00,1.140548492893000088e+00,3.515122021672501091e+02,8.624282715005084261e-04,5.662034941220597806e-03
1.537504249236000042e+00,2.747643100336000010e+00,1.061738984667000008e+00,1.153745335844997680e+04,8.364305616204601931e-03,2.238214501814860258e-01
1.682985692664999977e+00,5.438246306012000097e+00,8.520072518719999932e-01,1.289474618856685993e+04,2.635883730476394626e-02,7.548503474849190820e-01
7.708334478449999638e-01,1.627656091126000071e+00,1.507045456027999997e+00,4.924998402868839548e+03,7.603400293871285555e-04,3.352366692988534291e-02
2.351368316273000136e+00,4.907207169295999982e+00,1.053402518553999911e+00,1.940543243279556918e+04,5.495803107863682369e-02,3.813210350747562871e-01
2.275478211110999904e+00,5.776636357575999803e+00,9.413880708370000461e-01,1.864687262269512576e+04,1.741954900400037934e-02,2.482535683812105098e+00
3.361656367879999885e-01,2.007900272566999877e+00,2.494665889641999978e+00,1.822620468357832806e+03,5.355081057410381040e-02,2.234885032574757791e+00
2.143637023122999974e+00,2.458278874498000199e+00,2.853820396065000153e+00,1.733973236185489804e+04,7.536871270570437431e-02,4.110958858884775635e-01
2.121453316198000039e+00,6.158277561170000247e+00,1.276551563740000006e+00,1.712118408250025459e+04,1.745914684514181525e-01,1.690766782420008951e+02
2.464460218355000176e+00,4.634122254220000237e+00,2.230930624770000037e+00,2.054369534189174010e+04,6.639704225246741143e-03,2.570179777857713455e-01
