1.731332741954000110e+00,4.319952703463999732e+00,5.242446927810000545e-01,1.335123711081551301e+04,2.131521156868159683e-01,9.053276437121553499e+01
1.501091069185999993e+00,5.211695038350000475e-01,1.384506428579999948e+00,1.120180063248360239e+04,6.462676645585868282e-03,3.941900033828570765e-02
6.347950067209999769e-01,7.600958287639999478e-01,1.006724960776000044e+00,3.885426474365341619e+03,6.195497925834553277e-01,4.147203345249166517e+01
1.810860993743000025e+00,6.794896953769999914e-01,2.201066080088000199e+00,1.410764691819915242e+04,3.899047299328846639e-01,3.220557791413126125e+01
2.454214833013999897e+00,4.510003470498999967e+00,1.317898097177000016e+00,2.044020129173479654e+04,1.512258049815278470e-02,2.483352486814956794e+00
2.622377702881999895e+00,3.404440809637999887e+00,7.799208219059999836e-01,2.214791923793707974e+04,1.214605320104883771e-02,7.993376222615928839e-01
7.466781221960000492e-01,4.217052515923000122e+00,2.008241270950999802e+00,4.736566529803664707e+03,6.530643937318547643e-01,8.449588646759856658e+00
2.075733324772000010e+00,1.841882795520000116e-01,2.112913119529999939e+00,1.667207797710105297e+04,4.264509746872788276e-02,5.475607285486464582e-01
1.510339001491000088e+00,6.249959638915999705e+00,1.130210669755999930e+00,1.128688559295946288e+04,5.808344157860891900e-03,1.739464235551534121e-01
6.879178811610000555e-01,5.802390458770000370e-01,1.466232876342999925e+00,4.284968226615805179e+03,1.177279335774961133e-01,2.408177298861831517e+01
2.776130204189999784e+00,4.969693550377000335e+00,2.198062919924999914e+00,2.372525893562404963e+04,1.727329364809720644e-02,8.746132226860485304e+00
2.465533006993000154e+00,2.479925727331000029e+00,2.427871857885000040e+00,2.055453638038935242e+04,1.805480992092537568e-02,8.622752147876151518e-01
1.904859167399999831e-02,6.192783458633000393e+00,1.674625019594000008e+00,8.526707728374921658e+01,7.235315215959681537e-05,1.874650986349840254e-05
2.045715590929999994e+00,2.295246529472000141e+00,2.608058747238000130e+00,1.637819749850753760e+04,8.160644604244949862e-01,1.758881514924248890e+01
4.394525779940000043e-01,4.991176390544000085e+00,4.461117113320000049e-01,2.497141610562777714e+03,1.818033521528482632e-01,2.918708952482278818e+01
1.358105686433999981e+00,5.853651270710000354e+00,2.320028801545999997e+00,9.900975787877205221e+03,2.963305039038112154e-01,9.396932104843854461e+01
1.397907645014000000e+00,1.911010508086000037e+00,2.781428115204000129e+00,1.026021624730960502e+04,1.748617949107627613e-03,1.159614785951643412e-01
6.732674350909999550e-01,5.848532387335000138e+00,3.353146551050000257e-01,4.173928624781447979e+03,1.475238709502465530e-02,2.104891551215551659e-01
2.498732603886999915e+00,2.973409012693999820e+00,3.675783298699999979e-01,2.089042776350511122e+04,2.102211789079106927e-02,1.349120787545633693e+00
9.462865787969999554e-01,4.840729888275999926e+00,2.165753761930000021e+00,6.337863676439820665e+03,5.863057399084305177e-03,1.792920740835988624e+01
2.580358272380999907e+00,1.547692542674000027e+00,9.135644928380000085e-01,2.171944137623174538e+04,1.790948087838217517e-01,5.390293581027270164e+01
7.041137201099999521e-01,2.336152542038000046e+00,2.587547030561999861e+00,4.408455515281185399e+03,4.591947244735674061e-01,3.907008226441190004e+02
1.316270750851999960e+00,3.569748234827999855e+00,1.835091299921000063e+00,9.525895260861332645e+03,3.711042175774890203e-03,1.366256111111548849e-02
1.044842798302999975e+00,5.804835560392000104e+00,2.661289510052000207e+00,7.162033129801512587e+03,1.155194089417721937e-03,4.400951696357357362e-03
2.757284219170999862e+00,2.177915785579000119e+00,1.305735525792999896e+00,2.353113849583035699e+04,2.209024676551544705e-02,1.686287387025409501e+01
1.845918802066000008e+00,2.392174603530000110e-01,1.574195430052000022e+00,1.444318210064794221e+04,6.776756742308151678e-03,1.565491459130857188e-01
2.559981363813999877e+00,1.284853777501999916e+00,1.892984397313999922e+00,2.151207102782607399e+04,1.713979526014747581e-02,5.693145790166218578e-01
1.328178071223999890e+00,2.445863610623999929e+00,1.477405965288999923e+00,9.632385847095336430e+03,3.983380683774289700e-03,1.177605726432265021e+00
5.864707990849999941e-01,6.162362690944999777e+00,1.552303129860000075e+00,3.529655274601987003e+03,1.450017270412609083e-01,7.168214555533768362e+01
1.927509143570000083e-01,6.049924037878000149e+00,1.145151042598000046e+00,9.681385978802368300e+02,8.563097605223687347e-01,4.350621788286688911e+02
