1.845530168095000034e+00,4.043531632929999731e-01,1.170148881392000018e+00,1.443945568350711983e+04,3.912569039348699484e-01,3.855827499084581689e+01
1.397838580211000048e+00,9.287384032240000309e-01,8.113351233529999540e-01,1.025959092063213939e+04,2.740728101292025549e-03,2.656964908274453419e-02
2.480074572554999968e+00,1.900421390745000050e+00,1.552537601405999945e+00,2.070156462017599551e+04,1.314989171062764996e-03,6.553545602652756374e-02
2.119621740898999906e+00,3.481409906024000023e+00,1.564102084226000056e+00,1.710315834188667577e+04,1.782613237556758892e-02,6.669119845150227321e-02
1.909482738464000073e+00,1.678757509903000100e+00,1.897030238963000048e+00,1.505468176605127155e+04,3.648990740189566716e-03,9.288624044194622453e-02
2.505176974549999880e+00,2.671492504970000015e-01,2.466365202457999839e+00,2.095571538806471290e+04,3.688205747739681326e-03,3.449323159969499425e-02
9.404471583300000326e-01,1.197768135800000078e+00,1.085549097866999935e+00,6.289678963970765835e+03,4.138149806547978399e-02,8.100906003685823809e-01
1.493513486989999972e+00,1.786804803279000042e+00,1.728461861646999997e+00,1.113216653614239476e+04,1.933088351787324221e-03,8.419912420100701678e-02
1.048844359579000018e+00,4.803837120275000316e+00,1.308404204998999898e+00,7.195915228585884506e+03,1.446229020950952826e-03,1.370574259970678589e-02
1.953007046630000021e+00,1.679283347470000021e-01,2.009034879444000055e+00,1.547565336054639738e+04,3.884786031089912384e-01,3.217092417551116768e+01
2.626120206362000165e+00,3.851943413798000204e+00,2.777896087674999848e+00,2.218613745182193088e+04,2.902144241194636043e-02,2.835926334860276121e+00
1.516095703750999890e+00,2.135975264011999997e+00,2.685527831099999929e+00,1.133990557110597911e+04,5.284949056322396123e-03,1.020182207736136382e-01
2.525056952234999930e+00,3.990692510789000114e+00,1.461742799975999985e+00,2.115729651525948066e+04,1.078124790551783369e-01,8.127129637512934934e+00
2.578424232061999888e+00,1.381462181422000057e+00,2.384266047547999978e+00,2.169974741615963285e+04,5.096522265969533061e-02,3.545328570900182541e+01
1.227053419199999995e+00,5.643165431709999957e-01,9.018644824720000175e-01,8.735035268071333121e+03,4.556590875311097161e-03,1.579429763216889243e-02
6.850915374249999523e-01,7.246754649590000374e-01,9.073200328430000017e-01,4.263497097594494335e+03,1.627527261118915172e-02,1.294282528359929907e-01
1.543138604076000009e+00,8.343260497390000419e-01,1.047550964975999976e+00,1.158954117049178785e+04,1.538634957186841082e-02,1.343121788642636094e-01
6.829128286250000235e-01,6.280746402840000187e+00,2.747154725636999917e+00,4.246962009770931218e+03,9.597764321171552843e-03,3.827788398338495268e-01
1.010762468303000094e+00,2.275422788892000003e+00,1.018553317857999962e+00,6.874763813545651828e+03,8.334884181341496376e-03,1.127603963178651192e+00
2.460664341365999874e+00,2.563898593664000192e+00,2.363444526554999925e+00,2.050534263951129833e+04,8.069060367550277835e-02,1.053469397719550571e+01
1.244180352077000062e+00,3.914028559770000193e+00,1.477971351172999936e+00,8.885867839284312140e+03,2.900859137611322067e-02,2.041002772922569708e+00
