7.941185663759999791e-01,4.286757112009000004e+00,1.126879672882000083e+00,5.108116798338806802e+03,1.437613934441916985e-01,1.432170107367452658e+02
2.098456390472000166e+00,5.013551781173999800e+00,1.681147932972000048e+00,1.689506248892728763e+04,9.033698535302879876e-03,4.384602063515832704e+00
2.221641114400000061e-01,3.107475122212000063e+00,2.423414392521999972e+00,1.134879170398803581e+03,1.109079707955902688e-01,1.575337896700124674e+01
2.110969742801000137e+00,7.747407974200000158e-01,1.969098313716000082e+00,1.701804667297106789e+04,1.451578474741339192e-02,1.484148384299689205e+00
2.772012110082000103e+00,1.655720965860999927e+00,2.117664383549000107e+00,2.368282290062582251e+04,3.362407767237780842e-02,1.825124469953883111e+00
8.651379137229999738e-01,4.419175464812999721e+00,7.861801171890000495e-01,5.675172500273839432e+03,3.757228566929873143e-02,1.124862344327510755e-01
2.895580268433000093e+00,1.189524015236999910e+00,1.543319737557000026e+00,2.496049720099827027e+04,1.681795252951583386e-01,6.511288499245531511e+02
8.031002926100000439e-01,4.066084801687999573e+00,2.321595621055999814e+00,5.179129318857000726e+03,2.092042736858959820e-02,7.402887411816331253e-01
2.989810409908999933e+00,1.851108794379999978e+00,2.236894382553999971e+00,2.594065525134713243e+04,6.715501214968250254e-02,3.353940595798992774e+01
2.666522326276000054e+00,5.374272198424000280e+00,1.808449281022000088e+00,2.259929022262357830e+04,5.911522722832627252e-01,3.351724855774048883e+00
2.534441774384000201e+00,5.184431273590999645e+00,1.172370035888000039e+00,2.125255058015908799e+04,1.902618904036414704e-01,5.360949616229723915e+02
1.957748314682000057e+00,5.783698515643999727e+00,6.087882816620000526e-01,1.552161953807080863e+04,3.909358479412928800e-01,1.428317045334744080e+02
2.042789171668999870e+00,1.068743315570999997e+00,2.310683973223000010e+00,1.634958953817738802e+04,2.038759593317953644e-01,1.486503975237501152e+02
