1.525542871564000036e+00,5.346381304429000281e+00,1.152161895577000106e+00,1.142700745979787098e+04,9.482543736140880419e-03,2.860092240130508667e+00
1.386317781098999946e+00,2.857594600870000168e+00,2.311347999802999986e+00,1.015537429035298373e+04,1.560522789823047540e-01,2.231706453636130334e+02
2.434906494036999991e+00,3.967242268207999967e+00,9.283592976600000268e-01,2.024535759394781053e+04,3.240341049229059078e-02,2.623815798560610091e+00
1.485523967465999906e+00,1.902220984656999958e+00,2.222987496701999799e+00,1.105882838566813734e+04,1.773546444207712257e-03,2.488951158120953147e-02
5.453788654150000248e-01,5.295147490309999760e+00,1.103861327698000050e+00,3.233228612344674730e+03,4.088890767731626508e-04,2.148642444493429563e-03
2.548568910985999914e+00,4.066295207762999908e+00,3.194780979860000203e-01,2.139604964538852073e+04,1.069106083967150123e-02,3.236298580406611336e-01
2.399236792856000111e+00,4.351159140640000200e-01,9.667556859229999855e-01,1.988610400437302451e+04,1.214190470861674503e-01,4.660729444968025881e+00
4.791996534860000212e-01,1.774540173961999923e+00,1.366227593774999916e+00,2.768395786585219867e+03,1.854434155793070402e-02,2.501419989872983862e-01
1.309067055170000105e+00,3.771727918723999817e+00,7.588901837249999449e-01,9.461575265412353474e+03,4.815649233075364188e-02,2.518702490967806296e-01
1.579330790440000021e-01,3.879400386156000025e+00,2.249356142338999831e+00,7.768598604280050495e+02,1.556723227638149958e-02,2.503618468020842869e-01
5.694313444999999918e-01,7.198659530999999660e-03,1.017276316433999961e+00,3.406038331104705321e+03,3.655121727937970209e-03,9.373639848417614218e-02
2.859798189334000096e+00,4.325732313541999829e+00,8.103358223659999915e-01,2.458960614098700535e+04,1.073908147148234793e-01,2.090848463673087299e+00
2.125768556214000071e+00,5.730413628384000368e+00,2.473540912658000135e+00,1.716366438776734867e+04,5.272937312358901840e-01,7.793710194599220813e+02
2.026672583184999876e+00,5.696259946982999978e+00,9.878755960270000358e-01,1.619217390888166301e+04,9.955724166255366936e-02,1.202616009156206758e+02
2.852316587346999999e+00,1.797588540071000107e+00,2.596897238443999889e+00,2.451214995012947111e+04,8.727943762904687500e-03,9.886120428566390617e-01
1.094558218099999980e+00,3.538733578997999896e+00,1.413621582273999921e+00,7.585190534662191567e+03,1.944465180265805143e-02,1.281627154905800592e-01
6.377047002260000097e-01,5.593323649179000157e+00,2.938178830315000045e+00,3.907086407588355542e+03,3.876169835101363551e-03,5.081954916080809459e-02
2.021232811411000085e+00,2.425721864737000022e+00,2.624309337322999980e+00,1.613909430782834534e+04,3.859206454040748583e-03,4.991659312962752615e-02
5.197290136490000378e-01,5.073808842324000423e+00,2.582189788556000121e+00,3.051176420526666334e+03,5.923062334823015439e-03,2.138124341046465093e-01
2.068946908417999886e+00,6.154939547807000366e+00,2.218799011074000127e+00,1.660556852106076985e+04,4.148986326378045070e-02,7.656038661874582374e+00
2.778077920903999853e+00,2.751399705223000147e+00,1.791650038481999996e+00,2.374533324916380298e+04,1.557439648119218582e-02,5.180122150039545570e-01
