2.298849202968999972e+00,5.820109071253999566e+00,2.433979007950000106e+00,1.888001276556591984e+04,3.485677326368766815e-01,1.834666158932181768e+00
2.135893192865999879e+00,2.277922321479000090e+00,2.604429537306999887e+00,1.726339528257596612e+04,4.240668613128680160e-03,2.021202794479184939e-01
8.485044978200000365e-01,2.331804660057000156e+00,1.693459240938999910e+00,5.541241844684494026e+03,4.786370786727570797e-02,1.640308960459351439e+01
2.477030135219000062e+00,4.163676648323000329e+00,1.497972874820999944e+00,2.067077051093561022e+04,4.604188145238329727e-02,4.070606136216990301e+00
1.647023160312000023e+00,5.102290407573000230e+00,1.432642339063999959e+00,1.255689768716748222e+04,7.177564800362996357e-03,4.073905394771508148e-01
1.404858710337000050e+00,6.273420493934000142e+00,2.380573256124999926e+00,1.032318713602015305e+04,2.317291364684619381e-01,3.100397797208314543e+00
2.318926747778999875e+00,1.310954306720000018e+00,4.835160779129999975e-01,1.908063096518902603e+04,9.084021545077849979e-02,6.580934048657912649e-01
2.451372494825000192e+00,1.152154612879999984e+00,1.215007972373000067e+00,2.041150233488886443e+04,1.367047678591680818e-02,1.551572417516094704e-01
5.006878096839999515e-01,5.309374317418000366e+00,5.067557139980000125e-01,2.917564138725441808e+03,1.207712814628407591e-03,1.009813304654636618e-02
2.675502621959000127e+00,3.551657105233000156e+00,1.591669230973000060e+00,2.269126310440124507e+04,1.635178089699120818e-01,9.070472973265103178e+01
2.030381030976000201e+00,6.870993289619999889e-01,1.096760141625999996e+00,1.622837496147092133e+04,8.384246460645544685e-02,4.478802197841700861e-01
7.835600203250000506e-01,4.435869321795999909e+00,2.066010459090000140e+00,5.024905616655086305e+03,1.707589677361292949e-03,2.075081325041472705e-02
1.946943362492000063e+00,3.218861948066999989e+00,1.046164276218999989e+00,1.541689718517351321e+04,7.596212055599863011e-03,7.766665541726109900e-01
6.233781217920000284e-01,1.600638653212000051e+00,4.396518737119999853e-01,3.800696002470014719e+03,6.258919967068355024e-04,2.698325964670842889e-03
2.280758967645999835e+00,1.344923011252999956e+00,7.835220846179999921e-01,1.869951480307706515e+04,3.031962939238398991e-01,1.689390663564996897e+00
1.227305921539999956e+00,1.670639627374000069e+00,1.684570540073000000e+00,8.737255489471195688e+03,2.703510287760766198e-02,1.666313295743641376e+01
8.036277206580000332e-01,6.253814756757999582e+00,1.900393847291000027e+00,5.183305810536919125e+03,6.391285431271443059e-03,2.131443758802468724e-01
1.655311473709999981e-01,6.183368229985999776e+00,1.042911433489999984e-01,8.180242100763523467e+02,3.255709408456658981e-03,5.774497460002244592e-02
2.156545782383000098e+00,3.803777474139999892e-01,6.306460528830000190e-01,1.746709509276410608e+04,2.265750331205392334e-02,4.299207816637755641e-01
1.649322503327000033e+00,1.083605135715999923e+00,2.768327740704000117e+00,1.257845426629957365e+04,5.458553397808689756e-01,2.283008608065372158e+01
1.448426426743999906e+00,2.791485847290000044e-01,2.642959936162999846e+00,1.071941027947207476e+04,1.919119178508499612e-01,5.387191783770318709e-01
2.443893562274999987e+00,3.154719904148000076e+00,1.271268057969000109e+00,2.033601497866908176e+04,5.789997250944064339e-02,2.180144443950112176e+01
2.206584106949000201e+00,3.728741740279000183e+00,2.568497654443000044e+00,1.796208379263946335e+04,4.138653709759344823e-02,3.685947334509979800e+00
2.708991832934000143e+00,1.970758363734000040e+00,2.234846364140000041e+00,2.303469104301668995e+04,3.730368008613480640e-02,1.202217948582627205e+00
6.784401987910000376e-01,2.817722271886000218e+00,1.526645635908000065e+00,4.213061523894668426e+03,6.789840625563942078e-02,4.322076745771402884e+00
6.452658599480000090e-01,2.212925925627999835e+00,9.583200596230000423e-01,3.963495676941092825e+03,6.467172129401262473e-03,2.152817740777024091e-01
1.787264426663000005e+00,5.320898046168999862e+00,2.545831856397000159e+00,1.388251795189123732e+04,1.941630023902509439e-01,3.973099735219022932e+00
1.959550111360000013e+00,7.986038756309999931e-01,1.747383209791000036e+00,1.553909330958582723e+04,5.926222093708379685e-02,8.612667535876206149e-01
1.931914126009999899e+00,5.911304848989000327e+00,2.351465581043000075e+00,1.527141560122431838e+04,6.595366826504851614e-03,1.182856544079199795e-01
2.759373208057000149e+00,5.541546067908000417e+00,9.615984661469999528e-01,2.355264532047800094e+04,2.343079038880242423e-02,2.473460255933257912e+00
2.067810703449000087e+00,2.328627008284999800e+00,1.014362131644999998e+00,1.659443719654195229e+04,2.102652400390610417e-03,2.222592557713122183e-02
2.788751987253999864e+00,3.075019430124999786e+00,7.948137428829999962e-01,2.385538660482149862e+04,8.836823019329173579e-02,1.707000620219902176e+00
2.952817702551000068e+00,5.390739853089000277e+00,1.024774825483000029e+00,2.555528057994362462e+04,1.771237212528916638e-01,1.066472095918006069e+01
