1.353088507009999886e-01,2.553981495411000058e+00,8.991988236929999712e-01,6.562402374607237334e+02,5.555429297169794250e-02,5.351334048924549780e-02
9.382750576889999916e-01,1.952238268996999926e+00,1.884653700180999980e+00,6.271774779362365734e+03,8.216633066202590598e-04,6.963737325738547472e-03
1.594098771896000022e+00,5.311787286911999750e+00,6.748917152579999579e-01,1.206244450885898004e+04,5.958931975040089313e-01,6.853148194119855816e+02
1.843959532344999985e+00,4.543466092560000114e-01,2.622697883882000092e+00,1.442439719081661133e+04,7.259263891106294830e-03,1.617214767449485224e-01
1.220345973229999936e+00,3.094794925508999928e+00,2.620289606316999809e+00,8.676096202671671563e+03,1.355439010451436541e-02,3.996335025288163534e-01
1.347935889623999905e+00,5.650707362783999876e+00,1.545570588439000081e+00,9.809556153367624574e+03,4.360591345724761786e-03,3.882150352459248221e-01
7.961765860210000545e-01,1.934876397443999974e+00,2.015766411555000026e+00,5.124369753810085967e+03,1.590357686976545237e-03,1.391438412737751873e-01
2.132765587651999972e+00,1.525645685953999964e+00,2.222650455664000102e+00,1.723257820063082545e+04,6.444994419500738730e-03,1.535321522730070110e-01
1.645660752511999947e+00,2.348222200251000036e+00,1.331016564695000071e+00,1.254412786792342013e+04,1.089570676026578450e-01,3.241023280427261710e+01
2.557203946846999809e+00,4.471190835860999968e+00,1.196441417786000105e+00,2.148382725602225037e+04,1.950288062618037166e-02,3.180262010608332357e-01
2.149911809999999895e-02,2.572810681258999921e+00,7.152650210580000500e-01,9.641291010643055870e+01,6.280902741776313216e-04,7.973690053378967120e-04
1.906710527898000107e+00,1.943960830738000078e+00,1.914644164840000107e+00,1.502792999242585574e+04,1.548365866082374769e-03,1.160825020322629186e-01
2.656509052000000093e-02,1.158557002688999971e+00,2.153307968696000163e+00,1.195810653801003838e+02,1.359660712297189669e-02,5.656162016844670792e-03
2.771196392349999926e-01,4.534225808819999592e+00,1.742842135994000063e+00,1.458464149547499801e+03,4.917534329060950678e-03,2.887988602198862109e-01
2.676609221251999848e+00,4.245142157549999795e-01,2.712866829576999983e+00,2.270259998771878963e+04,1.358165523684788135e-02,5.794008443072347081e-01
1.657445618708000001e+00,4.783266039135999570e+00,5.125269425880000229e-01,1.265465830193473812e+04,1.698060800336040344e-02,1.297862266432101341e+00
1.879837231643999962e+00,5.820478189375999811e+00,2.615645717271999793e+00,1.476899015316013720e+04,8.063297211469631076e-01,5.259151383398981494e+01
2.767572712303000060e+00,4.496081777971999927e+00,2.583997407721000172e+00,2.363708727344870931e+04,8.931327022168945862e-02,1.136933669977081562e+00
2.711141172296000157e+00,1.566945857806000042e+00,6.798915589309999508e-01,2.305675599736981894e+04,8.027908094789750967e-03,1.168225945618651895e+00
2.834536045654000080e+00,6.253184101886000157e+00,2.883706207091000007e+00,2.432819975963547404e+04,4.756498314429397946e-03,2.564017911519514761e-02
1.844077940470000065e+00,1.532412878501000053e+00,8.202760338710000099e-01,1.442553234378891466e+04,4.007539638305954721e-01,1.147989315177142231e+02
1.445881820939999951e+00,5.960873833277999800e+00,1.606811199150000036e+00,1.069619670522656270e+04,1.312653652728397111e-02,5.472594913364402514e-01
1.778280958384000021e+00,1.209136134133999896e+00,8.909602290210000275e-01,1.379696179942635354e+04,2.372695115656827617e-03,3.912642861476078870e-02
1.343133747490000030e+00,1.965129976133999978e+00,6.609625535280000408e-01,9.766441292308558332e+03,2.149512143701506894e-01,1.402096762360221476e+02
2.103164526406000157e+00,2.175645612218000124e+00,2.608622892660000137e+00,1.694131949989666828e+04,1.529978844355772416e-01,5.233099751099047126e+00
2.340024177490000135e+00,2.980251755893000176e+00,4.340742220400000129e-01,1.929176694084376504e+04,1.764231860010393241e-02,1.586608395944768546e-01
5.024394487369999718e-01,6.175268723123999770e+00,1.423252124393000084e+00,2.929799814413926470e+03,2.003995238684274094e-01,4.152135939734952075e+01
2.683028352531999783e+00,3.594039918516000132e+00,1.293073313318999995e+00,2.276837778530133801e+04,9.040024613512931016e-04,2.524659746552008425e-03
