2.036238930035000116e+00,3.126213592141999786e+00,6.790121148369999693e-01,1.628558346860658457e+04,2.070127291231970146e-01,2.626246637885814028e+00
2.293928944756999933e+00,4.427021121610000165e+00,1.284845345691000063e+00,1.883089540182681230e+04,6.661905530093121391e-03,2.265815176121598051e-01
2.449722256044000179e+00,4.268316766525000361e+00,5.813308286330000074e-01,2.039484254857229462e+04,9.053516542213314866e-02,5.076470955983972466e+00
7.699383796680000502e-01,3.330113736139999947e+00,1.222779206992999912e+00,4.917988060541615596e+03,4.363102342129316913e-01,3.933156073447904078e+00
1.881947080888999979e+00,4.411893154362999780e+00,2.815617040225999901e+00,1.478929424800679772e+04,2.458311364383877415e-02,8.759073538214714461e-01
1.297447556909999966e-01,2.247346942522999935e+00,1.758182612794999988e+00,6.270299212360973797e+02,6.156908572596275775e-01,2.411372700500456767e-01
2.805378695897000174e+00,5.732902476825000093e+00,1.711692937844000006e+00,2.402694845880972935e+04,1.064161941905771014e-02,1.703125991195140854e+00
2.263647003247999834e+00,3.216022322576999937e+00,1.053523950300000012e+00,1.852900924730460611e+04,7.791743042696913125e-03,1.909487167317134304e-01
3.920692972690000278e-01,4.193896221961000315e+00,9.350024749919999545e-01,2.182057765186149027e+03,8.457143051839714765e-02,1.165079877602513747e+01
2.695907288536000035e+00,4.004637452047999702e+00,1.444559551760999927e+00,2.290042765815239909e+04,6.314310599430632796e-03,8.476465993426626766e-02
5.726148644820000522e-01,2.138753193837000133e+00,1.652656406481000095e+00,3.429059608189429582e+03,2.575840508387546284e-03,1.689106463584559292e-01
2.571662295503999829e+00,5.017351143002000136e+00,2.533011394686000006e+00,2.163091124942201714e+04,1.458025319178031694e-02,6.749958029731470965e-01
1.920020553622000081e+00,4.108269477789000312e+00,1.481862130137999944e+00,1.515643897295987335e+04,7.797783863412393636e-03,4.315541015412234782e-01
3.239484442430000111e-01,4.038395556109999895e-01,2.230737330619000147e+00,1.745930335916733384e+03,4.818179393138388028e-02,2.166457989933999739e-01
1.196219232887999917e+00,2.497887108643999987e+00,1.551357473214000082e+00,8.464714091991729219e+03,5.254183202876063982e-03,1.373986018850575874e+01
2.168474998539999810e+00,6.070207366542000216e+00,2.358249267125999804e+00,1.758491568351974638e+04,3.186112661502223803e-02,1.130029649102122669e+00
2.111758505315000090e+00,2.025545518922000188e+00,1.140938764438000019e+00,1.702580328131290662e+04,7.357561045216268192e-02,2.536244978567641084e+01
1.427959628216999954e+00,1.717794384405999963e+00,1.424842996818000085e+00,1.053294949571576944e+04,7.084142140655219980e-03,1.459434809145754297e+00
1.775465800380999992e+00,3.119326501739999813e+00,1.523660354743999967e+00,1.377016848036425654e+04,5.425939796260307972e-03,4.503565029473560744e-02
2.448431199770000066e-01,3.767580774765999951e+00,2.377428486929999973e+00,1.266554559679160093e+03,8.576662689653182306e-03,1.922987316588439799e-02
2.334400428087000101e+00,5.175811440371999694e+00,5.676064155940000466e-01,1.923545381478877971e+04,5.394683945304709627e-02,2.242364860378827984e+00
2.503937292997000075e+00,1.157260613814999894e+00,1.350802123302000002e+00,2.094315402865035867e+04,1.101971581934841626e-01,2.391886251381504565e+02
2.686444335929000005e+00,4.504097591206999596e+00,1.410990669580000079e+00,2.280339236846796848e+04,4.383503426194985085e-03,4.433541034714929552e-01
2.747184760300999784e+00,2.476815151150999927e+00,1.689044463971000054e+00,2.342719839895764744e+04,5.408270249561630827e-01,1.231372948052685956e+01
1.011787428317000082e+00,1.435159083347999909e+00,1.861695455587000003e+00,6.883369112117704390e+03,2.600375773076521457e-02,3.127826335677097447e+00
2.906329169550999847e+00,6.190768755088999598e+00,8.422978644259999648e-01,2.507205454612053290e+04,4.291784332820164534e-03,1.209405679956426644e-01
1.358619041939999939e+00,3.097049297616000008e+00,1.826573822227999910e+00,9.905594545878673671e+03,3.739263062908906171e-02,1.172619455759078999e+00
1.392391885167000076e+00,4.112814337621999883e+00,1.039096005476999984e+00,1.021029678374714422e+04,7.018315387668855147e-03,1.642437976047310400e-01
