1.626645130598999955e+00,3.591826513340000138e-01,1.972398427619000083e+00,1.236612101506937142e+04,9.882294418134889014e-02,4.895502854313024699e+01
3.503722409589999920e-01,6.044665376059999984e-01,1.165842996250000096e+00,1.912652867043072320e+03,1.832768503941490101e-01,2.136915018302773461e+01
1.029681399493999949e+00,5.724162231036999948e+00,2.034305386505999902e+00,7.033946538658666213e+03,4.866528581829007716e-02,2.488954605256449071e+00
2.765815521039999836e-01,6.045776269960000171e+00,2.064869885113000070e+00,1.455222333886833212e+03,3.479147213021578817e-03,3.327899171117489757e-02
1.246299859197999904e+00,3.384106688474000091e+00,1.945740802111000090e+00,8.904567142457235605e+03,3.682779723952280815e-01,3.496230080787399430e+01
1.451348174705999972e+00,3.254606393410000020e+00,1.707813474931000108e+00,1.074607524534837648e+04,5.473158114308890321e-01,2.007479949434423361e+01
8.031918909720000554e-01,2.730145108273999810e+00,8.175751851339999599e-01,5.179854598316428564e+03,1.718978005207945706e-02,3.071211120241444381e-01
6.715693772459999655e-01,2.632906781301000088e+00,1.702758543269999869e-01,4.161099956832452335e+03,1.353905091994201115e-01,1.009652881824508075e+00
2.434992953506000202e+00,5.485091256849999874e-01,2.408227872323000174e+00,2.024622948540770813e+04,2.944887233592552618e-03,1.392676170735242247e-02
1.502412144041000097e+00,3.834378455299999877e-02,1.150329231551000086e+00,1.121394829561032202e+04,2.209094092322268221e-02,1.049571925472505107e+01
6.817380826979999586e-01,2.939489065241000176e+00,2.854239826746999942e+00,4.238052225286788598e+03,1.867790547463845097e-01,4.314050972672127671e+01
8.574651340610000005e-01,2.072486983611999900e+00,1.142753065339999985e+00,5.613308859447894065e+03,1.536465803281114248e-02,1.267361205431349669e+00
4.641379877130000220e-01,5.220710297846999914e+00,1.933056294900999950e+00,2.664883713073684248e+03,3.363451213957525249e-02,2.381222115608083723e-01
1.369044506840999986e+00,5.355224261093000315e+00,1.314697085414000099e+00,9.999477890860787738e+03,1.486706712983365455e-03,5.837483941757889983e-02
8.238997762859999741e-01,2.721943743155999851e+00,9.761067243059999843e-01,5.344369887927628042e+03,3.428628877520513256e-03,2.802309647476827412e-02
8.564645497959999521e-01,8.590055087779999710e-01,2.052574352351999920e+00,5.605251872848173662e+03,9.960717563137913566e-02,8.814573177360243150e+00
2.489674897207999837e+00,5.996045307790000001e-01,2.168334939665999883e+00,2.079871259498072322e+04,4.123491250321853485e-02,4.169098524427313990e+00
2.581927977439999911e+00,2.030276904667999816e+00,7.432429749660000029e-01,2.173542718549937854e+04,1.019735471283258511e-02,9.050258140634642734e-01
1.939437578456999933e+00,2.590831925875999975e+00,6.929096040140000357e-01,1.534421521116941221e+04,4.733764963528241249e-03,2.055022599377418491e-01
1.719599419674999963e+00,3.018322474711999881e+00,1.469107850032999929e+00,1.324021378178815212e+04,2.395760362266033394e-01,2.705707111134619254e+02
2.079985382955999995e+00,6.249243974430999771e+00,1.282117815239000036e+00,1.671377012587323043e+04,2.279843799811261812e-02,2.001361040112584533e+00
1.023680314109999934e+00,3.126875393385000201e+00,1.433540937507999935e+00,6.983375262031544480e+03,2.796489227350221207e-01,2.138144817148027528e+02
2.500686807495999808e+00,4.621458112799999712e-02,2.320692958547999840e+00,2.091022271424055361e+04,7.071350890559429114e-01,1.990026617194045944e+00
2.691591696445999826e+00,3.272035245960999816e+00,2.911611084441000141e+00,2.285616767989663640e+04,1.284253316845409415e-02,1.148577690735505419e+00
2.911593023621999787e+00,2.191326576445999930e+00,7.242869671030000012e-01,2.512670914773008917e+04,1.622645072402587041e-02,4.052958913106861627e-01
8.593827640829999615e-01,4.607788792744999640e+00,5.011203535139999721e-01,5.628756920191894096e+03,1.104570942063515804e-01,7.751928067083414930e+01
1.625984937346999892e+00,5.985205127886000120e+00,1.260156786340000057e+00,1.235994851187817585e+04,1.285262724611180123e-02,1.737639229760145509e+00
2.229238241017000188e+00,1.185411277812999931e+00,1.843196576049999980e+00,1.818684691059362012e+04,2.489521611087112604e-02,1.141281847334620680e+00
2.494977392213999945e+00,5.466364347496999621e+00,1.193564394240999915e+00,2.085239697906346919e+04,1.253579160234092292e-02,4.494504831165798131e-01
2.504202527299999925e+00,3.294426970449999992e+00,2.087020759065000064e+00,2.094584148829799597e+04,2.229005736344353839e-01,1.153705235022653000e+02
