1.646437905733000084e+00,3.133110071277999786e+00,1.499312316081000018e+00,1.255141184434277420e+04,4.617230623380181621e-03,6.681771811156088370e-02
2.473908974792999871e+00,1.403507735338999973e+00,9.065924610669999772e-01,2.063920701280761568e+04,6.449136868227412986e-03,4.213964175583029825e-01
2.904712572720000163e-01,4.884661497370999861e+00,1.265937001183000010e+00,1.539356090893230203e+03,5.757762635171584636e-04,5.072103708162521360e-03
2.505783185864999929e+00,5.999745415690999728e+00,2.688060109083000082e+00,2.096185834558978604e+04,9.694039197755093262e-01,1.339910653750062011e+02
2.997931517142999880e+00,4.938001601617999725e+00,1.710690078642000067e+00,2.602535745853625849e+04,4.353381540001136085e-02,8.586217815263223585e+00
2.650066179377000175e+00,6.320418337319999580e-01,2.080730688871000211e+00,2.243088426933602022e+04,4.712285377018056720e-01,2.154615388925550157e+00
2.615826166929999808e+00,4.339379702315000031e+00,2.670651502047999948e+00,2.208103704555874356e+04,3.886468562783446795e-02,9.196424893832542136e-01
1.727057626980000038e-01,2.830734598260999935e+00,8.414048344890000530e-01,8.571925642800808873e+02,2.411741339961515421e-02,1.382862682354727646e+01
7.431080791270000541e-01,2.997706904074000089e+00,1.716417580119999897e+00,4.708851978307689023e+03,2.034736915684160277e-02,6.875377409483818258e-01
2.214738981245000016e+00,3.798740999199999857e-01,1.258706038958000040e+00,1.804294527818126153e+04,8.356997455901810784e-03,1.093345358186048888e-01
1.027527513155999994e+00,4.437396567479999776e-01,2.048025721345999806e+00,7.015787347992041759e+03,2.017293724346489337e-03,4.894432073225987549e-03
2.877781873893999975e+00,1.440372546535999998e+00,1.951961746772000073e+00,2.477592067649879755e+04,1.357821232069236217e-01,4.375305033791034859e+00
2.244936722477000046e+00,5.312849921165000211e+00,2.629479841140000218e+00,1.834283816306200242e+04,9.798440509462312542e-02,1.180405099105689137e+00
6.343656051520000227e-01,5.947998131091999596e+00,1.739661678310999937e+00,3.882232230544513186e+03,1.596219253531756810e-01,1.083458350122180036e+02
2.630759931985000133e+00,1.105487171170000060e+00,2.017896390379000149e+00,2.223353051846819653e+04,3.238539738224726627e-01,8.783212307049593548e+00
9.630127382309999762e-01,2.783117975025999780e+00,3.967458277959999835e-01,6.476293951859892331e+03,3.105491800194290150e-02,4.994079238132673737e+00
7.675884565410000526e-01,8.839965521120000114e-01,1.477321538161999959e+00,4.899593213704985828e+03,4.922681545080045268e-03,1.865239193200850520e-01
2.286586382603000178e+00,1.058592553710000050e+00,9.831573165300000472e-01,1.875763133306895179e+04,2.003882422088649681e-02,2.041616156374450597e+00
2.814166440046999895e+00,3.328924851653999983e+00,1.872277830750000094e+00,2.411769024935855123e+04,3.155458394691229226e-03,6.404355152921567540e-02
3.311862353389999902e-01,3.353281002840000191e+00,1.454687528827999898e+00,1.791280942192987595e+03,1.610518478061354628e-03,3.456798724428907562e-03
1.216130904002999946e+00,2.322252596932000035e+00,1.190682441057999918e+00,8.639096191390146487e+03,3.783190434536062591e-03,1.359893189321511042e-01
2.533133337253000050e+00,5.232214612971000101e+00,1.324432480515000066e+00,2.123926665011382283e+04,1.955532260760436264e-02,8.062921397250580213e+00
2.991271924025999951e+00,4.165623501610000168e-01,1.047247620802999934e+00,2.595589603539081872e+04,5.407460104501933262e-01,2.119583349418976859e+00
5.786814498690000530e-01,5.768049889990000345e+00,3.107922880860000125e-01,3.473024355989647574e+03,1.459095241015441989e-02,1.638812560960620501e-01
7.003534010449999903e-01,5.389429975838999631e+00,3.283822748010000181e-01,4.379716437219818545e+03,2.002840139473902568e-03,8.292722874575217396e-02
1.968436002030000020e+00,7.380753929479999531e-01,1.931866928887999935e+00,1.562531266363784380e+04,2.954104816762323071e-03,4.719631477474503511e-02
2.815915684905000216e+00,5.977401252319999969e+00,2.308642068294000094e+00,2.413575827688772915e+04,2.106631796516723887e-02,5.069756068003855587e-01
