6.075797573019999787e-01,3.573823205701000205e+00,1.707422572683999995e+00,3.684133592199490067e+03,8.906346775542346370e-03,1.308130134626658003e-01
6.687855944999999691e-01,5.432726944729999730e-01,9.051586973730000318e-01,4.140087470542987830e+03,2.895306241843331740e-02,6.450454464322731063e+00
1.059788214861999922e+00,2.943893950501999868e+00,2.241542112427000077e+00,7.288739895345523109e+03,6.915146518831075595e-04,4.035102579910069230e-03
2.463882947156999847e+00,1.711494290970000109e-01,2.715935862254000188e+00,2.053786207394624944e+04,2.186312705764517916e-01,2.013078359759932212e+01
3.075711232450000221e-01,2.971864350318000003e+00,2.637818174284999984e+00,1.644211112661894504e+03,4.747022868926619593e-02,1.218803111315358789e+00
2.262589241075999791e+00,5.312615204506999866e+00,1.957837042983999964e+00,1.851847702355279762e+04,5.384954107947927809e-02,1.204608709282366696e+01
2.465677187985999996e+00,5.163986932170000266e+00,1.649185272711999994e+00,2.055599345883327260e+04,7.662711196899663242e-03,8.751652243449005442e-02
2.419690395992000198e+00,4.048809332248000104e+00,1.140219601956000028e+00,2.009199499100879984e+04,1.168571889612839004e-01,2.235902347664541523e+01
8.588056239369999956e-01,1.545057971879000069e+00,7.295258293790000126e-01,5.624106655358574244e+03,2.617046978446373462e-01,1.216938642062003595e+02
2.515966107904000104e+00,1.304074023272000060e+00,2.011285353063000159e+00,2.106508293856483215e+04,4.526901934218804935e-02,8.345195777725045616e+00
2.575965421548000123e+00,1.517361782290000072e+00,1.325245439466000041e+00,2.167471337058301651e+04,1.499056536458554792e-03,9.077884964935771517e-03
2.121993448671000149e+00,3.291796931997000186e+00,2.037516752594000113e+00,1.712650042288190889e+04,7.273805346860208465e-03,2.705383740049529043e-02
2.636052094760000131e+00,4.095013234679999670e+00,1.988271824961000078e+00,2.228760481061195605e+04,9.768168056688137507e-03,1.257280968946527522e-01
