9.620087697019999995e-01,3.995610708434000014e+00,2.202775484020000007e+00,6.467967724767639083e+03,4.395462602659288946e-04,1.670417745893910868e-03
2.926698910034000178e+00,3.286064572846000065e+00,1.247894585315000082e+00,2.528363989654983379e+04,3.896117070830578538e-02,1.533035794306228716e+01
3.456232849040000166e-01,3.095583496731999951e+00,3.843782896130000237e-01,1.882455728781228800e+03,9.171547097970852514e-04,2.262197648861681044e-03
2.753330469575999917e+00,3.017423090520999995e+00,4.785879623420000173e-01,2.349044055041504180e+04,1.961698080459028382e-01,3.941532115016145355e+01
3.376325521149999842e-01,3.211576359895000010e+00,2.876892113953999797e+00,1.831874558440916417e+03,1.073998327598446427e-02,1.400431792513706641e+00
1.735407963659999941e+00,2.342693593238000194e+00,1.364847505859999865e-01,1.338983297737532303e+04,1.515750716495375267e-02,2.039907883988813175e+00
1.319760462144000002e+00,2.442660559611999904e+00,2.201068583452999938e+00,9.557082477139378170e+03,5.351163668674653769e-03,6.891904137368594363e-02
1.423276131264000099e+00,1.024033315017000012e+00,1.633130099798000057e+00,1.049036202156010040e+04,2.138357491678710143e-01,5.772682111534314942e+01
8.241930982480000223e-01,3.320345590980000150e+00,1.167014818431000078e+00,5.346708000684060607e+03,9.803296463829621818e-03,2.566031742955664496e-01
2.602685784090000176e+00,5.262025783616000041e+00,2.460357045238000140e+00,2.194697529667524213e+04,4.848980164951753602e-02,7.223577305964267170e-01
2.511969859521999915e+00,3.510374172260000147e-01,4.693850315779999893e-01,2.102456444464917877e+04,2.212459239938811828e-03,2.872287249406785953e-02
2.251975605629000121e+00,1.443006695223000069e+00,8.957613926390000092e-01,1.841284439995428329e+04,2.187983464728432068e-03,3.463248168568685420e-02
1.642987489580000071e+00,3.292784428147999876e+00,2.321565903158000044e+00,1.251907770224148226e+04,4.120447651762037741e-03,9.271314779871432307e-03
1.570569256619999965e-01,5.608157675769000150e+00,2.514182853195999989e+00,7.721341085179650463e+02,4.103522266090412146e-04,4.316320779917921731e-05
5.114993503250000462e-01,3.415694417465000132e+00,2.212812258846999836e+00,2.993266103848181956e+03,2.577384767375095476e-01,4.266484687927630830e+02
2.039606026785000026e+00,4.139451947661999753e+00,1.939518124908000019e+00,1.631848049843498666e+04,3.413238194439959794e-01,8.475728105359034998e+02
2.142215379015000032e+00,2.889332105685999963e+00,1.923997363400999916e+00,1.732571434018612854e+04,1.880804032261559336e-03,6.280817996881169797e-03
1.282439815800000105e+00,5.786394020852999809e+00,7.093605711360000399e-01,9.224522013674839400e+03,9.221010116234960863e-02,7.971649294757554571e+01
1.466338243884000025e+00,4.598630530930999605e+00,1.723980478060000099e+00,1.088306163148738960e+04,4.561023335915113421e-03,2.495903244583822303e-02
1.030070969002000014e+00,2.208599406907000073e+00,1.189648880825000088e+00,7.037231953989373324e+03,1.463511909270606877e-02,1.331687230409164258e+00
2.475664122658999933e+00,2.634110471131999809e+00,9.375092666509999839e-01,2.065695554498832280e+04,1.242838142324159678e-02,1.210887867584422128e+00
2.119207823022000170e+00,1.928836205479000032e+00,1.703228637854999894e+00,1.709908509537900682e+04,4.385397070821108606e-03,2.743260075492584202e-02
5.774471556400000427e-01,5.854816333319000421e+00,1.149799918343000105e+00,3.464069331076763319e+03,1.216424354524034586e-02,1.929576261443940403e-03
1.981366216385999968e+00,5.112715201950000399e+00,2.262822407011999992e+00,1.575090464668900859e+04,2.219606853572907992e-04,7.148888078893598196e-03
2.798881172809000173e+00,2.499630814699999870e-01,1.920247476085999994e+00,2.395988463041242358e+04,5.302241671231594684e-03,1.888580096498360394e-01
8.670419045730000107e-01,9.809346021360000334e-01,2.175241719106999927e+00,5.690545789946181685e+03,1.816334830784641780e-02,1.882820732054776292e+00
9.315475867700000190e-02,6.216186649634999561e+00,7.012934886180000049e-01,4.395235473144708180e+02,2.170108972567251200e-04,2.260593645916997383e-04
2.420038122843000128e+00,1.319967456637000103e+00,8.781225770620000315e-01,2.009549788201300544e+04,5.064721676753399793e-01,3.011136472872503944e+01
1.906605044791999992e+00,2.139367315350999998e+00,1.590721461793999980e+00,1.502691222921641747e+04,8.980030558077965741e-03,6.131169762111089716e-02
1.257323705199999919e+00,5.629034474820000078e+00,1.980537254971000083e+00,9.001942083293206451e+03,2.852066926435447083e-02,1.784891623705064712e+00
2.842911448425999854e+00,1.388219301199000055e+00,2.654694832831999918e+00,2.441482542445293075e+04,3.483657750173647094e-01,1.527915801880992888e+02
2.144411243397999822e+00,2.881951286048999972e+00,2.263805756140000014e+00,1.734736721406801007e+04,5.869028638434487443e-04,1.802034938048632145e-03
2.117851087736000171e+00,5.475799413905000357e+00,2.600006754434999845e+00,1.708573486932576634e+04,6.393638594426792610e-02,7.884319024989321179e+01
2.828420740904999953e+00,3.655944853968999819e+00,1.317610086228000021e+00,2.426497574536304091e+04,5.527075160469195440e-03,2.099063861395195907e-01
6.149483479159999488e-01,3.887639431313000049e+00,2.334088414586000138e+00,3.738400226264486719e+03,1.152362006416423335e-01,2.050253606549282281e+01
2.490147608007000191e+00,2.174779894147000014e+00,1.350148425488000070e+00,2.080349770698710927e+04,6.413132987647859329e-01,3.437207161850561761e+02
2.281135559222000175e+00,2.211204199598999942e+00,1.644473803024999903e+00,1.870326974448212422e+04,2.087799487730524622e-02,6.398590088636084694e-01
8.056854212920000480e-01,4.338714418432999764e+00,2.456451211735000140e+00,5.199606750214089516e+03,4.715921640317575852e-04,8.627564433263518705e-04
1.949578163103999895e+00,3.488448988599999745e-01,1.476406439000000015e+00,1.544242375945738968e+04,5.722417768290635580e-03,1.452616773490019234e-02
1.433697213802999970e+00,4.734240949689000111e+00,1.107703850038000093e+00,1.058516321820427220e+04,3.505050967686172692e-02,4.412840368012024284e-01
3.239067335490000143e-01,9.288667113990000113e-01,7.200523859099999813e-01,1.745669684858869459e+03,4.206813152017992996e-01,8.795425244633147486e+02
2.734608343326999869e+00,5.441898376622999578e+00,2.200734099128000221e+00,2.329785269099285870e+04,2.615606220228672979e-02,7.214316343350548610e-01
1.705543392992999951e+00,5.947212758215999706e+00,2.656127615347999793e+00,1.310741202494066056e+04,1.468726211525923355e-03,5.153103111853028599e-03
2.083245345657999792e+00,1.537134727708000081e+00,1.999147494353000098e+00,1.674574520507966736e+04,3.437038063934380692e-03,8.191627209953524988e-03
2.286792218133999910e+00,1.074362133339999970e-01,9.922586144939999908e-01,1.875968459736808654e+04,1.686587579579183482e-01,4.890376228574855766e+00
