2.997552197280000108e-01,4.427955788115999880e+00,1.139789189737999919e+00,1.596111511836727914e+03,9.530558230223626359e-02,7.669445465190935352e+01
2.144306607293000155e+00,9.751385675639999695e-01,2.528537895044999928e+00,1.734633533232319314e+04,5.604569681580551764e-03,4.526572874835330454e-03
4.573962096859999771e-01,6.167832884193000353e+00,1.337900484281999924e+00,2.618834435484544429e+03,1.813643817546459203e-02,2.271761331899751379e+00
1.945530955986999988e+00,2.444009591684999982e+00,2.285545320156999960e+00,1.540321614389266142e+04,6.161780469431052398e-02,2.442837590195943420e+01
4.602739517150000181e-01,6.413670757110000453e-01,1.103281673214999925e+00,2.638469015917929937e+03,1.204917424764509054e-01,1.254591589942219265e+01
2.794333019636999982e+00,3.128616168354000138e+00,1.855660245284000087e+00,2.391295596148769619e+04,1.000751687514830684e-03,1.411208572519598954e-03
2.161142028022000172e+00,2.471411597292000106e+00,2.748535931259000087e+00,1.751247668734766557e+04,2.276415254494724427e-01,5.657306548186661388e+01
5.269831206749999719e-01,6.162372989854000060e+00,1.328042706525000005e+00,3.102425120660281664e+03,3.458716900443249936e-04,5.702379277668972925e-04
2.370544477571999931e+00,1.854673519929000092e+00,1.552477394697000079e+00,1.959778896889037787e+04,5.368967424801366489e-02,1.164456268116270650e+02
8.786847453770000316e-01,2.636607178909999849e+00,3.673045384220000042e-01,5.784740917547056597e+03,1.176826424649325409e-01,2.691039916437634183e+00
1.797212995848000094e+00,1.994218549853999933e+00,8.511818578940000268e-01,1.397736416229438146e+04,8.654459725400244843e-04,2.822748297203835251e-03
2.977316674661000029e+00,2.463968864214999943e+00,5.021678641550000322e-01,2.581041700891029905e+04,1.188534604974893077e-01,1.096919770512463117e+02
6.100194805799999953e-01,1.274049538834999939e+00,2.490963319656000152e+00,3.702081723936731578e+03,2.712259382078153688e-02,1.340353036755923544e-01
2.833464841567999937e+00,2.493711832409999940e-01,2.464987439786999968e+00,2.431712337922887673e+04,3.549238062518663122e-03,4.852628441254438346e-02
2.907527336762000036e+00,5.301515921795999731e+00,6.552964907270000250e-01,2.508449374698576139e+04,4.223113498497862994e-01,3.299214254216649067e+01
2.176374623541000197e+00,9.827699325040000211e-01,7.125529524420000094e-01,1.766300174156578578e+04,4.783030920002032810e-02,8.309460554937071919e+00
2.910090869709000216e+00,4.380759549726000124e+00,1.341506484354000106e+00,2.511111069328791200e+04,1.111753574572923141e-03,8.757119172838986887e-03
2.099958603646999933e+00,3.510411766300999936e+00,1.053294911212000029e+00,1.690981954080095238e+04,1.663418031867358593e-02,2.587106290907207562e+00
1.655171703591999943e+00,5.278858407790999685e+00,6.480416927840000341e-01,1.263331871887942907e+04,6.507380312601081414e-03,3.492643383960363640e-02
2.570669607310999805e+00,2.613270850980000115e-01,3.386083219320000226e-01,2.162080826937533857e+04,1.376978646860443911e-02,7.410008718237345304e-01
2.289291780935000187e+00,7.114505174470000526e-01,1.897008800715000110e+00,1.878462099282156487e+04,5.662555739352966543e-03,5.438403851310071035e-02
1.342455441487000023e+00,2.660101849899000115e+00,2.674696557053999779e+00,9.760354049055087671e+03,1.393848633677415849e-01,2.594986267649813954e+02
1.247385536586000043e+00,7.107306523299999901e-02,1.995565645689999945e+00,8.914148332506018050e+03,3.532296319445964172e-02,1.696718931667992258e+00
3.968325601839999828e-01,5.961719367198999642e+00,1.313948467389000063e+00,2.213310357616822785e+03,3.671636853433202295e-04,1.339348082876584526e-04
3.976305204939999949e-01,1.401074693525000026e+00,4.027872199870000114e-01,2.218555291797293194e+03,4.334150461163039508e-02,1.488237546644868203e+01
2.643520430920999864e+00,5.648097679822000394e+00,1.069139911286000055e+00,2.236394523656351885e+04,2.067966124917453297e-01,9.557737156534437872e+01
2.573431833417000103e+00,4.348543695613000359e+00,1.764473328537000008e+00,2.164892214687924570e+04,1.765439184003747726e-03,1.419214528014006715e-02
7.970904913770000544e-01,4.408950222470000013e-01,2.479390450817000158e+00,5.131590730027246536e+03,1.631632501875325894e-02,8.423912437941245834e-02
1.370474888543000036e+00,3.383929707250000085e+00,2.137818750314000038e+00,1.001237111978839312e+04,2.588151315019864007e-02,8.652441936690772328e-01
1.461348536839000012e+00,2.320456078107000053e+00,1.884715989929000024e+00,1.083742972196143455e+04,5.963285344423256695e-02,1.721634407180610005e+00
2.329490342300000183e+00,1.231714180373999934e+00,2.469759728017999922e+00,1.918630622297791342e+04,1.375273897270240173e-02,6.370670585898317029e-01
2.289042246020999816e+00,3.429347006286000088e+00,1.532367765470999954e+00,1.878213134199922206e+04,9.777767655352547979e-03,2.380848705648007935e-01
2.648241415298000057e+00,5.730867831832999748e+00,2.243820725962000218e+00,2.241222088054027699e+04,2.220126503344551153e-02,7.418536384459843980e-01
1.028313671187000011e+00,3.507698951335000093e+00,1.478694844739999903e+00,7.022414283246524974e+03,1.784687471970018355e-02,5.441784424288138133e+00
2.124108350364000142e+00,2.264866705934999835e+00,1.744888195921999952e+00,1.714731904834897432e+04,1.805757570706443410e-02,3.954579988659071565e-01
9.224271951529999791e-01,1.843173432386999933e+00,2.275951263559000015e+00,6.141461498055006814e+03,5.900169720444058607e-04,1.095688554623033958e-03
2.888239692423999916e+00,4.319396960429999766e-01,1.429248927831999971e+00,2.488435066869689035e+04,3.192713537765722032e-02,9.929428814220553789e+00
1.851077452905999898e+00,4.890660166281000087e+00,1.621287609286000020e+00,1.449266021370824092e+04,2.137948457368421817e-01,4.143590230062692825e+01
1.658327584957000056e+00,3.695386659589999789e-01,2.880119501804999871e+00,1.266293672812334444e+04,4.800917358439878435e-01,5.490851687748730683e+02
2.380259998392999954e+00,1.064901205555000008e+00,1.360210367212000060e+00,1.969534848227342809e+04,3.043824443348971953e-02,5.809198569509067545e-01
7.099275626690000340e-01,2.736174787043999856e+00,6.364216594029999952e-01,4.452969385287115983e+03,2.331379869646618404e-04,5.165411998080903476e-04
1.119374511066000055e+00,9.165292052119999866e-01,2.752903738830999814e+00,7.798169975889310990e+03,2.790357051022900135e-03,6.046763665356603978e-02
1.098897029830000038e+00,1.369365027933999945e+00,1.315319128575999974e+00,7.622344568625595457e+03,5.839586951894013201e-05,2.682533280258121689e-05
2.413643517808000016e+00,5.295480083170000185e+00,8.468096909110000015e-01,2.003109443630080204e+04,2.692433872014888055e-02,3.301687178895007513e+00
2.232105585364999811e+00,5.035853502570000195e-01,2.063313782819999886e+00,1.821532436496185983e+04,7.228067468833079823e-02,7.057371251483281149e+00
6.239657482499999519e-01,5.219838846953000377e+00,7.593055592420000499e-01,3.805047001027804527e+03,5.657990450517965710e-04,8.506542180417357019e-03
1.281927774009999910e+00,1.561392389090000110e+00,2.107221450902999837e+00,9.219974307921829677e+03,1.043497623566427661e-03,7.065012883843195535e-03
1.303858062545999896e+00,6.106589016836999839e+00,1.722603109645000075e+00,9.415115016726413160e+03,5.270765205564258149e-02,1.368720093598167153e+01
1.899643400515999891e+00,3.829652647429000023e+00,1.201876564381000101e+00,1.495976598349563574e+04,8.410017871317501540e-04,3.287272910872121156e-03
1.769130237431999930e+00,3.509166148948000163e+00,3.023399262022000045e+00,1.370990030644303079e+04,2.891467331558259142e-03,1.279091288050780706e-01
5.110548688780000015e-01,4.826492489119000417e+00,4.198088414419999803e-01,2.990145406259897300e+03,7.764245943728365074e-02,1.175043966363242554e+01
2.100469096169999883e+00,3.511169313313999840e+00,2.848771194580999921e+00,1.691483482385886600e+04,5.561531784000831036e-03,6.804069357368447424e-02
2.576821554573999862e+00,3.530667489288000116e+00,1.655621716423999912e+00,2.168342952178802443e+04,5.137589326531331185e-03,1.137183900570255674e-01
1.369324362673000062e+00,1.546769907800000024e-02,2.470063248688000090e+00,1.000200023199541829e+04,3.528000757661972978e-03,1.954352996006877147e-02
2.752412247495000130e+00,5.249353612125999824e+00,8.062467144839999822e-01,2.348099017574076424e+04,2.133291459826083258e-01,2.618188839011720006e+02
9.472922961899999938e-01,3.670216868668000121e+00,1.612938666965000101e+00,6.346170042006473523e+03,2.208650521318333837e-02,2.003573764780356647e+00
2.923222162153999992e+00,3.826840696189000024e+00,2.775991308211999797e+00,2.524750964005044443e+04,8.482998597643705285e-02,2.355992023464242191e+00
2.454364755867000092e+00,9.786672670599999568e-01,1.430819693444000062e+00,2.044171521291027238e+04,1.689490496287954571e-02,3.002479058941187162e+00
