1.657442499984000062e+00,3.957385442732999969e+00,1.519270126182999947e+00,1.265462903015176198e+04,1.496469505397685085e-01,3.571502577321429328e+01
2.001775124116000004e+00,4.383728713260000021e+00,2.535543945714000102e+00,1.594945021033377088e+04,6.973250799922349127e-03,1.084011066603362688e-01
8.060577179989999452e-01,1.337882319058999903e+00,1.521203208848000088e+00,5.202557215479220758e+03,6.949241464976810279e-02,1.938377456232570140e+01
2.794021351030000044e+00,5.808010848869999965e-01,2.785430455473000055e+00,2.390974055664854677e+04,2.864241296561357425e-02,2.765111219577344741e+02
2.117397947804000147e+00,1.460656787333999951e+00,1.901354166291000070e+00,1.708127633540972238e+04,2.234714882424744253e-01,4.630791648964462297e+02
1.664212606635999903e+00,4.007359481226999698e+00,5.016787117780000527e-01,1.271819837514162100e+04,2.689480332303022525e-01,2.220749636424092177e+00
9.328904441409999748e-01,6.135019403253999748e+00,1.438763217658999949e+00,6.227435560794916455e+03,1.309051836604574340e-03,4.941640697640362762e-03
2.550422898193000165e+00,3.579630392328999822e+00,1.337418742482999967e+00,2.141489177131671750e+04,4.316988091356951940e-01,1.703326036748125318e+02
2.511202426409000044e+00,3.868264330551999919e+00,9.201731782480000454e-01,2.101678457940066801e+04,7.149671840982353699e-02,3.143056073287223739e+01
2.150388066335000126e+00,5.841976842611999565e+00,1.616277051553999922e+00,1.740632348808888491e+04,6.393171440217534311e-04,1.300462283547156300e-03
1.402351219393999981e+00,9.314277598829999727e-01,2.594804563345999959e+00,1.030046347063085159e+04,7.380331322671244282e-03,9.820177838534077663e-02
5.648435983380000192e-01,4.835968483418000119e+00,4.960118740639999912e-01,3.372923181819054662e+03,3.810164245274886841e-01,4.047356125397926121e+02
2.745274362041000060e+00,2.977700232916999923e+00,1.835101666222000105e+00,2.340754418604182865e+04,2.088361136051168979e-03,2.571145603234990806e-02
1.136660783069999958e+00,2.430020001472000146e+00,1.669481392275000031e+00,7.947193982908042017e+03,1.401708999738396355e-02,1.218345433069528694e+00
5.114240386959999496e-01,1.386129493990000128e-01,4.254296803299999902e-02,2.992737291231301697e+03,1.937083183331147606e-04,2.022908136970215083e-04
2.827211806040999864e+00,1.647546883908999948e+00,8.225714486009999549e-01,2.425247956736387277e+04,1.613780714165257519e-03,9.815342234344008945e-03
1.173750755032999971e+00,2.168513593220000035e-01,4.687540501199999876e-01,8.268751073159879525e+03,8.151737507310042874e-01,5.618413322987814809e+02
1.467285927235000065e+00,3.116666503980999980e+00,1.003057962076000065e+00,1.089173216426518229e+04,2.627762522563204320e-02,2.305833717164666652e+01
1.714472444740000046e-01,5.312105462964000324e+00,8.122125998479999831e-01,8.503011078057853638e+02,2.439391987008570836e-02,2.668487658342911129e+00
1.791953386169000018e+00,8.817347511880000432e-01,2.192080644502000020e+00,1.392720798488737091e+04,1.507093052920421665e-02,6.594892963714084344e-02
4.165001552220000125e-01,5.487997152804999779e+00,2.779775719298999803e+00,2.343360327214378685e+03,5.275215378253620413e-01,3.372786211463650830e+02
1.791950405544999958e+00,5.760369077829999851e-01,1.010722706084000055e+00,1.392717956953533576e+04,4.636913776278852456e-02,2.269926151860356622e+00
1.651565824681000105e+00,4.555944597659999928e-01,4.724312317630000035e-01,1.259949154166952030e+04,2.405151703037771913e-02,7.948540300954891683e-03
1.628361067948999930e+00,5.388806366757999733e+00,1.828185533399999896e+00,1.238216664278442477e+04,1.350902906109324253e-03,8.638168957550450278e-03
3.660729248610000153e-01,2.476727562598000087e+00,7.447433324790000420e-01,2.013203650997971636e+03,5.240998724303897426e-04,1.434390047735088899e-03
1.244804916360000013e-01,2.290708316176000015e+00,2.952544011886999886e+00,5.995609623249395099e+02,5.059971313243435964e-02,1.115321245906288894e+00
1.581718130979999914e-01,3.816524379615000129e+00,1.520959954722999941e+00,7.781482878083809283e+02,3.143222854391791027e-02,2.874437045456712081e+00
9.914705428700000545e-02,5.672105245838999998e+00,8.323894567399999778e-01,4.696786421700473966e+02,1.725629247211040995e-01,3.689801549669856229e+01
2.332460001442000053e+00,3.916203014428000007e+00,6.921665906909999499e-01,1.921602892622015861e+04,4.299865981025340761e-03,9.782703168665439486e-03
4.897626206990000064e-01,2.175445676514999871e+00,2.667064858712000053e+00,2.841506130272526207e+03,1.027867362333543394e-02,1.911235499402115789e-01
1.765445267542999908e+00,3.279963617550000210e-01,2.023026426219999951e+00,1.367486596286703025e+04,1.829306905677680756e-02,3.510883024313862788e-01
1.873063469057000052e+00,3.281516503490999881e+00,4.578375301150000021e-01,1.470383260081141270e+04,3.997320319490076795e-02,7.171526196719739232e+00
2.529837822620999876e+00,3.203731951639999798e-01,1.572101510521999979e+00,2.120581398262058428e+04,4.064610186031564210e-02,1.019455782805626765e+00
1.186172651644999965e+00,1.507785124473999927e+00,1.293191602362000037e+00,8.376983651372922395e+03,1.619953986582078898e-02,6.371116794975640873e-01
7.177280191349999505e-01,5.752105558850000300e-01,2.028597755434999872e+00,4.512845943256606915e+03,5.471219083315963516e-01,5.753812303721599619e+02
2.288066760649999920e-01,3.643847885129999908e-01,1.426795706260999941e+00,1.173169901457892593e+03,3.373979162613529453e-02,2.970212367511392060e+00
9.476159009169999869e-01,3.003970556560000005e-01,2.959852485764999930e+00,6.348843211609472746e+03,5.351507056743262138e-03,1.411748342465968808e-01
1.198596657299999979e+00,1.304793159499999966e+00,1.063743908981999997e+00,8.485499833504534763e+03,1.119209826438770025e-02,6.858243374856305696e-02
1.221198643274999940e+00,6.752016222050000183e-01,1.911698670138999967e+00,8.683584565442959502e+03,1.013031450684653834e-03,1.784556154625979198e-03
7.420055696120000377e-01,8.995863080420000157e-01,9.648780360419999536e-01,4.700300196432288431e+03,4.762895520361031670e-03,2.483423941884136538e-02
1.451541219571000019e+00,5.452591411339000160e+00,2.846370331715999846e+00,1.074783745297974383e+04,5.751272756083001094e-04,3.039264907819783069e-04
1.549226623262000002e+00,1.178900706689999939e-01,2.220963675503000001e+00,1.164586785358490306e+04,7.324186724381645920e-04,3.213118782114739863e-02
2.853469963719000191e+00,4.064797386690999659e+00,2.319085529335000118e+00,2.452408862431194575e+04,1.104506648172105462e-02,3.799392143761115559e-01
8.521442854159999580e-01,4.943636761058000317e+00,1.416160294838999967e+00,5.570491743025463620e+03,2.961793900536251883e-02,8.194854747471128631e-01
4.750936819070000205e-01,6.070430036431000431e+00,1.771294579691000015e+00,2.740091035463939988e+03,5.924768383915418601e-01,4.990398073124795815e+02
1.924875188347999977e+00,4.019088177928000327e+00,2.021165534234000027e+00,1.520335302249149572e+04,1.694716789055626801e-03,9.198953716763826408e-03
2.521493979379000105e+00,1.783330930101999945e+00,1.236753640040000102e+00,2.112114860578459775e+04,6.632949467550067757e-01,5.475090518042388794e+02
7.562359120949999625e-01,5.662114734805999916e+00,1.387601664421000081e+00,4.810936311630687669e+03,4.236949726537822905e-04,3.353089703114503321e-03
2.944461215729999859e-01,2.831702947638000012e+00,1.547021586410000094e+00,1.563604913798559892e+03,1.654867209165403392e-04,1.103838605703820214e-04
8.338815633080000067e-01,1.784033714193999920e+00,2.410635722218000154e+00,5.424057149905163897e+03,2.689137955162484994e-01,9.180896277176553895e+02
1.422051317278999916e+00,4.169736416680000168e+00,6.963053211509999674e-01,1.047922969149767414e+04,7.867401953746177082e-04,1.068522893330241946e-03
2.141931618434000040e+00,1.659453619415999892e+00,2.525524829222999923e+00,1.732291654048910277e+04,1.032768540880905916e-01,5.784671361439384540e+00
1.682850419365000016e+00,2.781079580630000159e+00,1.962168505004999952e+00,1.289347260594437284e+04,7.003653495201798973e-02,1.585535177076437030e+01
