2.122076784442000097e+00,5.529727958984000047e+00,1.509869831752000069e+00,1.712732069046538891e+04,2.446596638377545371e-03,9.900195443318833555e-03
1.646278660394000060e+00,3.312737331294000054e+00,1.684283950826999998e+00,1.254991923814713118e+04,9.809774257484972851e-04,5.219255075587399088e-03
2.950209507843000178e+00,5.169328694699999449e-01,1.857091773010000058e+00,2.552813784342107829e+04,1.871330475701304258e-02,4.256320117089316568e+01
2.628089041202999798e+00,1.502924643825999995e+00,8.699394600259999777e-01,2.220624668006191132e+04,1.134380255001721065e-03,2.997207185825568037e-03
1.511802888909000053e+00,4.956997721623999986e+00,2.729732383286000097e+00,1.130036413623980297e+04,8.080871536895729151e-03,1.241299888515106503e-01
1.412624282506999895e+00,5.610388018256999842e+00,2.518712137977999976e+00,1.039361733207768521e+04,7.844386749647331257e-04,1.462758601044550268e-03
1.707812591279999903e-01,5.251820845196999876e+00,1.739092586381999928e+00,8.466578507477357789e+02,5.361493941736397012e-02,2.879267533688171010e+00
8.995236924780000143e-01,3.525903894758000146e+00,9.587465478990000456e-01,5.954132646052324162e+03,3.662929168475047054e-04,9.751300934221258584e-03
6.951188288590000042e-01,5.459882211159999832e-01,5.022448851830000338e-01,4.339778358528655190e+03,5.994528236661831461e-02,9.333169354493023873e-01
1.547424812582999909e+00,5.456763658957999752e+00,2.204139966011000151e+00,1.162919255869084554e+04,6.929339003889187654e-04,8.857629148697313036e-04
