2.852870757499999854e+00,1.700644532566000011e+00,2.746715898335999828e+00,2.451788610582512774e+04,1.030061116990914488e-01,7.922221752217435686e-02
1.937280563675999989e+00,2.426778580676999919e+00,2.074961590371000142e+00,1.532333768269349639e+04,4.678663885166411095e-03,1.508522932644971483e-02
1.770641385339999929e-01,6.147675406010000287e-01,1.574888461820000085e+00,8.811265523734089129e+02,2.320103567909438235e-03,1.328046418650332197e-02
8.219640176299999879e-02,4.389138892803999603e+00,2.168742811817999883e+00,3.849478986223104471e+02,2.549723530719632571e-03,2.465591244147119498e-02
2.763315984392999969e+00,3.848311237407000096e+00,1.216674803600999999e+00,2.359324465118786247e+04,3.715170952971943996e-02,1.647742873180091294e+01
5.270954781740000428e-01,5.234126102481999609e+00,8.953671460559999851e-01,3.103220389487594275e+03,1.281972964492450184e-01,5.573690205885460358e+01
2.250364281971999780e+00,2.035857361280999811e+00,1.884623691343999985e+00,1.839681532274113852e+04,4.728868423812110366e-02,1.026007663689646598e+01
8.863724552039999871e-01,1.592905599839999908e-01,1.334285300279999920e+00,5.847113210690238702e+03,1.953745971002054591e-02,1.547033645892836040e-01
7.594736042699999634e-02,4.277196986368999809e+00,2.525874021562000138e+00,3.541589923149104493e+02,1.205464543764279701e-04,6.538155811855235358e-05
2.966762689083000115e+00,4.539540643056000135e+00,2.110849474564000072e+00,2.570046564533876153e+04,4.105770806057676969e-01,1.859600109670751067e+02
8.551463163200000439e-01,2.517881633092000193e+00,1.021289549867000046e+00,5.594640785351554769e+03,2.468036152965267377e-02,3.845489711513999431e+00
5.078104758370000082e-01,4.807546087170999627e+00,2.526862186549000189e+00,2.967388470437823798e+03,1.293795505463264867e-04,4.518003542185321280e-05
2.570484686928999896e+00,3.686334372151999883e+00,9.002887834449999627e-01,2.161892633336751533e+04,5.649467921844888996e-02,5.345543457937284693e+00
1.386890801715999988e+00,8.439728755859999820e-01,2.981832141699999994e+00,1.016055333105568570e+04,5.236441867691626548e-03,8.120324445901930810e-01
2.887897974501000053e+00,2.909077127299999899e-01,1.891712321860000046e+00,2.488080664564761537e+04,1.755636264077590353e-02,1.355916046289137311e-01
2.604400348527999842e+00,2.244025262410000110e+00,1.016219954182999929e+00,2.196446140542594003e+04,1.544563706049798370e-03,5.342481433544487429e-02
1.006320757519000075e+00,3.405354198179999958e+00,9.998556419480000290e-01,6.837497256009311059e+03,1.012577616413147669e-01,1.450144383202453868e+00
2.634340260164000025e+00,4.447641792437999619e+00,6.853060879710000108e-01,2.227011165786727361e+04,7.767202972220871478e-03,3.119121984536448733e-01
2.900357488874000023e+00,1.689486881904000093e+00,1.307669567128999955e+00,2.501006947488590959e+04,2.171443333831457601e-03,3.658230522495271170e-03
2.602379795534000007e+00,2.763373179114999800e+00,1.443072040154000035e+00,2.194385485098999561e+04,6.820570877511188471e-03,6.415142419865109247e+00
2.013424179065999908e+00,4.882509316793999687e+00,1.910487172197999906e+00,1.606294653330808615e+04,2.589861989806795384e-01,5.341710298093230591e+01
2.249577369322000031e+00,2.238274588072000082e+00,2.822185214879000092e+00,1.838898803470471103e+04,2.771072727357074689e-02,7.889433955766902429e-01
1.601074100156000046e+00,5.777580169715999858e+00,2.360226509548000173e+00,1.212742167012375648e+04,2.389188723477841947e-02,6.339964931580394092e-01
9.176437817270000075e-01,1.440651113316000043e+00,2.032701541660999922e+00,6.102239208711393076e+03,1.824177755710082102e-02,2.063917075014915614e+00
1.460142527749999974e+00,1.840183001880000002e-01,1.638682624100000096e+00,1.082640553578073559e+04,1.397776177124459077e-02,2.280798859801825174e+00
1.704294904116000042e+00,3.899924127208000080e+00,1.372659552710999931e+00,1.309562685128706471e+04,6.985751206157760247e-03,5.024082921925724365e-01
2.300440476941000068e+00,6.141652837795000153e+00,1.424344027357000053e+00,1.889590189079341144e+04,4.219655498775361398e-03,4.070423951291194387e-01
1.888022813832000102e+00,5.149529744796000230e+00,2.314615176818000108e+00,1.484778835342538878e+04,3.635387292042419668e-03,3.392483210536973992e-01
8.513390509060000388e-01,2.899823634955999818e+00,1.796191186291000053e+00,5.564017972854557229e+03,3.633877108950169400e-03,1.800323872297495964e-01
1.387322681439000061e+00,3.557138169269999928e+00,2.875325777430000063e-01,1.016445703129393041e+04,3.330206550018315892e-01,3.706087825615342979e+01
8.406646941430000464e-01,3.659306390354000182e+00,1.418007794240000008e+00,5.478350043730886682e+03,4.086440896411879242e-01,1.182334986468447795e+02
2.650878619011999948e+00,4.735956734843999705e+00,2.390186247447999790e+00,2.243919444869340441e+04,2.356941673047258448e-02,1.820914522599802465e+00
1.701140487106999943e+00,3.008322419950999915e+00,1.603695580120999997e+00,1.306585830248816092e+04,1.287992781060037228e-01,7.818454075653573909e+01
2.028397719321000103e+00,4.243404797479999879e-01,2.587667832609000129e+00,1.620901278094367626e+04,3.308437168018341003e-03,2.916814399488314863e-02
3.747212664149999761e-01,2.748985594425000123e+00,2.522447681985999779e+00,2.069052863623428493e+03,1.899262388001496105e-01,2.247267689503040344e+00
2.389803564830999871e+00,3.259196081569000203e+00,1.436786737178000095e+00,1.979124820309682036e+04,1.897710775429845009e-02,2.199292418172156816e-01
1.203668083856000104e+00,2.262120844261000130e+00,4.692491012150000196e-01,8.529871192761453131e+03,2.083052717705118485e-04,4.115395706793133559e-03
1.620872124899999989e+00,2.652504484400000084e-01,2.189974126336999838e+00,1.231216349572251966e+04,3.588043598281119573e-02,2.335694570913350976e+00
2.713234963614000073e+00,5.575285571661999562e+00,9.497311747419999728e-01,2.307825343564431387e+04,1.960083074091385422e-02,3.972058400553094781e+00
1.792472127089999923e+00,1.123068051389999988e+00,2.053742422238999943e+00,1.393215346852969924e+04,2.893918344953973470e-03,2.686334557662099776e-02
1.106400715081000019e+00,2.093491999427000039e+00,7.986588508990000168e-01,7.686683060084903445e+03,1.113655027045227890e-02,1.005385218237259404e-01
1.062107060408000070e+00,4.118170088019000197e+00,1.380030023652000004e+00,7.308438134776000879e+03,3.934302746925603597e-03,1.481609327495353977e-02
2.505507818098000161e+00,3.039295591646999917e+00,1.938470348033999979e+00,2.095906791380882714e+04,3.609250517949259916e-03,1.976343043251279144e-02
1.485419706805999995e+00,3.935321952171999982e+00,1.856852104152999949e+00,1.105787190130754243e+04,1.732711484720836012e-03,7.947206571529880775e-03
2.151245115235000060e+00,3.131384479239000207e+00,1.644365710765999911e+00,1.741477997685281662e+04,2.203058528640860353e-02,6.838279936171837159e-01
2.670112654972999877e+00,1.164865732952000021e+00,2.560960153309999932e+00,2.263605497148093127e+04,5.866051197230543607e-02,5.921588065302116899e-01
2.573512702243999861e+00,1.214499692850999901e+00,2.308256301923000020e+00,2.164974530379597127e+04,1.482033896820331986e-01,2.330461621892541189e+02
2.220815733449000184e+00,5.025716990939000262e+00,2.467065274963000210e+00,1.810323521651556803e+04,3.005430899947789808e-02,1.053047080477951397e-01
