1.166483011733999930e+00,6.154558330879999595e+00,1.904705193956000020e+00,8.205551100564420267e+03,2.760267497642212870e-03,6.554212412099957863e-02
1.574723055103000036e+00,6.235238723675999850e+00,1.784703641144000041e+00,1.188226380228944981e+04,2.249047735771858483e-03,6.310447970768233439e-02
1.383290904566000012e+00,5.056692405885000241e+00,1.840917704528000076e+00,1.012802476636419124e+04,1.239648539124799977e-02,9.756532702001884105e-02
2.266746717504999786e+00,2.856359219729999732e-01,1.795411392931999917e+00,1.855987835453276421e+04,2.114236953575485481e-02,1.744876054337271443e+00
2.083958368233000069e+00,4.973257594508000423e+00,1.644370268742000096e+00,1.675274005251732524e+04,1.897370829749747342e-02,6.201624351144356950e+00
8.176124601830000449e-01,5.021752402996000342e+00,1.821795680693000019e+00,5.294304831290741276e+03,5.635043773209209503e-03,9.375452751071520208e-01
1.671593117100000025e+00,4.463011435298000151e+00,1.138683157922999900e+00,1.278755907205921903e+04,1.695633984575398712e-01,1.285111942686808391e+02
2.342429536086000130e+00,3.399067323648000016e+00,6.010045719669999675e-01,1.931586006534344779e+04,3.387060629098316740e-03,7.608698987399174773e-02
1.210479842515000071e+00,4.326228797745000243e+00,2.425704785095999849e+00,8.589537576226621240e+03,4.661590787588246534e-03,1.478044058513562353e-01
2.923239094526000059e+00,4.983960286851999655e+00,1.685058091461999918e+00,2.524768558437217507e+04,1.506124285208627726e-03,1.234403107127208209e-02
8.867435575030000461e-01,3.924326404556000014e+00,1.962661969697000020e+00,5.850127566060157733e+03,8.944818019969958192e-03,1.400197729053725970e+00
1.226105552861000092e+00,1.753293674447000017e+00,1.905861730732999915e+00,8.726701738937339542e+03,2.412590894480297343e-02,7.193777681873144043e-03
5.485796930980000319e-01,3.113956899075999818e+00,1.588828712817000000e+00,3.256110011906526324e+03,7.304835112286989576e-03,8.914111079125427994e-02
5.089904726549999703e-01,4.605621839620999580e+00,9.121351487080000542e-01,2.975660783653363978e+03,6.984743444113018784e-03,3.750717941021797924e-02
