1.570190746274999993e+00,2.642678509601999792e+00,1.399457198783000011e+00,1.184018271155715411e+04,1.207805791258400457e-01,7.987317309180617997e+01
1.155651417979000062e+00,5.733863671907999837e+00,2.149275193872000056e+00,8.111531903552134281e+03,1.724999549643004351e-02,6.016205832209452486e-01
1.275052164846000036e+00,3.142557962578000019e+00,1.247082023409999962e+00,9.158948484596570779e+03,1.765688209836740324e-02,5.860873227419489684e-01
2.802391039748000079e+00,3.517819417291999873e+00,1.193170781292999916e+00,2.399610843485263831e+04,6.509447988574001108e-03,8.454842076973927145e-02
3.450312154299999684e-02,1.911439119940000042e+00,5.329262029810000190e-01,1.562246351185246738e+02,1.257797053267250761e-02,1.162758825060302981e-01
8.779719086220000301e-01,4.523889597305999821e+00,4.776110821819999908e-01,5.778964548509383349e+03,2.474681902540251388e-01,4.187453583442869132e+01
2.183323797377000108e+00,6.148610820723999559e+00,1.785201055581000062e+00,1.773173493056230291e+04,2.375917229863580907e-02,8.815126393687496842e-01
2.304664389307999883e+00,3.810696507798000177e+00,2.490185510758000209e+00,1.893808766773246680e+04,2.918139834398909491e-03,3.121402085244394560e-03
1.202934499706000082e+00,3.938570305379999859e+00,1.683039407120999975e+00,8.523450161650212976e+03,6.545961219230437937e-03,5.567635598039494260e-02
1.785440273377999931e+00,1.901459117084999928e+00,1.387939302953000054e+00,1.386513834098748885e+04,9.632159952460176214e-03,2.599999080132048279e-01
1.223560447477999968e+00,2.978137800689999892e+00,8.622222972249999895e-01,8.704332830865090727e+03,4.176143665856479545e-03,2.731768855243275809e-03
2.232234800725000134e+00,5.496278838779000253e+00,2.478739182362999838e+00,1.821660783953498321e+04,1.317487560031977908e-02,1.027908517165488700e+00
1.153405224334000057e+00,4.843149064520000380e+00,1.084686491418999976e+00,8.092060664143408758e+03,3.269168844875323943e-02,9.053302651231751597e+00
5.299972285500000047e-02,7.471991828759999565e-01,1.268462767339000097e+00,2.432036563675198124e+02,6.472713360337354303e-03,1.012830385240579278e-01
2.615709424568999797e+00,4.800073387680000025e-01,2.055503953940000184e+00,2.207984551700028896e+04,1.573773520033978218e-02,2.269904486840573221e-01
1.477527361110000104e-01,2.812005231961999918e+00,2.460347981605000012e+00,7.222196904297309175e+02,4.172696307828205886e-01,3.806620504664286386e+02
1.931299696268000021e+00,2.117674971788999994e+00,1.660203956578000017e+00,1.526547253177023049e+04,2.907447904409469260e-03,7.383729619513566822e-02
5.155964987629999552e-01,3.429888186038999809e+00,7.673903880750000406e-01,3.022066059695621334e+03,2.718567881849353121e-02,1.188018008024463779e+00
1.413039959231999987e+00,4.304476818539000327e+00,2.525854470636000215e+00,1.039738971696686167e+04,1.596179271711781894e-02,2.887680783228474546e-01
1.494352876737000013e+00,1.252744036779999959e-01,9.068291964769999991e-01,1.113987640307934271e+04,3.490571520160399288e-01,2.621284414224883790e+02
1.372174431544999962e+00,5.424911033908999869e+00,2.787138971999000070e+00,1.002769438771384557e+04,1.464938569051897899e-01,6.653137176614534098e+01
9.973957364400000414e-02,7.162370773770000421e-01,2.367520156393999819e+00,4.726722799514801068e+02,3.579338648654349143e-04,3.754888635113837290e-05
1.434543889590000010e+00,3.173922741850999873e+00,4.364420980859999855e-01,1.059287205831364190e+04,9.937780215068739431e-02,1.327153317794132761e+02
2.348919324765999850e+00,1.486498202729999996e-01,2.354360327746999992e+00,1.938088606275922211e+04,5.845241504244549913e-03,1.007591433077021856e-02
4.438272404890000189e-01,5.440934107140000364e+00,2.411357852797999968e+00,2.526692771487124446e+03,3.244873409065364145e-01,1.285651444319614427e+02
1.136734865460000021e+00,6.022482287267999723e+00,1.333072427931000004e+00,7.947833809044196641e+03,9.449719283725442620e-02,1.748192434200271350e+01
1.451906533802999943e+00,1.882657053379999945e-01,2.871553559134000011e+00,1.075117235761120355e+04,8.855309946380584803e-04,4.341277848838708681e-03
3.847254255399999712e-02,2.722506201786000002e+00,1.544313653364999928e+00,1.747033017888984716e+02,3.378771690371037712e-03,2.719602070337829094e-02
1.355930573466999967e+00,1.196354139539999917e+00,9.093424766590000319e-01,9.881410173832962755e+03,1.669007583582477177e-03,1.551963224620075098e-02
2.550862060427999900e+00,1.498582722732999972e+00,2.524168315695999976e+00,2.141935532544784655e+04,5.048746872881608363e-04,1.948315345792685574e-02
6.947734302079999757e-01,4.266807340813000060e+00,4.476495656080000107e-01,4.337145885913127131e+03,3.932777641888498231e-03,1.637149086934402671e-03
1.122814975233999979e+00,2.221395014851999861e+00,6.922464353030000073e-01,7.827786647886208812e+03,2.661198572731459516e-03,7.777431876044792712e-03
2.810724120666999948e+00,3.795020140501999872e+00,1.390381949800000072e+00,2.408213962693858048e+04,4.356247945303544367e-02,4.700794280631839683e+00
2.282988034155000179e+00,2.318751679461000137e+00,1.428501035392000018e+00,1.872174209722056548e+04,1.097218770315340312e-02,1.219701769680402587e-01
2.214267022576000166e+00,4.628200746906999896e+00,2.177700582733999912e+00,1.803826401616016665e+04,2.966012884850538142e-02,7.769636224180308526e-01
4.397592016349999855e-01,2.820258038307000170e+00,2.367940373925999875e+00,2.499210386198657488e+03,5.484843277028017376e-03,2.851890089847265997e-01
1.833203945238000010e+00,3.322326716596999852e+00,2.007456277868000072e+00,1.432134479306317553e+04,2.948169615716687321e-03,1.662503921797651302e-02
1.569739190379999982e+00,2.494254250811999807e+00,1.196203732239000006e+00,1.183599153855999248e+04,4.171887287496106600e-01,1.287145887615705817e+02
2.209490149935000147e+00,3.680805888485000121e+00,9.840686763360000366e-01,1.799089320874039186e+04,8.057993494512777355e-03,2.786054377583199737e-01
2.698732614194999879e+00,3.759610344348999877e+00,1.714502860395999972e+00,2.292940997713088291e+04,2.418967449632278555e-01,3.367925437381737908e+01
1.181586943469000062e+00,3.837373584553999795e+00,1.571847116152000012e+00,8.336997113836245262e+03,3.191077842103472195e-04,2.926469982456189004e-03
1.913161862031999894e+00,4.441366353588000138e+00,1.880901762448000003e+00,1.509019667312974889e+04,1.425571368077599779e-02,8.553338821389724345e-01
1.811825976908000069e+00,1.622172175311000109e+00,1.916710984757000080e+00,1.411686586583900498e+04,4.846494013447011362e-02,2.692533035388475771e+00
