5.844312996999999864e-03,4.507743716122999622e+00,1.108016291920999929e+00,2.590076759406043294e+01,7.737719931366359740e-05,5.703873008766586900e-06
5.850136963099999976e-02,4.773755401534000242e+00,2.360341632916000076e+00,2.695003605395958743e+02,5.339281220581001790e-03,1.763759497507816076e-01
5.946710731890000323e-01,3.617323256931999964e+00,3.312426941450000162e-01,3.589491944118556148e+03,4.624389511129125586e-03,1.054982151107996396e-02
2.970267321986999942e+00,1.335165831600000075e-01,3.221240876420000121e-01,2.573697013087254527e+04,8.701724910528320367e-03,1.559808867936855747e-01
2.737843695915000097e+00,6.031875351994999690e+00,8.554662130800000375e-01,2.333111840601788936e+04,8.069057694502681510e-01,1.302037572052612973e+02
9.779959379620000171e-01,3.532014157891000039e+00,2.066557456247999802e+00,6.600811059178359756e+03,3.108095783931119974e-02,1.431175027939759259e+00
1.310113308510000074e+00,3.401251762999999984e-01,8.756619169529999969e-01,9.470912072582395922e+03,5.701044560912417805e-03,2.603471081247568653e-01
2.101303976126000173e+00,4.975341312939999816e-01,1.837813998055999987e+00,1.692303749877356677e+04,1.878970478118679316e-02,8.994071784202235520e-01
1.432275128454999935e+00,3.631358063987999873e+00,1.550371016271999913e+00,1.057221759118508453e+04,5.296341248030962678e-02,7.971316628149596184e+00
9.487512781920000027e-01,1.180763440498999950e+00,1.660845346142999945e+00,6.358223923797358111e+03,3.587761189032932785e-02,1.016711457764249360e+01
6.404874517000000433e-02,2.745590726910000168e+00,2.071448914788999840e+00,2.962110276212568465e+02,2.346229091990176187e-05,1.660619667515751492e-06
1.118316675568000074e+00,2.301471382127000087e+00,1.812862564335999904e+00,7.789068132064974634e+03,2.166579063926701854e-01,7.411944579647937417e+02
2.295531581155000111e+00,3.040517900654999828e+00,7.670369899090000443e-01,1.884689198150609081e+04,7.235365986171517390e-03,2.932602305665323317e-01
1.865865968529999974e-01,1.239580772567999922e+00,1.838274104504999951e+00,9.337849391477390100e+02,8.541001279748784702e-02,5.587492149667496300e+00
2.836500268431000116e+00,6.248392651678999599e+00,1.996593501478000077e+00,2.434851179540752128e+04,2.592738547047121478e-01,1.143496857010469228e+02
2.556603308002999952e+00,8.636069334289999677e-01,2.059952583712000074e+00,2.147771998569072821e+04,7.961452052588851398e-04,1.902168850377148560e-03
1.433406810301000034e+00,4.819286461612000139e+00,4.784903392629999974e-01,1.058251937048331274e+04,2.529555302634134417e-02,3.051701426564048525e+00
