1.110250485983000024e+00,2.790813752751999832e+00,2.620387768651999849e+00,7.719732613845755623e+03,1.209719396138680611e-02,1.691384511167700611e-01
1.627212976035999903e+00,1.819894636853000014e+00,8.462355167389999933e-01,1.237143051975853450e+04,3.312092820077384286e-02,1.176236016104656557e+00
2.669929351868999934e+00,2.722384530442000017e+00,1.651212741664999983e+00,2.263417776252566910e+04,2.106800545822545834e-03,1.248856542710893303e-01
1.899913182686999935e+00,5.742404184123000022e+00,1.310742680266000049e+00,1.496236720373880235e+04,1.474164134508252927e-04,3.741121677576450706e-03
1.585437263116000084e+00,3.913713446635000093e+00,8.563284708559999459e-01,1.198184199483586599e+04,1.449633971327787992e-02,7.440975349165274144e-01
1.297329775836999932e+00,2.374520999618999983e+00,2.551615816202999820e+00,9.356946715035928719e+03,1.752021496793636224e-01,1.636806565744262443e+01
9.137374635389999833e-01,3.929313690119999869e-01,1.565880602888999995e+00,6.070247172155275621e+03,1.455410237838873633e-02,1.806649781932487264e-01
5.960000000430000222e-01,4.087100434997999798e+00,7.769420303580000242e-01,3.599209930008753417e+03,1.029785688728221014e-04,5.462901457360058125e-05
1.528759928271999913e+00,6.199377333319000094e+00,1.379449532056000072e+00,1.145669441798757725e+04,3.142372230164440783e-01,2.158639260016020103e+02
2.759007887926999913e+00,3.845082473039000082e+00,2.251279454646999856e+00,2.354888404047700169e+04,1.374165003452867224e-03,1.288753621484126609e-02
3.053172923640000147e-01,4.359950665500000433e+00,1.664130815355000070e+00,1.630311164449304897e+03,1.740146327870329551e-03,2.852578962015932338e-03
8.133709718239999775e-01,3.251503485285999862e+00,9.418292881569999553e-01,5.260586860781771975e+03,8.628404510072947009e-02,1.240270191309572390e+00
7.100447530989999478e-01,3.123398243061000112e+00,1.601129189731999913e+00,4.453867656149041977e+03,3.688810250064958915e-04,1.341748999798082949e-04
2.591904719122999801e+00,2.514960715720000017e+00,2.823933439283000002e+00,2.183706761798347361e+04,1.241807962101812218e-03,1.834214394289695321e-02
4.409979213299999867e-01,5.324492938806000275e+00,1.754070039062000097e+00,2.507571795697055677e+03,8.945600562213362349e-05,4.047368670076447237e-05
3.640201819819999796e-01,7.391629680360000121e-01,4.824481766109999792e-01,1.999995506060611206e+03,4.371386042778945859e-03,5.640483794421445596e-02
6.409309546770000088e-01,3.928653873356999782e+00,2.831821235782999935e+00,3.931133784160099822e+03,1.931431008174644415e-01,2.229344399686455915e+02
1.124797793935000012e+00,5.484131601364000019e+00,1.642156357918999943e+00,7.844865248993927707e+03,3.477248857234539053e-02,4.898930174782220703e+00
1.005817234772999891e+00,2.664331980940000122e+00,1.889968652367000068e+00,6.833275189951091306e+03,2.760867741584634594e-03,1.208742995338842746e-02
1.284577260745999983e+00,5.633876506037999832e+00,1.440062372292000070e+00,9.243510203909543634e+03,1.790388908710038862e-01,2.664056999758663835e+01
2.207612630891000016e+00,4.566569229678999697e+00,1.292104478980000026e+00,1.797227941781833215e+04,1.588567526969020607e-02,1.518960647312319168e+00
2.166689318802999864e+00,6.101725897849999969e-01,2.449354502263000111e+00,1.756727171619128785e+04,6.633344139761346379e-04,3.590964747604761826e-03
4.780690615320000170e-01,1.460868984910000057e+00,1.221591410889000029e+00,2.760595573616580168e+03,9.011582955198986500e-03,3.223026389040748896e+00
2.804624111032000044e+00,4.340279941370999595e+00,1.178760711051000110e+00,2.401915877398268276e+04,3.018970607577513982e-02,2.810523484799022587e+00
2.638647974026000043e+00,3.085063566629000054e+00,2.448541474379999805e+00,2.231413554171255601e+04,1.198610386570303239e-03,1.295960357869672995e-03
2.555135118739999989e+00,4.176452424784000250e+00,1.644534099716999931e+00,2.146279250828660224e+04,1.597572476921498008e-01,1.924807138601547862e+01
1.325295211720999955e+00,5.389298948192999816e+00,1.902542570652000053e+00,9.606583911628047645e+03,7.644001499335365546e-01,9.873912730372717306e+01
2.222224496587999809e+00,1.457907224304000104e+00,1.736371382706999977e+00,1.811721632934492663e+04,1.671949383918830412e-01,7.806372707423402346e+01
1.241478925425000046e+00,4.632777463943000384e+00,2.630020871340000177e+00,8.862045160528814449e+03,1.490463215903136719e-02,1.519176775101352683e-01
2.403588203880000052e+00,2.784911118761999926e+00,2.626470651982999893e+00,1.992988123973576876e+04,5.400719974721516180e-03,8.850979153326460347e-02
2.156624959595999869e+00,5.087754929617999800e+00,1.425752093412000043e+00,1.746787671109573057e+04,2.163869031907458551e-01,1.215217003873811450e+02
8.427664912219999804e-01,2.387349392527999825e+00,1.175506744301999973e+00,5.495196096995467087e+03,7.525210897996648021e-04,6.154976934537977539e-04
2.958454523741000042e+00,4.550059865961999961e+00,1.694106060878999953e+00,2.561395418238184357e+04,9.920796875688253635e-02,1.145591789333731327e+02
1.479904359157000027e+00,4.138247769160000034e-01,4.261488022750000160e-01,1.100729471436573840e+04,1.647699057871595749e-02,2.501551440515549896e+00
1.502529274078000077e+00,1.398466829396999955e+00,1.834089842168999951e+00,1.121502544950892479e+04,1.413259772293084804e-01,2.005232914085095519e+00
2.911132103056000009e+00,1.920004361990000075e-01,1.701398187090999992e+00,2.512192278664423429e+04,3.161540071010478237e-02,3.055107284100605280e+00
7.051611864200000301e-01,5.373596617273999954e+00,1.808273184062000105e+00,4.416468287371058977e+03,1.695768089076344015e-03,5.503787450366245601e-03
2.588624295770999950e+00,1.406859218921999943e+00,4.294717874900000343e-02,2.180364034039176477e+04,1.179170661395822876e-03,2.828383219496545357e-03
1.204163953576000035e+00,1.686549458390999900e+00,7.689178086290000547e-01,8.534212034690168366e+03,8.210141743108229084e-01,5.483509248108478005e+02
2.078109728978999815e+00,3.242764305739000097e+00,2.438706643510999861e+00,1.669537709146863926e+04,8.091708268997314935e-02,1.020646262221491156e+02
2.829645858941999936e+00,3.461438396930000216e+00,1.866532530308999904e+00,2.427764007061637312e+04,3.607341427400994616e-01,2.366987870447749742e+01
2.846925986167999856e+00,6.084660138022999654e+00,2.201692439817000135e+00,2.445636166762401263e+04,4.495237878868535257e-03,4.706673600694118442e-01
1.891098102873999931e+00,9.750655311250000512e-01,5.897222368960000072e-01,1.487740946564988008e+04,6.300048077719982986e-02,9.245404104438895154e-02
2.617656039144999891e+00,5.335249757344000088e+00,2.613593756101999954e+00,2.209971474778943957e+04,1.025173570336751147e-02,6.661599730402634201e-01
2.166137083450999867e+00,2.599130674002999797e+00,1.439884634335999891e+00,1.756181571195869401e+04,1.621484854000007289e-03,1.256056558452319817e-02
1.745366729951999929e+00,1.579869391446000026e+00,1.823094449250999949e+00,1.348422698889606727e+04,6.817953020492404509e-04,4.214104905430833591e-04
1.610161815666000029e+00,9.582551683669999765e-01,1.967391169384999916e+00,1.221216402630959783e+04,1.021972937457471704e-02,1.117656719940440524e-01
1.978851369061999987e+00,5.762539396180000217e+00,1.841278896721000091e+00,1.572646568562970060e+04,2.673077402338200348e-01,1.734275162588659782e+02
2.869642264043999802e+00,4.235686514175999839e+00,1.237261709358000061e+00,2.469156976520346507e+04,1.584364142568035760e-02,7.648002020370204823e-01
6.879803353090000462e-01,5.943318255099000247e+00,2.445435843085999927e+00,4.285442943214559818e+03,3.234988142457882049e-02,1.915097565280619307e-01
6.173497260270000009e-01,1.575621822395999905e+00,2.264835132099999981e+00,3.756123172762767354e+03,1.387377031036197139e-01,8.688270561445152751e+00
