2.407714371269999987e+00,5.813792102295000319e+00,1.990579866313000101e+00,1.997140499366829681e+04,4.099959444036501560e-02,1.027163150133057590e+00
9.106105577090000125e-01,2.082031124694999846e+00,2.539327986610000032e+00,6.044663356512794053e+03,3.283114361755462129e-03,1.549530533171552572e-02
1.583862986605000023e+00,1.965307362904000099e+00,2.441098138996999900e+00,1.196720183506778994e+04,4.446473894189333781e-02,1.033376063622464952e-01
2.829462377337999879e+00,5.803727347584000107e+00,2.854239853726999954e+00,2.427574332361171400e+04,3.017605510125663960e-03,1.282635310635130144e-02
2.570073498440000215e+00,2.748425813383999827e+00,1.173254950198000079e+00,2.161474174610672708e+04,9.567027079065123021e-03,2.409358199334990513e-02
3.139219761920000185e-01,5.541229862321999988e+00,1.124878162429000072e+00,1.683507229159489498e+03,1.040592161688706194e-04,5.167835773989523830e-05
2.482149416693999910e+00,1.442679487684999984e+00,1.632775079900999904e+00,2.072255508190740511e+04,1.675359976980158039e-01,4.480796188643782330e+02
2.124698094255999870e+00,1.605788402306000062e+00,1.578533584419999913e+00,1.715312502893512283e+04,1.272788240369056856e-01,2.949827689812459752e+01
5.244597993370000433e-01,5.413780007418999674e+00,1.949051974407999932e+00,3.084576925101491270e+03,5.950616478516181918e-01,2.449403209966916393e+02
2.404081827728000054e+00,9.079347367760000065e-01,1.802998416851000041e+00,1.993484818745249504e+04,1.389027946927336339e-02,3.365476206137667514e-01
5.068444691660000112e-01,2.929350366518999937e+00,2.709510922174999781e+00,2.960620129143634585e+03,2.681272652137670631e-01,3.880140549007119688e+01
6.297978739359999523e-01,4.912603289081999947e+00,2.452220226721999907e+00,3.848289559869041568e+03,6.695221063829562627e-03,2.432760961542470568e-01
2.937951927685999998e+00,3.090868736017000185e+00,1.365342539493000107e+00,2.540062711060905713e+04,1.513745245474618214e-03,1.081742319670270409e-02
2.391306973863999819e+00,1.600824191050999934e+00,2.806789637366000179e+00,1.980636141997739105e+04,2.647667863431277572e-04,7.091320588935304194e-05
1.604382843523000091e+00,9.581928030449999856e-01,2.426072046598000131e+00,1.215826402846579549e+04,1.689119504901461996e-03,3.026139377464229750e-03
1.795484774796999972e+00,2.515444031631000055e+00,1.896243262110999916e+00,1.396088048741522471e+04,2.060491718368207548e-01,1.560438459794952166e+02
6.189785476200000414e-01,3.938387724216999786e+00,1.977573336722999953e+00,3.768154926005752714e+03,5.944710340503497545e-03,1.907242134731952643e-01
1.924130499064000022e+00,3.695380788711000175e+00,2.127545173309000059e+00,1.519615505758894506e+04,2.917347568980126291e-03,4.009866975707971348e-01
9.227684930559999499e-01,1.138992940844999913e+00,1.497395930539999975e+00,6.144261990796246209e+03,1.009683051621813044e-01,5.466752893878663144e+01
1.429286164319000019e+00,2.113002968147000171e+00,2.462434093661999945e+00,1.054501732873406945e+04,7.715458231331414653e-03,6.723703065150331559e-01
1.686379840535999985e+00,2.312740903532000125e+00,1.798851876552999940e+00,1.292670846571800212e+04,7.584667461487347717e-01,2.959746578650423885e+02
1.197714692526999913e+00,1.688850528964999986e+00,1.805336344866000031e+00,8.477787724171386799e+03,4.767375417375691211e-03,1.032013753019508928e-01
7.090917504429999907e-01,4.122367755324000349e+00,2.318160370340000220e+00,4.446563982391146965e+03,2.152783301510580085e-03,8.984352084365904156e-03
1.781323651883000014e+00,5.923223354254999684e+00,2.230179945493000027e+00,1.382593009239809362e+04,2.029212371299343384e-02,4.350115902845336890e+00
2.942944609052999816e+00,4.049062750921000209e+00,2.071702991941999805e+00,2.545255394325039379e+04,1.727034825723718081e-01,9.923962099313001772e+01
8.664231589519999499e-01,2.738570141653000167e+00,1.200403115257000053e+00,5.685548933786537418e+03,2.802480870766536208e-02,1.501802571573301437e+00
9.980096382549999978e-01,4.912408499899999920e-02,2.271510905642000200e+00,6.767875026851236726e+03,2.228364253764942016e-01,1.170476817024990090e+01
9.091745891399999335e-02,3.015747600557999952e+00,2.159402020462999783e+00,4.283210896929621754e+02,1.696286589941039136e-03,2.846367434496856544e-02
1.368540412428000064e+00,8.750123082709999611e-01,4.937936827559999964e-01,9.994934774335164548e+03,4.235176962464322868e-03,3.219649313082478120e-02
2.674296343602000192e+00,5.367441507002999934e+00,2.191220734778999812e+00,2.267890590340633571e+04,1.874971341312426168e-02,7.947448598271908971e+00
1.902733654713000044e+00,6.011581577263999776e+00,1.587632072469000066e+00,1.498956621864064618e+04,2.129203285681171513e-03,5.746343101840994949e-01
2.480241902512999808e+00,2.353736509578999936e+00,2.561705977242000110e+00,2.070325732779477403e+04,1.701631851422306246e-02,9.727920680617965221e-01
2.254650665677000010e+00,3.434557229196999906e+00,9.896796728819999833e-01,1.843945976216340932e+04,1.316052538758048507e-01,6.489282078229007311e+01
2.714666330701999808e+00,2.421669484400000016e-01,2.277865878170000080e+00,2.309295116406718807e+04,2.675274939393417276e-02,1.088956289183073878e+01
2.449369831780999984e+00,5.977806566331000049e+00,8.551526680300000072e-01,2.039128493953265206e+04,4.804719168265875195e-02,4.071059026840492812e-01
2.186939456965999895e+00,5.498347555524000008e+00,1.508121587471999980e+00,1.776751239338677988e+04,2.977578394069787526e-01,2.904445603980583428e+02
2.653949014350999835e+00,4.967290499176000296e+00,1.859841137024000002e+00,2.247060429624997050e+04,1.225438318111923552e-01,1.816034024778491585e+01
2.667646984667999988e+00,9.713910117859999582e-01,1.124721132716999916e+00,2.261080578486218656e+04,1.436388195540254931e-01,5.290884376200553874e+01
2.227075927782999898e+00,1.989945402645999950e+00,2.245567150170999948e+00,1.816537588202605184e+04,8.717343922328758300e-04,1.022604512568723884e-03
1.472941326908000059e+00,4.172880039098999738e+00,9.267319889859999549e-01,1.094349942583182929e+04,2.756751022498319867e-02,5.526860261004650221e-01
4.954620256899999742e-01,3.509814111813999826e+00,1.468999047702999938e+00,2.881128222958242532e+03,6.103919222900019807e-03,1.301924539241054724e-01
2.544561753435000018e+00,1.317982199952999922e+00,2.536126135222999789e+00,2.135533262072864454e+04,3.515274204269114625e-04,7.375365554248291839e-04
8.604547449880000087e-01,4.552172370065999729e+00,1.214797773691999927e+00,5.637396460795697749e+03,1.312088275368305298e-03,1.209963445360862436e-03
2.800954833020000034e+00,4.570273333401999594e+00,6.072077622889999748e-01,2.398128509264730383e+04,8.047450188580472508e-02,8.237636926834187534e+01
6.038578168160000370e-01,4.853774633159999574e+00,2.134921796951000150e+00,3.656789881991319817e+03,1.692408781091357239e-03,1.625563712410383731e-03
2.628966660100000130e+00,5.678156968688999662e+00,2.761473200621999968e+00,2.221521127936159610e+04,2.038464362457421686e-01,2.048703525317436629e+02
2.534071105190999873e+00,4.934981050375999878e+00,6.405436250560000433e-01,2.124878723815679405e+04,5.942702777787702006e-02,2.491257316053278004e+01
1.015951461888999985e+00,3.852894407360000217e-01,1.054922577951999951e+00,6.918351337347618937e+03,5.419260891232813293e-02,2.011459508722342377e+02
1.677534588487000100e+00,1.145133684154999942e+00,3.887186588759999895e-01,1.284344106402293983e+04,9.781473414315917242e-03,9.862217675551766816e-02
2.504528005706000204e+00,5.661271450917999992e+00,9.925553853049999820e-01,2.094913943077340809e+04,3.320911507367690571e-03,5.712402447962715984e-02
