8.754197205379999902e-01,3.472181539279000084e+00,1.563290731529000110e+00,5.758293116470304085e+03,1.189940009193264474e-02,1.060058027146764736e+01
2.539314072867000061e+00,4.129924529720000237e+00,2.276590943946000145e+00,2.130202677985691116e+04,1.888511453450422428e-01,8.550222731772482376e+00
1.721660736333999964e+00,2.002533344646999947e+00,2.928096782652000130e+00,1.325970749189600429e+04,4.194217612264194428e-01,3.287816398631961334e+01
2.367364006177000046e+00,6.037882159755000089e+00,2.379381560821999919e+00,1.956586689243174260e+04,1.466105250893345695e-02,3.088385339020647824e-01
2.207394846494000085e+00,4.853404700599999622e+00,1.584185302345000101e+00,1.797012047838490253e+04,1.679184821464882182e-01,1.041980640621137297e+02
2.113798404778000073e+00,1.794576162233000094e+00,2.044011104902000220e+00,1.704586588734879842e+04,1.031157682251154784e-02,1.058863667539184705e+00
1.919445535641999934e+00,1.227946049645000093e+00,1.542977810200000022e+00,1.515088362782443619e+04,1.845964730472844390e-03,1.886395919642474411e-02
1.514677231250999956e+00,2.292450627279999931e-01,1.892952375928000031e+00,1.132683729106141072e+04,4.251395761688066266e-02,9.810062788496165531e-01
2.526992233610000138e+00,2.055094705768000019e+00,2.308498338364000091e+00,2.117693437812817137e+04,5.953211461829152618e-02,1.633509217419522841e+01
7.290240044650000417e-01,6.067424381912999820e+00,4.355616077619999804e-01,4.599860255179101841e+03,3.679610368892558252e-03,1.779446011338501818e-02
2.625169955780000119e-01,5.430814271715999730e+00,1.839885819168000092e+00,1.370994414097359822e+03,1.255850198321129853e-02,3.471000609941336523e-01
6.180806263960000324e-01,9.075429646749999524e-01,2.586343175192999944e+00,3.761521125137557192e+03,4.649329890899181472e-03,2.458349000385729732e-01
2.726642327556000112e+00,1.000445948065000090e+00,1.553878069093000081e+00,2.321597375623640619e+04,9.340154313514892684e-03,1.492036528519959937e-01
1.799149056912999978e+00,1.153307297143000065e+00,1.664704609668000046e+00,1.399583389572502529e+04,3.079321865282622778e-02,5.462267002015239292e+00
2.248929163654000085e+00,5.468736257259999567e-01,1.330629138810000001e+00,1.838254080575089392e+04,4.799752157974372310e-03,4.478334973003141734e-02
9.516349077339999463e-01,5.946810846371000103e+00,1.134588620359000100e+00,6.382061709419088402e+03,1.851911910575423145e-04,3.014278519004877333e-05
1.560437043877000107e+00,8.593434971660000032e-01,1.171293873008999897e+00,1.174970851174965719e+04,3.848509407803083621e-02,5.313530296612283682e-02
1.465575320638000001e+00,1.858311011275999958e+00,1.518051027955999999e+00,1.087608237725640356e+04,3.013425689971059862e-01,1.096940908193900270e+02
2.774376883010000183e-01,6.836282880199999745e-01,1.752800048326000004e+00,1.460380968861168412e+03,1.360718261455251543e-02,1.318962620915208994e+00
1.736432241170000057e-01,6.268146770355000008e+00,1.418498520879999947e-01,8.623317031603093028e+02,3.424949666832146408e-03,2.236781973703654836e-01
2.048961696066999849e+00,5.656091174211000272e+00,8.122355063880000170e-01,1.640993948103813455e+04,1.211757810939505242e-01,1.640259063021474262e+01
1.956184287449999892e-01,4.961904107521999840e+00,2.065691831735999795e+00,9.841897953742452501e+02,3.608100995006720615e-03,7.876023359660166978e-02
1.937116873081000001e+00,4.717658968941999653e+00,1.470486358612000055e+00,1.532175351770065390e+04,6.817009050192260888e-01,9.870449012448264057e+02
5.021061345999999759e-01,4.277547241699999891e-01,1.891982759008999926e+00,2.927470650284247768e+03,3.517477115279921823e-02,9.807886708127160347e+00
2.307771468134999893e+00,2.884332850029999840e+00,1.493190028344000053e+00,1.896912785791130591e+04,7.221266831307991962e-01,1.265472726429103147e+02
2.602808741664000003e+00,5.497057034947999909e+00,1.236951091566999894e+00,2.194822922484241280e+04,1.336077403310643452e-01,7.339167944380675124e+01
1.891905031295000095e+00,7.646475104550000124e-01,9.093063297529999645e-01,1.488518331119952018e+04,9.321233894226378658e-03,6.305129182633822937e-01
2.943572096350000056e-01,9.571654952560000318e-01,2.119724001063000074e+00,1.563061672261749436e+03,8.264039824054634793e-04,5.062735168143063123e-04
1.679983575202000035e+00,3.495565324889999825e+00,1.679795804077000021e+00,1.286648646370351344e+04,3.789702464542161510e-03,9.150242936108797520e-02
1.688349892693999932e+00,1.461014018478000054e+00,1.074261932795999908e+00,1.294526616564058713e+04,2.722655135952293248e-01,2.104095675852113061e+02
1.681368863709999939e+00,2.935002382450000002e+00,2.872373918484000033e+00,1.287952528335404168e+04,2.475982546612205421e-03,5.070256558839764116e-01
2.109877113930000103e+00,8.716874058239999501e-01,2.665205867906999870e+00,1.700730274712337268e+04,3.124340591217053369e-03,2.831528163282027912e-03
1.126324191923000040e+00,2.033316166059000007e+00,7.194277821090000469e-01,7.858017450083779295e+03,2.360775458388866543e-01,4.517955115569881741e+02
2.555488040273000028e+00,4.174680193278000218e+00,2.127652800672000133e+00,2.146638062621478821e+04,2.136481925390108262e-03,8.948951377358647929e-03
1.232027160080999995e+00,1.380374145088999915e+00,1.508596039523999899e+00,8.778788125993643916e+03,1.559974955296079000e-03,5.111630748771433565e-03
6.497134347209999605e-01,6.131614338643999851e+00,1.518866478177999912e+00,3.996759201176379065e+03,2.121997428680875986e-03,2.375462649984519392e-02
7.471568600399999815e-02,6.024469851639999707e-01,7.688821210039999965e-01,3.481192958332499643e+02,3.976809165214312269e-01,8.013000656411607281e+01
2.782985669721000033e+00,2.484803621320999856e+00,1.272463669940999909e+00,2.379592542993608004e+04,8.948388149526104868e-03,3.209450425921331451e+00
2.357564581331000220e+00,3.379294257609999796e+00,1.702244946413999926e+00,1.946755771530353013e+04,3.943625821609019616e-02,1.833245726843865664e-01
2.121545719261999974e+00,1.217124349130000033e-01,8.733314942009999804e-01,1.712209355701120148e+04,2.504504531914442892e-03,2.489321803495399624e-02
1.767194906510000108e+00,2.060314566840999895e+00,1.657004105641999958e+00,1.369149861430818964e+04,9.301125445267816039e-04,2.231160106367249905e-03
2.144999552832000056e+00,2.645009071471000173e+00,1.004025296208999940e+00,1.735316906907286102e+04,1.490799569461370155e-01,2.391161169722984425e+01
2.005675593279999946e-01,4.585556629920000127e-01,8.967115385980000131e-01,1.011997874125735848e+03,2.743133604068791328e-04,1.020933628019308126e-03
2.833118098532000140e+00,2.351049329208000138e+00,1.757938256799999932e+00,2.431353815713536096e+04,7.565143449408135573e-04,1.707480891165469306e-02
3.402725676139999877e-01,2.871612736837999780e+00,2.060227876287000104e+00,1.848553830846776009e+03,6.657567433013459809e-03,7.892711791143020017e-02
1.889715753389000108e+00,1.317749338132000014e+00,1.087992419252999943e+00,1.486409356428186402e+04,1.568601110379891621e-03,1.528543692499787377e-03
2.790206926245000219e+00,3.140619773003999970e+00,1.478243129663000088e+00,2.387039278239559644e+04,2.909164490919497956e-02,3.734846547390552551e+00
1.994376642256999954e+00,6.757688215160000400e-01,4.614600688650000171e-01,1.587743101033875246e+04,3.953104931018824354e-03,5.252429477221035037e-02
1.638427368721999899e+00,6.040464937880000384e+00,9.336520598169999463e-01,1.247636569761870305e+04,7.405837735885988371e-01,1.356090953734864968e+02
1.705398038910000136e-01,4.292706074053000087e+00,2.932904140178000052e+00,8.453375878768370058e+02,3.881227991891263440e-01,4.244097277097225742e+02
2.875436561992000151e+00,3.472000118074999975e+00,2.654222563650999955e+00,2.475161228895805107e+04,1.224052731562151435e-02,2.124391382743058554e-02
1.316584989974999953e+00,2.378422083193000081e+00,1.700066987825999965e+00,9.528702826612665376e+03,1.652561665793205944e-02,7.383796701066877022e-01
2.897632422755000103e+00,7.968054574309999527e-01,5.395216163270000198e-01,2.498179042086547634e+04,1.598566855989259992e-03,2.004640308377025545e-02
1.097125789971999943e+00,7.913041653579999668e-01,2.043093785379999971e+00,7.607172855083437753e+03,2.508688291951944108e-02,4.287856106682383373e-02
1.125168759136000007e+00,2.736315098103999865e+00,1.542972743391999968e+00,7.848061278234447855e+03,3.736753584851822997e-03,1.298501724606313142e-02
2.852391894211999901e+00,1.056695106529000006e+00,3.014301454419999748e-01,2.451292943299399849e+04,1.061936365351865558e-01,2.154207549459237114e+01
8.754472988860000360e-01,1.669284253812999941e+00,1.963572334793000085e+00,5.758516404709003837e+03,7.430875767981051649e-02,1.979668562731354697e+01
2.951699295173999982e+00,2.607998457233999812e+00,2.645231108920000018e+00,2.554364117425543736e+04,2.089967862470676688e-02,1.889248513395134221e-01
1.635535908385999937e+00,1.939821968246000061e+00,4.114347940399999681e-02,1.244929565010424085e+04,5.992463598571199368e-01,4.247630948705171932e+02
