2.712839109486000044e+00,1.815658137812000028e+00,2.196437962957999979e+00,2.307418890317177284e+04,4.849321160347843523e-02,1.372726692384987457e+00
2.555299914020999985e+00,4.266401209817000328e+00,1.169732701827000065e+00,2.146446795512404424e+04,3.289447990579699027e-02,1.582114877140476494e+00
9.339013533590000415e-01,1.029291546762000076e+00,2.554939827364000049e+00,6.235754913499831673e+03,3.549748836816794817e-02,2.657157517101513822e+00
1.183010649976000028e+00,5.715227529859999933e+00,1.180476443000999964e+00,8.349407696982993002e+03,1.864187834225692134e-02,6.195399276999351557e-01
1.658089619095000078e+00,3.594661367376000172e+00,7.803541612540000338e-01,1.266070301380611272e+04,1.468799429768234965e-01,9.770982083749803593e+00
2.550205633483999978e+00,1.110218301221000070e+00,2.496663348459000176e+00,2.141268358525617805e+04,2.489604593907041308e-01,1.902187982828342854e+02
2.864211298153000129e+00,5.221951924336000417e+00,6.054879552390000086e-01,2.463530966277076368e+04,8.799752228713818292e-02,1.360516430339484728e+01
4.132346605200000189e-01,3.407318711797000077e+00,1.487011889286000033e+00,2.321656268424458176e+03,3.316553077029403985e-03,2.343983928382897038e-03
1.943501046731000104e+00,2.316879471741999819e+00,2.008730904872999989e+00,1.538355705540132658e+04,2.883484726963636904e-02,1.981970277931814017e+00
1.486815679233999932e+00,1.561193770010000093e-01,8.258774443270000543e-01,1.107067970099967170e+04,1.672623470772878138e-02,2.728575449541224440e+00
6.582157234619999686e-01,5.124349114935999872e+00,1.377803740595000104e+00,4.060517402501090146e+03,1.153588908350416681e-03,3.065702708145975203e-02
2.483111564752999989e+00,2.842603889738000156e+00,2.570436888315000168e+00,2.073228980045497156e+04,3.056954035476587908e-02,3.670442921136610970e+00
2.157759244121999931e+00,1.642741646848000059e+00,1.492433946722000027e+00,1.747907466245120668e+04,8.273447613554045857e-03,2.628015696147065761e+00
1.396726452033999921e+00,5.497655526237999801e+00,2.640256861160999780e+00,1.024952241943075023e+04,1.998687693539176469e-02,7.901278823944627439e-01
1.013622272839999949e+00,1.476974449152000046e+00,5.380989270639999766e-01,6.898779357264108512e+03,5.458885704786052839e-01,8.028225305841972670e+01
8.871508739399999732e-02,6.650464039190000509e-01,2.849759406070000001e+00,4.173235575919410394e+02,1.166637255239666437e-02,7.662876590320685244e-01
