2.951745055038000221e+00,4.873063915330999585e+00,1.091514385880999916e+00,2.554411738934721143e+04,1.732124386273155847e-01,1.366918069034725818e+02
1.745173641347999904e+00,5.089700103752999638e+00,2.036667169667000010e+00,1.348239578092522424e+04,4.865131063501069997e-02,2.651880470090374864e+00
2.910453707530999967e+00,6.148513098889000439e+00,3.355106758449999949e-01,2.511487830636208309e+04,2.052873936946029640e-02,4.746598354699771982e-01
6.119243805940000058e-01,5.314530390427999684e+00,2.864321872834000082e+00,3.716108746411144239e+03,1.659309578870122800e-02,2.762016080930681516e-01
2.626401416149999890e-01,1.794439231490000120e-01,1.818357807291000050e+00,1.371727631867631999e+03,6.427387499646967472e-05,2.896093561059517383e-05
1.117621891446000104e+00,4.501255479262000314e+00,7.802279198889999767e-01,7.783091177820096163e+03,7.941949752128005073e-04,5.405284901868040968e-03
1.998310390000000103e+00,2.308575257028000038e+00,7.240682866230000458e-01,1.591571717102162256e+04,4.443880479971789449e-02,7.473773282888614311e+00
2.665370522539999842e-01,5.399297186621000222e+00,7.442252294579999594e-01,1.394969093888034422e+03,4.406779681320555954e-03,5.418959767198252425e-02
1.335409049366999890e+00,5.823995737805000239e+00,7.393616783549999960e-01,9.697159011477093372e+03,1.957874601905786605e-01,3.827107836904493610e+01
1.350300586723000018e+00,4.488461816631000190e+00,2.946085730219999976e-01,9.830799570207665965e+03,5.260128291461322464e-02,6.417156610754226609e-01
1.170467607648000063e+00,4.063680967166999558e+00,6.381499777239999505e-01,8.240189555920316707e+03,1.662972814984450820e-02,4.160781215712462955e-01
