2.606924576777000180e+00,1.254652794949999983e-01,1.924137903022999918e+00,2.199020839799642272e+04,8.064625003892846034e-02,1.637071603909040789e+02
8.251270054599999515e-01,3.836680556765000194e+00,2.561550519603999820e+00,5.354153751538747201e+03,7.776416026416430038e-02,6.534024591786385727e+00
9.815651156870000005e-01,1.092245613193000064e+00,2.215335847513999923e+00,6.630543000318497434e+03,2.788298724460944872e-02,2.063431042750241584e+00
1.452964311934000108e+00,4.664193675649999982e+00,2.790077376445000201e+00,1.076082969205656445e+04,3.963670454387358544e-01,8.037770947642516717e+01
2.132886270759000169e+00,3.008590233706000205e+00,9.495750541919999455e-01,1.723376716976003445e+04,3.022862721391512686e-01,3.474543693013716279e+02
2.924465896610000115e+00,1.909042858148999988e+00,4.956001150920000264e-01,2.526043371440035844e+04,3.953035717175208685e-02,3.257468142628519026e-01
2.054035659094000099e+00,3.525057655358000197e+00,9.713546580080000270e-01,1.645957374532072208e+04,1.199115522745796553e-01,3.755934208859811463e+01
2.267742668849999921e-01,3.619272128580000025e+00,7.768826394340000441e-01,1.161429695568746183e+03,4.833311993127988315e-01,3.078269889488647593e+01
3.093705723890000092e-01,7.655448485360000221e-01,3.807284988599999864e-01,1.655325995448004960e+03,5.703841498581842988e-04,3.351138794788230488e-04
1.288764319697000005e+00,3.064501129476000063e+00,9.209603474840000192e-01,9.280727074031083248e+03,2.535776373694207525e-03,6.502435571685603356e-03
1.405192126313999923e+00,1.981265871428000036e+00,1.913605513228000099e+00,1.032620932383263789e+04,1.188176633350419842e-02,6.865130386852629218e-01
1.293090262231000098e+00,6.090579134288000240e+00,1.827745012123999979e+00,9.319207172819518746e+03,8.475903840299142677e-01,5.322125976077226142e+02
2.230737261868000143e+00,5.984613433095000268e+00,1.269497445612000064e+00,1.820173384646749037e+04,1.223803130890401963e-01,8.929615027197807819e+01
2.596016562482999834e+00,5.565924187230000264e-01,1.739417712750999989e+00,2.187897692201428799e+04,2.089702482825977689e-02,8.992933731535736053e-01
1.006457767462000108e+00,5.639662644640999645e+00,1.905867842131000023e+00,6.838646182253953157e+03,1.065882481330991845e-02,3.817693025758645692e-02
1.567625327385999912e+00,2.949152077072000111e+00,1.931032279747000091e+00,1.181637479451435138e+04,7.014239370964764353e-02,1.226593439329721917e+02
8.306021262000000405e-02,1.806190139978999909e+00,6.741338323779999531e-01,3.892229818644501620e+02,3.306944216283947552e-02,1.069535325487153159e+02
