1.910652185860000074e-01,6.187165654999000175e+00,6.538915987569999810e-01,9.587236262308198320e+02,4.074348363447062304e-01,2.366108697486109236e+02
9.892646211419999780e-01,3.632955547107000083e+00,1.524054000800000030e-02,6.694772858276457555e+03,6.360217621557312517e-01,6.785774544813214106e+02
2.363887985540999992e+00,4.138339216526000008e+00,2.822092909654000170e+00,1.953098689929252578e+04,3.976886805370209721e-02,4.821565551010015938e+00
2.400700102620000109e+00,2.225198520305000205e+00,1.515948354307999901e+00,1.990082406557712238e+04,4.509585131125527085e-03,2.967304440563192647e-02
1.738434199936000013e+00,2.272195325140999866e+00,4.411705269849999778e-01,1.341850573698942753e+04,5.084608900062698167e-02,8.359813089646591422e+00
9.700119476700000409e-02,3.809081063204999840e+00,1.972832696678999964e+00,4.588548168282097208e+02,1.141265536379409778e-04,5.597865463727434319e-04
3.698579788840000160e-01,3.528105917552999848e+00,1.169219625118000039e+00,2.037606588043174725e+03,5.929344005162271239e-03,4.279402601994014566e-01
2.813937899133999831e+00,3.500498455624000194e+00,1.593168557680999964e+00,2.411532977279602710e+04,1.016438218335797249e-02,4.175505873381341743e-02
1.800876520637000100e+00,6.967284781900000279e-02,1.180024924782999918e+00,1.401231693126859500e+04,2.670254347373697459e-04,6.089990341358766761e-04
2.100757683373000173e+00,2.514875393915000146e+00,9.169050960619999913e-01,1.691767011866230314e+04,9.074705769656890922e-03,1.768179052825010478e-01
1.156556049119999985e-01,2.869666992340000000e+00,1.496218840317000032e+00,5.538804206733155979e+02,1.789990424099567878e-01,4.084703808005743397e+00
1.310827069397000111e+00,2.571112009724000114e+00,1.910620669817999939e+00,9.477282665959946826e+03,4.322793170347768998e-02,5.901028081874025055e+00
7.849485485700000154e-02,3.798311721157999976e+00,2.956308150418999858e+00,3.666810777685610105e+02,9.805514354686346466e-05,2.694028256439417787e-05
1.629215965638999952e+00,3.082421492997000190e+00,3.564928091169999869e-01,1.239016203422458420e+04,7.753255462804592435e-01,1.659520076596571982e+02
2.206872755401999786e+00,9.830380644380000144e-01,8.386173016879999720e-01,1.796494504188572682e+04,2.883931417022327429e-02,4.361203169484793030e+00
1.708346907341000032e+00,1.249177589152999923e+00,2.504662954481999826e+00,1.313388225090026026e+04,5.174402401429409500e-03,8.398349686138389947e-02
1.438449391290000101e-01,1.766224227806999947e+00,1.886079627600999897e+00,7.014034621741743649e+02,1.091112152506415744e-01,5.203169805965836758e+01
1.715585211429999923e-01,6.910864617759999717e-01,2.374529947905999805e+00,8.509100857841008292e+02,5.808374051391411571e-04,3.998496933033804986e-04
7.914763889489999649e-01,6.214531696050999976e+00,1.318214029845000024e+00,5.087266666480237291e+03,3.442639289630949374e-03,5.912661451185700218e-02
1.165556920013999909e+00,4.644241584623999941e+00,2.554662271570999899e+00,8.197504479063001781e+03,5.709226730721115098e-03,1.132976175279260811e-01
1.590628134864999987e+00,5.817543319371999644e+00,3.036765028119999821e-01,1.203013643324805344e+04,1.266123508523015612e-02,1.116503572073723333e-01
1.239061264882999946e+00,3.298698067811999923e+00,2.410378799880999789e+00,8.840734980970884862e+03,8.182871472957377046e-01,1.199519723445818045e+02
1.714481196643000027e+00,6.279595099577999662e+00,9.281313295730000412e-01,1.319183137680091022e+04,1.676465293488714481e-02,3.467577123292802654e-01
1.361615413895999938e+00,1.637986807954000090e+00,4.969754553440000056e-01,9.932561190153524876e+03,2.968491902116903499e-03,1.922491173114389273e-02
2.284398283758999781e+00,3.496576912421000216e+00,1.017227069332999889e+00,1.873580647189771116e+04,2.817354884585677732e-01,4.032995662398394643e+01
2.676097255893000071e+00,5.631356643575999854e+00,1.587086674755000093e+00,2.269735491204410209e+04,4.530510995719137964e-03,1.840277430744880205e-01
2.680790255529999833e+00,1.054445932366999905e+00,1.680907379763000087e+00,2.274544074622633707e+04,9.152180247540392909e-04,6.331107055794336046e-03
2.060982069381000148e+00,5.883869149699999745e+00,1.555813634451999938e+00,1.652756125169103689e+04,7.259329933049819550e-01,8.170067703182272680e+02
2.995680413641999884e+00,4.994048852789999771e+00,2.188539875425000059e+00,2.600187512966522263e+04,1.021644871044675301e-01,1.608888726502003763e+01
2.199654530394000052e+00,6.038791042646000307e+00,1.261537315980999940e+00,1.789341393844097547e+04,3.664002133003577740e-03,9.291861012991282920e-02
1.112636967055999904e+00,1.110471744435000074e+00,1.424176825108999900e+00,7.740233878757718230e+03,2.948848508810023028e-01,1.235116204861248832e+02
1.043999830353000036e+00,4.145685974118999972e+00,6.241880425960000256e-01,7.154899567417028265e+03,7.143736171606648302e-04,5.922216456054825743e-04
2.801510842698999859e+00,6.252277814923999699e+00,2.881926557628999852e+00,2.398702362184779122e+04,5.844254621165491555e-03,3.696216010564869203e-02
1.081191397395000031e+00,6.373060393439999860e-01,1.169121574213999981e+00,7.470951130589261084e+03,7.789333481815055582e-03,3.484801301755934833e-01
1.191929405038000045e+00,3.985502675554999819e+00,2.957569706956999944e+00,8.427232626313261790e+03,8.545357570672459935e-02,1.238541599553281358e+01
2.907959871229000015e+00,3.208507784952999931e+00,1.676458767471000089e+00,2.508898445657438788e+04,1.849872347087633956e-02,4.090084426641482085e-01
2.871313518451999780e+00,5.885916193691000053e+00,1.487072037739000097e+00,2.470888591257868029e+04,5.234601654935424654e-03,2.509621486468204266e-01
1.678850759047000096e+00,6.109454682520000013e+00,5.488809524919999738e-01,1.285582561747534965e+04,3.916894803336234965e-03,5.205628915297631082e-02
2.790742861500000171e-01,5.748777878259999641e-01,6.263561691740000548e-01,1.470252260924203483e+03,1.458013891491961389e-03,3.110157942588179930e-03
6.802002357459999704e-01,5.432233364316999769e+00,1.133307467730999996e+00,4.226394709790966772e+03,1.001030609819683614e-01,1.518582684212918537e+02
1.369924989153000094e+00,2.704719637164000101e+00,2.008571554392999836e+00,1.000741406396730235e+04,1.306224194250924517e-03,7.231521565395902275e-03
2.519271573945999876e+00,4.798629051636999598e+00,2.651239415300000068e+00,2.109860568135415815e+04,2.315894423760802082e-02,8.455760424394458408e-01
2.228273456894999782e+00,5.664052765470000139e+00,2.015473638766000164e+00,1.817726647758737818e+04,7.715312682389467713e-02,9.150060232562894669e+01
6.770736775600000312e-01,2.681320356309000008e+00,2.788596966791999865e+00,4.202715780244253438e+03,2.821356379974934454e-03,4.743650225936491688e-02
1.363712711175000036e+00,3.754815027354999835e+00,2.751555604542999856e+00,9.951444193438337606e+03,1.201568542719909372e-02,9.575897692993430577e-02
2.877163421762999995e+00,1.624220572600999946e+00,1.480631335325000020e+00,2.476951031858703936e+04,2.455625765525873139e-01,4.668116792575794705e+01
2.755971431979999942e+00,2.639773459514000109e+00,2.611991749827999865e+00,2.351762426734101609e+04,1.984233712987885489e-03,4.109410431344472786e-02
3.064649041599999957e-01,2.912537364618999813e+00,1.150559422338000015e+00,1.637385776950847685e+03,7.235615857255426296e-03,1.493955341993121744e-01
7.688839921300000269e-01,2.187713534094000156e+00,2.065115678653000053e+00,4.909732645233124458e+03,9.827026528083299128e-01,6.088751924773404198e+02
2.179168296610999978e+00,9.753642968300000327e-01,2.134361500793000133e+00,1.769062879376841374e+04,9.430708807103796876e-04,1.162400135123239486e-03
2.600356522155999883e+00,5.923479365474999980e+00,6.573130822560000475e-01,2.192322320860515902e+04,9.394748184823423567e-03,1.426510159606873829e-01
2.454367889604000208e+00,2.608702109209999898e-01,1.144656799880999998e+00,2.044174685755866813e+04,3.240420946695241611e-01,1.478057067865878480e+02
