1.500310784265999953e+00,3.297490701740000141e-01,1.053857361971000106e+00,1.119462675504843537e+04,4.231033550252265990e-02,3.905409077374923932e+00
1.285645006349999953e-01,4.998491920366999963e+00,1.981366379240000031e+00,6.208571586879679671e+02,1.433872811022610062e-03,6.938568024354576725e-04
1.926590864046999974e+00,9.420594629759999616e-01,2.489667427941999911e+00,1.521993829336904491e+04,1.554612760285926376e-01,2.809498861297431560e+01
2.724961028088999981e+00,2.459503789300999888e+00,1.134624987615000080e+00,2.319869742219675391e+04,1.952592978794745731e-03,1.682260842868717188e-02
1.285390102623999997e+00,5.055519520019999824e-01,1.196579257868999990e+00,9.250733040537095803e+03,3.520762422959372584e-03,1.406307459570787892e-02
2.971689036548999852e+00,1.681043323376999910e+00,2.399163192178999982e+00,2.575178072092833463e+04,1.384693609170487482e-03,6.399534644940481354e-02
1.114845458922000043e+00,1.653920941003000022e+00,1.618299088736000035e+00,7.759215480349013887e+03,4.235725404124366933e-01,4.125429554572239965e+01
8.964994948190000423e-01,7.731022173149999510e-01,1.918292729265000052e+00,5.929487404569720638e+03,3.451073584560478968e-01,1.779524649052149243e+02
2.315878591224000083e+00,3.160466929999999983e-03,3.233530371239999868e-01,1.905015365127562836e+04,8.013779408074636623e-02,4.424302743833312235e+00
2.641228819465000210e+00,1.475916544511999939e+00,2.220658178674999927e+00,2.234051688249790459e+04,1.821743348147981251e-02,1.431901420380380166e-02
1.184642272120999928e+00,2.327463224209000092e+00,2.107924261908999952e+00,8.363634996191569371e+03,1.604280766896266364e-01,1.789460093590858492e+02
2.332615432876000039e+00,4.171701118570999789e+00,8.489465256310000374e-01,1.921758478881317933e+04,5.505375735970936824e-03,4.577670475347821177e-02
