6.252462884999999693e-01,1.246190270860000060e-01,1.374112330897000023e+00,3.814532385536607762e+03,5.813663591965047284e-02,3.996877888491306408e+01
2.903774258399999808e-01,2.149349974401999930e+00,2.059418091066000045e+00,1.538784587700209613e+03,1.855004930281429487e-01,1.202318781372432284e+02
2.395386598900000052e+00,5.001769669854000178e+00,2.835605445079000031e+00,1.984738062478650681e+04,1.013182884725455507e-01,1.488752415746088786e+01
2.250918837048999865e+00,1.676503980576000030e+00,2.918881735039999814e-01,1.840233167999530997e+04,8.415812162856159406e-02,5.121840277384058027e+01
2.893148655819000048e+00,4.427276119273000354e+00,8.349423287480000067e-01,2.493526979445416146e+04,3.264557218178794629e-01,4.766879424902660034e+00
2.868035610739999797e+00,1.199569648318000059e+00,1.460915000613999926e+00,2.467492446809575995e+04,3.233997578684396496e-02,2.029752237993455388e+00
1.978710856016999919e+00,6.625021954850000006e-01,1.318097510119000004e+00,1.572510036988834872e+04,2.083076859428464878e-02,4.497444912113413018e+00
1.461713119469999933e+00,5.590073918369999895e+00,6.921482168460000306e-01,1.084076277408697752e+04,1.246796687863966193e-03,2.423626151902222303e-02
1.625182056814000076e+00,1.278489628320000016e+00,3.428772045560000148e-01,1.235244264108692551e+04,2.811321835289060014e-03,2.709632595256667928e-02
2.452865532171999874e+00,1.016092552508000013e+00,1.194365335774000059e+00,2.042657675812839079e+04,9.292785905347092021e-03,1.509739556654133286e-01
4.823275826249999731e-01,6.388284593559999669e-01,3.143455176839999865e-01,2.790001401014666044e+03,7.747214070905268646e-02,4.497876704376393420e+00
3.908266904159999888e-01,5.094429509323999739e+00,1.261643699995999901e+00,2.173920623857909504e+03,4.777281010688777529e-02,5.899505054552971473e-01
2.310070431406999969e+00,4.887640388830000182e-01,1.510818767646000094e+00,1.899209955841152259e+04,4.813374066768441074e-03,5.329862902566112615e-01
8.754975935580000534e-01,1.840259248923000079e+00,1.078997817304000018e+00,5.758923620424599903e+03,2.118306581957265372e-02,1.875558999461808540e-01
2.167233339452999896e+00,1.144400556768000010e+00,2.247696866581999853e+00,1.757264680522815615e+04,8.215682433657185424e-01,3.884665637347711140e+02
2.177848169013000046e+00,5.198680807388999625e+00,1.481904296886999983e+00,1.767757306040131516e+04,6.340950851786840425e-02,9.752613268117723777e+00
