1.177357656859000068e+00,3.657771685699999775e-01,1.486335345002999908e+00,8.300150676677656520e+03,5.706703749432245898e-04,2.297354770589628715e-04
2.051202647855999928e+00,1.241348810295000105e+00,1.068316362190000035e+00,1.643185801141133561e+04,1.435910388372888258e-01,3.403689748531902382e+01
2.108732562164000068e+00,1.514729234582999906e+00,9.807813856139999675e-01,1.699604934596025487e+04,3.735830055453690998e-03,2.130089738558895926e-02
7.508203492420000291e-01,1.123426316024999982e+00,2.302529654984000196e+00,4.768766837414565089e+03,8.978619754406065578e-04,5.404880648893064859e-04
7.394175799319999687e-01,5.111932944248000155e+00,1.382284470416000000e+00,4.680239253233690761e+03,2.792042390844191521e-02,1.842290021618801399e+00
7.505033593409999870e-01,2.357083099686000160e+00,1.131658420248000008e+00,4.766301003094748012e+03,1.860082919104282320e-02,2.210779600218929275e+00
7.073710353729999456e-01,3.975559350151999904e+00,1.564713405010000002e+00,4.433383275991190203e+03,1.223526057822225043e-03,3.272847857030535684e-03
1.786608525806999914e+00,4.129413879559000300e+00,2.237186836333000084e+00,1.387626845806335223e+04,1.333671736990230377e-03,4.064017514389065000e-02
1.449987493509000025e+00,4.323594584823999831e+00,3.867462618790000195e-01,1.073365571767057554e+04,7.479892300848804123e-04,2.315441860026433429e-03
9.600578848020000500e-01,3.151195337683000197e+00,1.361814181945999902e+00,6.451794639517928772e+03,1.442861369523488757e-01,9.358156695701077865e+01
