2.973874675409000190e+00,6.134479170551999871e+00,1.136275420647999912e+00,2.577455158425924310e+04,1.522364039986912228e-02,1.493241941020691410e+00
5.363561623770000120e-01,4.422745848034000282e+00,1.836152122069999892e+00,3.168922623742161704e+03,8.783144119556492990e-01,8.248084135326827209e+02
2.547239569852000063e+00,2.491419260554999848e+00,2.640872681672000066e+00,2.138254092365737597e+04,8.526565516649731516e-03,3.066153008086526868e-02
1.982075267756999937e+00,1.668277447300000049e-01,1.443914050095999935e+00,1.575779616836030618e+04,2.315072341941538936e-03,2.183181308688489884e-03
2.080774712714000163e+00,2.585441636139000021e+00,1.594840649680999922e+00,1.672151135986158624e+04,9.776283697595695987e-02,9.266372895402495757e+00
1.147659479796999893e+00,5.702402389501999735e+00,1.994547083979999913e+00,8.042294164711493977e+03,7.161238857195689755e-02,1.133081984732668523e+01
2.523013200138000123e+00,4.289095718010999647e+00,1.821115510422999906e+00,2.113656071253408300e+04,9.719683924181017620e-02,2.553229400082597422e+01
8.504424778870000035e-01,5.186987853065000209e+00,1.632390346743000098e+00,5.556811734266696476e+03,7.677119430848293458e-02,1.151678342615003636e+01
9.337218746890000309e-01,4.820211907400000051e+00,2.361562145009000080e+00,6.234277714512156308e+03,4.954344135738317223e-02,1.994096682991756131e-01
2.480037153201999800e+00,5.376338723265999597e+00,2.082216459116000173e+00,2.070118608914674041e+04,1.217176704443730497e-03,1.480261427951534703e-02
