1.574618677197999972e+00,4.474347631338999598e+00,3.090012110051000072e+00,1.188129440167341090e+04,6.745066490764251368e-03,1.775604959493901402e+00
2.945597198799999816e+00,1.655432398595999999e+00,2.064039952179999915e+00,2.548014806297764153e+04,3.907746353599425050e-03,5.015852553651023449e-02
1.162053565074999906e+00,2.295199659072999943e+00,2.745148657934000092e+00,8.167078156066793781e+03,5.100906104754048855e-03,7.419290973138313594e-02
2.103642668307999841e+00,1.970406308183000110e+00,1.835744968840000046e+00,1.694601825938903858e+04,1.970502182686261362e-03,1.563745925279457286e-02
1.911463544429999883e-01,1.239772335285000082e+00,2.596028780525000190e+00,9.591764325787784173e+02,6.084800085049006935e-01,7.429042542507080498e+02
2.275516389333999800e+00,4.822443605924999765e+00,1.057834242980000061e+00,1.864725313213617846e+04,1.222243896138895496e-02,2.705782070273075046e-01
1.550539844633999964e+00,5.232203807650999572e+00,9.798894045260000407e-01,1.165802394125721185e+04,3.491049468881446405e-02,5.448648055668856571e-01
1.544888283753999891e+00,6.183485033676999976e+00,1.815757664081999900e+00,1.160572453640445201e+04,8.445044479457512396e-03,3.697601129994992908e-01
2.383282701170000017e-01,1.329771951910000138e-01,1.293550054113000058e+00,1.228456945955509127e+03,1.339321650056072288e-01,8.735882654457379104e+00
2.084005452144999992e+00,5.676433709426000007e+00,6.569883388439999861e-01,1.675320196747585214e+04,1.366849089058309831e-03,5.995652658432067128e-02
1.412613013099000003e+00,2.857886020120000148e-01,1.009280966858999928e+00,1.039351506235371926e+04,1.163145606902218345e-03,5.899554950433506632e-03
1.691912491595999990e+00,1.356565068742999980e+00,1.092673014770999984e+00,1.297883659067048575e+04,1.929893371850500972e-02,1.278065103509705480e+00
2.693986795294999848e+00,1.608205359220999942e+00,1.721904240298000044e+00,2.288072997799015502e+04,1.676851568856631627e-02,2.248562158102923814e+00
2.543444986260000040e-01,5.352116404415999895e+00,2.332849396189999869e+00,1.322504836340435304e+03,1.421539008256336167e-01,3.443411486460325364e+02
2.886143045049999856e+00,3.077291955629000153e+00,1.269064664015999933e+00,2.486260697576225357e+04,7.822984512995357839e-03,7.526394825020690793e-02
1.334603472338000030e+00,5.185594538565999834e+00,2.058655877355000108e+00,9.689938982771353039e+03,1.823658535655703072e-01,1.597834185112705008e+01
5.225387028579999704e-01,2.419915737589999782e+00,2.110129228587999783e+00,3.071003785563990277e+03,3.091485100042193866e-03,2.210869656341384742e-02
6.815858933349999704e-01,5.294600983988999587e+00,2.505078696280000017e+00,4.236898254170630935e+03,2.129913036040698704e-01,5.397171469505910579e+01
1.253033291328000010e+00,4.972713011863000077e+00,2.427042626358999922e+00,8.964021021599310188e+03,2.670856887473754826e-02,5.301545179417230802e-01
2.945231817043000078e+00,1.227598460420000093e+00,2.911128324587000105e+00,2.547634687143202609e+04,4.058627525772884846e-03,1.868644880205553097e-02
2.885019416028999917e+00,3.255287445920000078e+00,2.632120517875999877e+00,2.485095518846667619e+04,3.174825559852695062e-03,3.378933891967712128e-02
1.010577470100000076e-02,1.199463669779999991e-01,2.873484264158999935e+00,4.493228589145165586e+01,1.736657890573583413e-02,4.180861796042268708e+00
2.990225543298000055e+00,3.586632851539999778e-01,3.113424587740000193e-01,2.594498417704472013e+04,3.692057484917195265e-02,2.418544167277683510e+00
2.123652005114999852e+00,9.626496436210000285e-01,3.758120398900000048e-01,1.714282656755743665e+04,1.603653167368689070e-02,3.313605817182749269e-01
3.270429175549999790e-01,2.088150919439000219e+00,2.714535027020999802e+00,1.765290185205602711e+03,5.563666312013788862e-02,5.548875869043254028e+00
2.366485259319000001e+00,2.610476099012999818e+00,8.992802985769999813e-01,1.955704830419124846e+04,2.923588619478064733e-03,1.086158682343189852e-02
1.607003079859999906e-01,2.963230523796000160e+00,6.530639240710000015e-01,7.918141963144072406e+02,3.229343227886111861e-03,6.052987431643924721e-03
5.493500928679999618e-01,2.034985053330999882e+00,2.442204141174999954e+00,3.261622624431020540e+03,9.430677821420507811e-02,1.046878502605251526e+02
4.158159814890000083e-01,4.635836530207999573e+00,1.742170082989999980e+00,2.338809336406666716e+03,3.892767449585301381e-02,6.952307080260215599e+00
1.182266266637000074e+00,2.440099675309999938e+00,2.823847680144000005e+00,8.342918401505579823e+03,4.335865796963906393e-01,2.843414311557591390e+00
6.071906746690000078e-01,1.099945059569999994e-01,2.183638471586999863e+00,3.681273040360458708e+03,6.534835712104245520e-01,2.665674511009099774e+02
9.300414596099999542e-01,4.346185126465000437e+00,2.437038923659999856e+00,6.204001872704018751e+03,2.141611847527186748e-03,2.704593835531531737e-02
1.113875581740000065e-01,5.761623044909000235e+00,2.732849169725000138e+00,5.319540778875833666e+02,1.931165761500511779e-01,1.031293674467362820e+02
2.399454330799000168e+00,3.867487241490000116e+00,6.373789423229999640e-01,1.988829221432596751e+04,2.943377662241541404e-01,1.327917568160981832e+00
2.231847684718999858e+00,3.525548043135999787e+00,6.467608278690000212e-01,1.821276272041314951e+04,9.772195113657525245e-03,1.040115355004414405e-01
1.318231575001000078e+00,4.880672125657000038e+00,1.393347962797000017e+00,9.543416678942223371e+03,1.057356415331004362e-03,2.797068606611715930e-03
2.670628886968999804e+00,6.139182978640000066e+00,2.317422987080000052e+00,2.264134182201505610e+04,1.261834257213866745e-02,1.684271291064193266e-01
1.142197946605000070e+00,3.257684241275999870e+00,7.137501274940000195e-01,7.995043928732302447e+03,4.672519795573086012e-04,1.335826421426235624e-04
2.923311509113000195e+00,2.863788545058000068e+00,8.306199417409999564e-01,2.524843804634330809e+04,1.759936574418373145e-01,9.075998651920117766e+01
7.188782774219999450e-01,2.465703853972000203e+00,2.501961657918999826e+00,4.521690024763882320e+03,2.038573293225727674e-03,7.642624664239108800e-03
5.002424340969999772e-01,1.058264929269000065e+00,1.336021372687000053e+00,2.914454879687998073e+03,8.161390670515647483e-02,2.373690268644718770e+00
1.695102583731999957e+00,1.919188420290999897e+00,9.822814861240000139e-01,1.300890897237882382e+04,9.766245893765785127e-04,5.139241076007864837e-04
2.823258637867999798e+00,3.650770442982000041e+00,5.329809648529999500e-01,2.421162352662273406e+04,4.108236116253279752e-02,1.343918784703572555e+01
2.435689293445999937e+00,3.552653740594999832e+00,1.986843079011000102e+00,2.025325184529599574e+04,2.497440403800878575e-02,5.328264959552524438e-01
