8.089591299800000246e-02,2.992080889412000122e+00,1.458727876403000057e+00,3.785203891926670963e+02,4.541898705205334500e-04,1.534797120276514730e-03
2.884292337214000135e+00,1.605646693508999912e+00,2.253218659718000172e+00,2.484341592259691606e+04,2.704784120623528534e-02,5.229888750733295844e+00
2.784847845838000158e+00,3.864840989369999757e-01,5.377013003339999875e-01,2.381512567536568531e+04,3.706195226762743367e-03,2.709630879030043918e-02
2.077335969297999796e+00,2.445413411716999885e+00,1.685738487412000053e+00,1.668779033828105457e+04,2.305474009263665525e-01,2.040285007547132921e+02
2.779388250301999985e+00,6.084223795417000424e+00,7.629908534479999949e-01,2.375883954846454071e+04,1.716633930276177111e-01,2.108383142671777932e+02
2.462960781989000036e+00,2.929139971042999946e+00,2.043298849295000164e+00,2.052854416833019059e+04,2.369990737815990400e-01,1.621765068743098226e+01
1.566928373134000019e+00,3.710941502080999932e+00,2.868579849350000099e+00,1.180990823588127932e+04,1.388812257803523631e-01,1.047431025282791381e+02
9.150952830880000333e-01,6.258830458362999671e+00,9.584237239809999531e-01,6.081363544325969997e+03,9.708011360066538331e-04,5.164845396570589241e-03
2.807650487594000044e+00,4.640523904089000062e+00,2.741594386303999986e+00,2.405040250708558960e+04,1.084224413815321024e-02,2.063651256161266045e-01
1.176696110326000078e+00,2.244668504886000004e+00,9.877841866219999600e-01,8.294389944080478017e+03,5.366010337167601701e-02,3.123587927435269584e+00
2.142560702817999818e+00,1.330039712185999923e+00,1.401651853346000065e+00,1.732911922646770472e+04,3.276184015224134494e-02,1.462040658860497055e+00
2.660350366799999922e+00,5.993689885663999739e+00,1.876850161929999983e+00,2.253610869359357093e+04,1.450690561670419732e-03,8.027958200409119824e-03
2.040369646159000183e+00,5.395314293867000011e+00,1.392220784627000052e+00,1.632594257144630319e+04,5.889354033580929126e-03,2.746177229734252934e-01
2.136044229181000009e+00,5.133407897996000280e+00,2.719502269853999898e+00,1.726488368861225899e+04,5.049828973127942072e-03,6.620324966784112142e-02
9.453181072580000288e-01,4.793107840199999775e-02,2.640925687314000125e+00,6.329867026267564142e+03,3.096197958270523187e-02,2.315853762004857685e+02
1.285063985113999996e+00,3.570245699840000064e+00,1.583524465598000086e+00,9.247835066586638277e+03,6.283917530145541211e-05,3.888343368796711970e-04
2.419466864453000188e+00,3.568244798430999953e+00,1.269426429534000089e+00,2.008974325005345963e+04,2.981101328207139689e-01,1.194420105467186062e+02
2.105225908173999905e+00,9.906720243209999888e-01,4.663900203660000243e-01,1.696157834408455165e+04,1.189307381604757033e-02,8.975968640897930007e-01
2.532336931071999864e+00,3.053261873963999840e+00,6.074823617900000361e-01,2.123118168620211509e+04,3.516926592706084379e-03,6.921402016020664939e-03
2.201941238538000167e+00,1.809455983279000035e+00,3.334707734660000145e-01,1.791607020587081570e+04,1.666408042886134352e-02,5.888059086267078968e-01
2.474910789956000112e+00,3.522787673574999889e+00,1.181649360905000057e+00,2.064933737866030060e+04,1.934226570690398411e-03,2.418916821256889005e-03
1.102643408487999910e+00,4.088814647777000211e+00,4.500027790439999897e-01,7.654453841598726285e+03,1.229257386600350332e-01,3.613934613165244514e+01
1.081447906639999984e-01,4.554487131592000360e+00,1.274793177979000047e+00,5.153679539913022154e+02,7.481811418884635190e-01,5.186275193835484743e+01
9.777704100580000279e-01,2.792061775980000160e+00,5.735033036650000193e-01,6.598933274173485188e+03,2.769698704869226757e-01,1.365951825799961910e+02
1.919687847330999952e+00,1.544165223749000004e+00,1.824730992644000072e+00,1.515322460307816982e+04,2.375829183349281379e-02,6.763045977751720450e+00
1.526261740100999909e+00,1.976560603547000028e+00,2.738547381105000067e+00,1.143364002496247849e+04,8.200210359659272728e-04,1.065605820793738383e-03
1.784086321471000103e+00,4.533240436810999974e+00,2.392653061559999905e+00,1.385224082919777356e+04,2.130560686486898669e-02,1.341990331629333788e+00
2.201302917356000144e+00,1.368185860142000054e+00,2.691536294682999930e+00,1.790974541813141332e+04,1.384229104600914924e-02,2.573899856253758056e+00
1.937043431913999969e+00,4.246659653810000101e+00,7.219464448769999931e-01,1.532104277695167184e+04,1.326546608897074229e-02,7.306716524685097358e-01
1.911192358364000032e+00,1.486747851635999984e+00,2.463110317578999897e+00,1.507118325745068614e+04,7.382407849563975277e-02,2.964900547937252639e+01
1.999758327447999973e+00,1.681867887252999960e+00,1.083203412640999952e+00,1.592981312441035698e+04,8.702954516105675387e-01,6.432719474845924879e+02
2.892302781591999938e+00,3.656736981015999977e+00,1.788903048137999940e+00,2.492649483417578449e+04,5.096669577183391420e-01,8.169934403036218100e+02
1.999965372470000058e-01,5.057317638798999759e+00,1.311798751079999992e+00,1.008782671984239300e+03,3.355581486856929474e-01,4.990041386229846694e+02
2.233337466837999941e+00,2.735373319065999898e+00,2.191479838134999802e+00,1.822756097447080901e+04,6.656852062353284250e-02,9.620136162436393468e-01
1.301852408053000065e+00,5.826700919462999728e+00,9.075792957049999554e-01,9.397237240870857931e+03,5.655759198146371276e-04,1.302749112802723723e-03
1.386846787490000066e-01,5.568726050322999832e+00,1.002414207273000013e+00,6.740507010851631549e+02,1.286121719466909430e-05,9.444100565153286931e-08
2.264099833593999911e+00,1.994399279733999997e+00,2.463228285222000213e+00,1.853351838137487357e+04,9.053949980486260263e-03,1.567490677096856355e-01
2.643002522249000119e+00,9.861579729010000461e-01,1.154634709705000040e+00,2.235865009035012918e+04,1.505048003370815755e-02,1.386512493275550151e+00
2.061448892570000024e-01,8.711861056330000297e-01,1.174958825635999959e+00,1.043493889770061742e+03,3.679683802922151942e-03,4.520790197235930070e-03
6.263621014210000171e-01,4.203890807877000313e+00,2.060549893481999906e+00,3.822801824681924700e+03,1.138732892864436838e-03,1.470883975592925975e-02
2.484571280639999991e+00,5.820335855078000442e+00,2.502626598893999965e+00,2.074705997620598646e+04,1.435382778088114143e-03,9.732219090813838723e-04
9.825753662849999737e-01,8.480050986470000218e-01,1.413605740169999958e+00,6.638963473091931519e+03,5.891580564713242742e-03,4.407046792324271350e-02
1.836836653410000020e+00,1.256804618751999891e+00,1.202848405944999977e+00,1.435613773072389631e+04,2.186038123119933285e-01,8.448420232757389385e+02
2.398731909027000064e+00,4.398283644280000182e+00,4.352488880709999841e-01,1.988102551915021468e+04,5.164949434877551537e-01,7.657460702465526765e+02
2.202095132519999998e-01,2.382847880742999802e+00,1.434708690851999924e+00,1.123656017745412328e+03,2.407883168875673413e-02,3.913292748006281796e-01
1.054112151985999946e+00,5.233443260140999698e+00,2.594455064018000190e+00,7.240566834295361332e+03,1.851903777744058344e-01,3.221727527907648891e+01
1.573517586454999950e+00,5.611692241233000367e+00,9.940430340850000546e-01,1.187106893292758105e+04,1.120114758098297338e-02,2.881951815714691723e-01
2.418498473067999921e+00,2.855124932063000109e+00,4.268580348420000226e-01,2.007998858827185541e+04,2.824519494956544662e-03,1.416901591091571447e-02
1.709587430939999986e-01,3.198103757115000167e+00,1.163080726655999930e+00,8.476285303373063016e+02,1.746430912330349666e-02,3.799297513320259445e-01
1.129072563390000061e+00,2.309008732255999785e+00,6.807493962370000373e-01,7.881709474485527608e+03,4.398461199855098480e-02,1.652584750448334105e+01
4.764486365299999693e-02,1.237641226874000022e+00,1.035518048056000007e+00,2.177950348262771456e+02,1.097262227129840034e-01,2.472569627249205837e+01
1.025941434880000003e-01,2.761562822230999803e+00,1.032624310963000003e+00,4.871245674884655159e+02,1.760520374604851446e-02,3.532649122385339013e-01
1.463596528347000048e+00,1.551241268180000021e-01,1.996892855055999894e+00,1.085798393709569427e+04,4.735387453202804520e-01,1.721836794339929781e+02
2.597225238636999833e+00,1.865676003139000061e+00,2.142868053086000035e+00,2.189129825490445364e+04,5.105296830971546400e-03,2.957688193588665221e-02
2.876792508698000184e+00,1.357776107842000091e+00,1.310924033115000054e+00,2.476566584842874727e+04,7.134058755754917047e-02,2.069564606709370924e+00
