1.675813013586000100e+00,8.865644083020000066e-01,2.466840452721000165e+00,1.282724481150957217e+04,2.162584297697858933e-03,3.205472660303437804e-02
3.750087024139999725e-01,4.194234634916999660e+00,7.326185918540000230e-01,2.070914658266639435e+03,1.806759480723961198e-01,1.108907792666918795e+02
3.961619602000000101e-02,1.996811974022000058e+00,7.174950637960000321e-01,1.800463851458821125e+02,5.196243783131974242e-02,1.285883768213488487e+01
2.483548365120999968e+00,6.352712277819999587e-01,1.477637071785000034e+00,2.073670942311528779e+04,2.501619929082527644e-02,6.486966131087478438e+00
2.099035273904000132e+00,5.336958104728999785e+00,1.012438030059999994e+00,1.690074894523379044e+04,1.040582806458946788e-04,2.214082363312919275e-03
2.240660796214000161e+00,1.677654269462999892e+00,1.270327223728000110e+00,1.830033028877874676e+04,1.800313388780698867e-02,2.837718274125890616e+00
3.698812398929999801e-01,2.317739636998000119e+00,1.742756920988999925e+00,2.037756749709354153e+03,1.418022920598034772e-03,5.521758914165905176e-03
1.389857182310000050e-01,5.065335289042000255e+00,4.181728502190000252e-01,6.756421680746021821e+02,1.813039581378352754e-04,5.053275005863604039e-05
2.288414184311000188e+00,3.899098269983999998e+00,2.901152747444000202e+00,1.877586527811626365e+04,2.855784202646756680e-03,1.048527612242568761e-02
1.744297848525999894e+00,5.463047441012999883e+00,3.224089712859999901e-01,1.347409046857081557e+04,3.616545124713183706e-02,3.796008100256122564e+00
1.655044733923999978e+00,4.315179593316999629e+00,1.491453087573999969e+00,1.263212734631344756e+04,4.764231355816404140e-02,2.397303410295247872e+01
2.240643406389999814e+00,3.232291622822999866e+00,1.747815700017000040e+00,1.830015744225453454e+04,1.483735356575957218e-02,1.729326301152293466e+00
7.784415629559999772e-01,4.524119481708999579e+00,1.710555006244999898e+00,4.984672706046593703e+03,7.484049451937015152e-02,2.012712530226909280e+02
5.491185015339999920e-01,5.186102246623000234e+00,5.521265063069999979e-01,3.259965250007691793e+03,2.006593468482621712e-02,3.410151977711039506e-01
1.359831468662000109e+00,1.389789694002999898e+00,1.890311214588000110e+00,9.916504516720829997e+03,7.968694420539932377e-01,7.984874536113479735e+02
2.679686254332999784e+00,3.639882138117000121e+00,7.435478005760000064e-01,2.273412759092722263e+04,6.046822158343365117e-02,2.273584363803012209e+00
1.037415676543999909e+00,4.053693131431000296e+00,1.784873493632999963e+00,7.099230063668871480e+03,1.099061576689887125e-02,3.559472203762193976e-01
2.000592105817999844e+00,1.434496387752999924e+00,1.648267571534999920e+00,1.593793098462860871e+04,1.678108466084972383e-01,4.406099783813070658e+00
1.774657116753000086e+00,3.938953080216999858e+00,1.723309155024000061e+00,1.376247336683282265e+04,2.098473803552874939e-01,1.795455266005820150e+01
9.431588550570000340e-01,5.861507536307000166e+00,1.407364287870999986e+00,6.312045540352817625e+03,3.364111451733701186e-01,1.678653370297000436e+02
