2.910844213921000012e+00,2.007592784553000165e+00,8.399856607410000064e-01,2.511893330529751620e+04,3.062267282907466664e-02,2.011182621066830212e+00
1.593645555171000039e+00,5.583224923717000188e+00,2.193161458397999919e+00,1.205822469799998544e+04,5.900806601632110860e-04,3.342759691486980357e-03
8.242163331249999780e-01,1.454646449228000016e+00,4.442342812100000260e-01,5.346893218559628622e+03,2.561637118292645066e-02,2.222401803099790796e-01
2.791827957308000041e+00,2.413075529796000041e+00,6.299333603679999616e-01,2.388711350608391513e+04,9.009851894879754644e-03,5.391754352271833639e-01
7.743885129659999755e-01,3.160233304715999836e+00,1.057254972641000101e+00,4.952863433624616846e+03,1.224352213400352676e-02,3.824441580119137402e-02
1.284405593603999973e+00,1.832656078834000057e+00,6.851375132989999672e-01,9.241984918248615941e+03,4.026346096501279836e-01,4.489590530154596308e+02
2.892509906173999834e+00,4.342024866145999695e+00,2.079907206946999931e+00,2.492864347308449214e+04,1.607537612288470388e-03,3.247370907238189379e-03
4.975134386469999836e-01,1.294698881361000087e+00,5.457859326570000391e-01,2.895419261796774208e+03,2.387377041363852592e-01,8.029687978600229314e+01
1.934023461005000000e+00,4.468241622262000057e+00,9.159053129049999908e-01,1.529182086497009368e+04,4.546462128732702279e-01,3.364865821772996242e+02
5.908139580369999866e-01,3.840942151400000143e-02,1.409712739206000043e+00,3.561319178978259970e+03,1.660688503951053096e-04,4.098701269024001865e-05
4.400893924700000071e-02,1.472896281638000016e+00,1.225142793192000035e+00,2.006481234551061164e+02,1.885468940982215971e-02,6.218313623974430771e-01
2.147510693561000217e+00,4.764735777340000089e-01,4.221300970679999764e-01,1.737793694984953254e+04,2.892444267250706552e-02,8.345968826918270800e-01
3.133200504720000112e-01,3.277529893037999909e+00,2.399177595622000059e+00,1.679774665269888374e+03,1.076452730227405005e-04,9.670445889439789188e-05
1.301138241542999952e+00,3.744415019933000188e+00,2.973592710310000164e-01,9.390872882644440324e+03,2.101832378073796755e-03,1.729461561488422269e-02
7.241534749439999530e-01,9.284030671170000470e-01,7.732723413909999843e-01,4.562297850012660092e+03,1.900223012052202065e-01,1.695325368645778497e+02
2.082037079151000114e+00,4.991787385562999724e+00,1.888815447634000000e+00,1.673389295018233679e+04,1.055061243569549272e-02,3.696139047292154589e-01
1.513933547788999912e+00,2.225817978528000118e+00,2.282883360311000143e+00,1.131998682612538687e+04,6.544263887786462564e-02,1.199255033371405865e+01
5.088190280109999852e-01,5.366919677180000292e+00,6.431925730080000347e-01,2.974458561876065232e+03,2.177854841212937057e-02,1.511024463072521584e+00
8.851441001049999979e-01,2.681924253161999783e+00,1.493940655073999979e+00,5.837137942454379299e+03,2.951520578162780467e-04,3.734232918708999590e-04
2.771982121366999952e+00,1.797628642957000089e+00,2.445392653085999957e+00,2.368251391085696014e+04,3.961647557519342722e-01,1.026381512210436995e+02
1.468715258120000033e+00,3.511613627218999945e+00,7.072921740809999802e-01,1.090481165323480309e+04,4.963115965896726682e-04,1.313261573580059779e-03
1.401477656029000096e+00,1.467242871659000025e+00,1.030905147851000070e+00,1.029254905256178608e+04,9.480212537024725050e-02,8.020241939299118883e+00
2.362330539134999796e+00,3.976661299100999969e+00,1.741284434275000015e+00,1.951536164219374768e+04,3.586070062482416693e-02,8.343074113786419943e+00
1.794595930092000025e+00,1.301045499698000096e+00,1.218237445943000097e+00,1.395240394870921955e+04,2.986275112221350309e-04,1.839105125974154669e-03
2.405545189016999874e+00,3.121292609493000025e+00,2.328389150221000126e+00,1.994957386773427061e+04,5.393418477315287856e-04,1.298889101073312383e-03
1.583885961647000018e+00,4.917491937859000295e+00,2.454480099401000093e+00,1.196741547232504126e+04,8.585372851567334412e-04,3.167016222694658649e-03
1.038827501744000070e+00,5.253846539225000001e+00,5.972350946940000460e-01,7.111159895363778560e+03,1.692984411797351235e-03,9.759903464419393895e-03
6.824810628999999906e-02,6.099025914399999748e-02,1.761690652201999940e+00,3.165607192247744024e+02,8.055405789611384815e-03,1.219743557145937796e-01
2.944537368757000007e+00,2.130488881315999894e+00,1.038880806539000057e+00,2.546912249182610321e+04,9.442014045771803324e-03,2.109094481664673393e-01
1.349539817034000055e+00,4.904512232336999844e+00,1.186867797651999901e+00,9.823964241380337626e+03,5.019080285936217134e-01,5.983332343902833372e+02
2.282594954281000010e+00,2.859997062161999892e+00,2.446954527126000034e+00,1.871782219622498815e+04,3.669904356409137147e-01,3.160418777240039745e+01
8.162155702860000028e-01,3.830542739947000008e+00,7.683928188249999902e-01,5.283195133771382643e+03,2.456948386309306624e-03,3.776349477090434198e-02
1.164021314990999922e+00,3.422176682557999783e+00,1.529757359540000028e+00,8.184165234812814560e+03,8.373750424533860093e-02,7.867212991203137662e+00
6.298192484889999498e-01,2.320938353379999874e-01,2.104183419917000197e+00,3.848448240413176336e+03,2.630287942629263090e-02,9.621705589403646286e-01
8.963622887700000152e-01,4.635942222883000063e+00,1.006752850577999903e+00,5.928369766239466117e+03,1.493055595522676249e-01,1.955320955122562410e+01
2.928986549624000180e+00,1.759589472722999925e+00,1.959716793254999923e+00,2.530741665699665100e+04,7.047898983937796180e-02,1.451830857920445794e+01
1.467098229744999927e+00,3.001262718532000218e+00,2.694792354790000122e+00,1.089001478925810807e+04,2.196588597554964464e-03,9.580492214461552164e-03
2.214288951349999923e+00,2.885752110090000211e-01,1.037158224076000002e+00,1.803848151926784703e+04,8.967632714292739227e-03,2.218162696026120817e-01
8.522537130099999692e-02,3.204709503037999951e+00,1.747281523810999992e+00,3.999588797730561964e+02,4.916300382434397875e-02,1.503237483146165410e+01
5.500049639580000260e-01,4.452797744236000277e+00,1.276174604528000023e+00,3.266310195460713658e+03,9.703963247973533546e-02,4.014952457247063933e+01
5.262156231140000529e-01,5.716450272123999810e+00,7.218285017590000407e-01,3.096993966426515726e+03,8.824754777720789491e-05,6.537558182033393955e-05
1.226570681666000029e+00,4.091936388312999995e+00,2.677531251921999811e+00,8.730790910890264058e+03,3.602141782102476208e-03,1.574356761306359986e-02
2.343178367630000203e+00,3.344873801247000067e+00,7.917863224390000454e-01,1.932336156772489630e+04,3.808869241523230552e-03,1.546499411258225702e-02
