1.858341659383000000e+00,1.255502565280000038e+00,1.372658828008999965e+00,1.456237855263177698e+04,3.838517266499548442e-02,9.678623496787582825e-01
2.861341624800000163e-02,6.179467648502000365e+00,1.106494350583999919e+00,1.289968458013646000e+02,2.245730650336978749e-03,7.683032044279595844e-03
2.393223504359999865e+00,5.626532720021000245e+00,2.693279781793000094e+00,1.982562996621066122e+04,6.095971201138812579e-03,5.542329239247253958e-02
2.378133851443000157e+00,3.769033060899999732e-02,1.619170275029000017e+00,1.967399264833779671e+04,5.526759847667953203e-04,1.792495166008615777e-03
5.497176718599999790e-01,1.929904402872999913e+00,1.827317035100999965e+00,3.264253573030480766e+03,3.260959365591906915e-03,7.006408436073428836e-02
2.889594766271999848e+00,1.513059376408000034e+00,7.490755239159999634e-01,2.489840505572221446e+04,5.916417114926593446e-02,4.775140624973860604e+00
2.487399104457999943e+00,1.315044684464000024e+00,3.478070193999999726e-01,2.077567756607018600e+04,1.512223591659907565e-02,2.760560232853155951e-02
1.629810096711999945e+00,1.888491242413000037e+00,1.899153023578999955e+00,1.239571912438171239e+04,1.211799863970726941e-03,2.040880110278377180e-02
3.838524655069999736e-01,3.769176737202000194e+00,9.946156995270000190e-01,2.128372425004810793e+03,1.587289308770609142e-02,4.572917247454031942e-01
2.984391716049000109e+00,5.012386014502999920e+00,2.287771650287000025e+00,2.588415881340668420e+04,4.599109133651378412e-01,7.409458896949188329e+02
5.240243936289999960e-01,7.791813050679999852e-01,1.667229263882999968e+00,3.081499485598390038e+03,1.492600978815756272e-03,9.079086497993020186e-03
2.171807488678000109e+00,5.002906908390000185e-01,1.226766075997000049e+00,1.761785038814683867e+04,1.682762686412556385e-01,3.423145840851114485e+02
1.442613340520999987e+00,5.703630197951000014e+00,1.584684321229999915e+00,1.066639240993677777e+04,1.513146016121447168e-01,8.564662643004670883e+01
2.949224575945000204e+00,6.011102954857999947e+00,5.503412153229999548e-01,2.551788891601850992e+04,7.078209748450133010e-02,4.267079788229909809e+01
2.132644159532000039e+00,4.460806863032000358e+00,1.772348769344000097e+00,1.723138190395461424e+04,1.509687242678624253e-02,8.642814476637123988e-01
2.636028139577000218e+00,7.175835074249999890e-01,2.267347065097999881e+00,2.228736000087303546e+04,1.287095718696532748e-02,1.496872533556735108e-01
1.246176964420000061e-01,5.690752460340999797e+00,2.592042710084999868e+00,6.002748243571365947e+02,2.977512387041269019e-04,1.991526500504911307e-04
2.872713804233999912e+00,4.138770961789999703e+00,1.147505955251000076e+00,2.472339573874706184e+04,4.903317635701410354e-02,6.266253711665576986e+00
2.375469107046999984e+00,2.136581109989999838e+00,2.953772496470000064e+00,1.964723158834181595e+04,1.176599285893163054e-03,2.880804190030642961e-03
1.102278292442999907e+00,3.310339965279999741e-01,9.959329625099999639e-02,7.651323370889686885e+03,1.146269023247206784e-03,2.483380651187315317e-03
4.980783058409999908e-01,5.300038925275000423e+00,1.562916160386000008e+00,2.899357122270100717e+03,1.102538683216449170e-02,3.928783850676486611e-01
3.196682215189999843e-01,3.897742123332999853e+00,1.856235569931999896e+00,1.719225162562846890e+03,3.640016777497230571e-02,4.503683399765515460e+00
2.811577741514000195e+00,5.696950791199999892e-02,1.398553033515000044e+00,2.409095476415727535e+04,3.580782705174617719e-02,1.571577349234789533e-01
5.081348992090000127e-01,4.995799287978000436e+00,1.915911010157000050e+00,2.969662316469899451e+03,7.653783883721820835e-02,1.139876129552979478e+01
2.511038896097999906e+00,5.689297242679000277e+00,1.317100276719999963e+00,2.101512684003187314e+04,1.552318238241210679e-01,5.531483062016140906e+01
1.709157591005000087e+00,3.615524495364999868e+00,1.683486376025999931e+00,1.314153819096365442e+04,3.362845548714015788e-03,8.133288092079358697e-03
2.160129451511000109e+00,5.170348448997000190e+00,1.713014514631000074e+00,1.750247739270881721e+04,6.643925961221119371e-03,7.672273219063090011e+00
1.359294424642000010e+00,5.016191874767000236e+00,1.585184801662000043e+00,9.911671682715052157e+03,3.742085728777788112e-01,2.237058140650748896e+02
1.024669904887999916e+00,2.884257232977999852e+00,2.474504351179999950e-01,6.991709566370297580e+03,5.277497090745582840e-03,5.436102240740845470e-01
6.568925925470000537e-01,1.578474286138999982e+00,2.235481259339000104e+00,4.050580772030700700e+03,6.739845304394879479e-03,8.798786793047118360e-02
2.528837639719999864e+00,2.513401306545000047e+00,1.516528042680000132e-01,2.119566260249893094e+04,2.340217397997169935e-02,5.879043218023755069e-01
2.125371365183999828e+00,1.659700842092000084e+00,2.430975521723000021e+00,1.715975368433852782e+04,1.718245047412073588e-03,2.001111402505755324e-02
1.826160479137999948e+00,5.177237726492999847e+00,1.896437121776999968e+00,1.425392289094078660e+04,3.856011991997768118e-02,2.065419332622914084e+01
2.537757354939000010e+00,5.034421921376999620e+00,2.093120784019999903e+00,2.128621721460422123e+04,9.637070015149208357e-01,2.853936549629266892e+02
1.292438301989999871e-01,6.263292431953000339e+00,1.691824390669999900e+00,6.244090692102181492e+02,9.799078877233088653e-05,3.255485384053346734e-05
2.330601536645000138e+00,4.564799862507999961e+00,2.153952152745000070e+00,1.919742716480442323e+04,6.904319835361648339e-02,2.227036799482064211e+01
1.536842327169999911e-01,2.869976014649999740e-01,1.953786702107999984e+00,7.539834062936033661e+02,1.399086363688840408e-02,3.268837047033208876e+00
2.482682663550999980e+00,2.418839974807000193e+00,5.258230876470000315e-01,2.072795023095388751e+04,7.620695143871906996e-02,1.460208498339247152e+00
6.303662238420000286e-01,2.757223702030000001e-01,5.885945155389999961e-01,3.852509370143719934e+03,7.998248711222546437e-01,3.840115676786454060e+02
1.644639564040000002e+00,5.377060319636999708e+00,2.580785169809999835e-01,1.253455770439128901e+04,8.497209364940139448e-04,5.402055080238383003e-03
1.663081330133000080e+00,3.307485474652000157e+00,1.450674982285000025e+00,1.270757235316043989e+04,8.627533034494777424e-04,2.472891390071870268e-02
2.378264469954999960e+00,3.625611085111999810e+00,1.430145243142000089e+00,1.967530453572813713e+04,5.311164135691076593e-04,6.191513540733903885e-03
1.580340515772000076e+00,2.433180766302999842e+00,1.125874658504000037e+00,1.193445516845246493e+04,1.751755287859211585e-01,8.403761028106245590e+01
9.176658593519999574e-01,7.126534643009999614e-01,1.091487889187999993e+00,6.102420118691540665e+03,3.304356964938483243e-02,9.751449888530128174e-02
3.691003769930000233e-01,3.461370546322999786e+00,1.330298575415000073e+00,2.032717173544401021e+03,1.720745336857558644e-03,9.516742838383883060e-03
2.495443889560999828e+00,2.927985205915000222e+00,1.591665723228999907e+00,2.085712089048646521e+04,1.365061555691628459e-01,7.024321358434725937e+00
7.271895233080000187e-01,5.267373364409999592e-01,1.788257190586000078e+00,4.585704578228400351e+03,3.772411847804119645e-01,5.191593266721502005e+02
1.939269896941000049e+00,2.367531460980000002e+00,2.441565710829999958e+00,1.534259208091257460e+04,1.823644526833237134e-01,6.011475023389192529e+02
2.594575797133999995e+00,1.844611859260999909e+00,2.191391512227999883e+00,2.186429089796798871e+04,6.625055151819400079e-01,5.547436257192208586e+02
6.556120981909999701e-01,2.453455030100999856e+00,1.850848358696999929e+00,4.040969431824895764e+03,1.486253637327950928e-03,2.904956629307268393e-03
2.199009718406999880e+00,6.806690283709999623e-01,1.066584451153000046e+00,1.788702602546508206e+04,3.703974345939549102e-04,4.863553409380137055e-03
