2.877263976926000222e+00,1.032141134443000041e+00,2.648147513361999827e+00,2.477055257451248326e+04,1.337980587784736719e-01,3.312744479652325325e+00
4.696776084789999750e-01,4.383377840299999828e-02,1.152779830707000075e+00,2.702853674632567618e+03,8.422189181610084674e-01,9.815823726674802856e+02
1.595033287621000051e+00,3.946825592343000011e+00,2.601818251201000187e+00,1.207114638280053259e+04,3.121906086200245123e-01,1.454208310709963428e+02
4.165866527320000179e-01,5.602430817003000385e+00,1.628476193185999898e+00,2.343935829088420178e+03,4.755279940658523573e-03,9.278129463502522711e-02
2.917352732896000056e+00,4.158703783524999587e+00,9.789433519879999768e-01,2.518653004972104100e+04,2.145950198022873907e-03,1.282855604214959595e-02
2.559394797878999928e+00,4.810636983679000167e+00,2.452137882040000161e+00,2.150610576637289705e+04,5.440127746302826292e-03,9.979520239649025681e-02
2.770538635297000063e+00,4.527062701209000117e+00,5.234065410879999991e-01,2.366764153857382917e+04,4.690275849152135586e-03,3.089439849220492612e-02
2.887643742903000188e+00,1.650518665222000081e+00,2.990593871780000135e-01,2.487817000330509472e+04,2.981916876082468543e-03,2.557956954185774262e-02
2.866547647244999997e+00,5.070991928369999791e+00,1.704031784601000021e+00,2.465951014356972519e+04,3.460834837000690278e-01,6.514552128864137615e+01
2.119280121204000000e+00,5.383826149896999702e+00,2.046021071664000157e+00,1.709979655051649024e+04,1.954097164300575874e-03,8.984743049966766731e-03
2.836013556513000022e+00,4.117113410129999984e-01,1.834902354001000102e+00,2.434347849646017494e+04,1.278592024870392821e-02,1.075458964012247165e+00
2.628727513499999890e-01,2.461234676988000025e+00,1.955026862053000025e+00,1.373112808696026605e+03,2.978083740893469264e-03,9.039888737462725699e-02
2.730133916954000206e+00,5.392850562208000298e+00,1.683501851476000066e+00,2.325185739649935567e+04,1.846514774740088891e-02,2.446318293081561623e-01
2.315827923874000049e+00,4.837416044233999735e+00,1.241801016853000039e+00,1.904964710761221431e+04,5.625551532225121776e-02,7.807678674008782238e+00
1.218999908607999894e+00,1.203684994837999955e+00,1.698863926543999980e+00,8.664277186848807105e+03,1.174299176777261061e-02,3.626204418450479916e-01
6.454309166239999840e-01,2.344624502423999779e+00,1.303022329170999916e+00,3.964729047042394541e+03,1.785717469782716060e-01,2.908023881160356723e+02
1.601111197153000099e+00,1.310778737104999925e+00,1.620598923858999951e+00,1.212776739583964081e+04,1.570816148475744772e-02,1.544022698170057772e+00
1.282739586599999926e-02,1.097942009152000020e+00,7.771586556130000156e-01,5.715090202675935416e+01,5.474964916520133791e-03,8.578057521917525907e-02
2.757304112610000080e-01,3.559140479657000089e+00,2.434514929660999805e+00,1.450097364483079900e+03,1.620844030272497807e-02,1.753414201880923340e+00
2.727721414079999906e+00,2.316220695585999856e+00,1.778992685339999991e+00,2.322706291121268441e+04,9.957761895429536811e-04,4.369438093349714038e-03
1.644721194836999967e+00,5.659113908222000333e+00,7.336583095730000448e-01,1.253532267047347523e+04,1.068744896964275194e-02,5.640197700757376253e+00
1.603653801309999904e-01,4.193063129945000078e+00,1.349368243897000053e+00,7.900019107236638547e+02,2.441431532556022910e-01,8.210442537169431887e+01
1.398414876306000032e+00,2.285869736580000033e+00,6.537083386119999506e-01,1.026480902917194180e+04,4.823653192093084615e-04,1.573628744529288249e-04
2.069232884218000112e+00,2.209388914572000040e+00,2.697540719620000194e-01,1.660837038409444358e+04,1.654074351224387729e-01,2.317722167519619632e+02
1.666611468714999988e+00,3.783140604611999969e+00,1.058100089562999946e+00,1.274073561418719328e+04,1.323382113507287237e-03,3.758929188455726461e-02
1.686728531243999907e+00,2.408089518259000084e+00,3.354944120489999904e-01,1.292999277982639614e+04,1.396681900559162103e-02,9.396437145767597143e-02
2.005004137684000209e+00,2.336905273564000129e+00,1.690925340056999904e+00,1.598089806449899879e+04,2.738979016384792894e-02,1.735775109293699714e+00
1.747987959939999891e+00,1.671604233847000076e+00,1.890160226452999970e+00,1.350909011295840901e+04,1.037592264274057319e-01,1.464365774300319067e+01
3.403548520349999884e-01,4.386626484121999958e+00,1.557722932941000060e+00,1.849074201137135333e+03,5.428978395036409936e-03,4.527344404304826497e+01
2.627693126411999813e+00,1.848946879102999930e+00,1.028541724906000043e+00,2.220220269736282717e+04,3.219376268116476208e-04,1.579292061018261343e-03
2.551025389633000184e+00,1.146162458462999911e+00,2.812959010970999874e+00,2.142101540248384117e+04,3.397516256049875477e-02,2.826985097218526199e+00
2.003816263113999963e+00,1.038743527308999992e+00,9.781703392460000535e-01,1.596932807352145210e+04,2.444903997115390696e-03,1.282781515165177209e-02
2.314895776986999998e+00,4.571258915976000203e+00,1.417891522811999927e+00,1.904032837287041184e+04,1.354030235261721379e-02,4.688970696100648872e-01
1.805973019916000011e+00,5.728766578009000021e+00,1.753969268309000018e+00,1.406096451937001439e+04,6.987669517919553597e-01,8.323718241055856879e+02
3.618868213040000170e-01,8.834336200710000142e-01,2.159140085128000042e+00,1.986288273775473272e+03,4.118449895941485653e-03,2.517574964100155466e-02
6.077404585079999588e-01,5.222159246790999632e+00,2.196519793095999873e+00,3.685315217512511026e+03,2.583925383469355408e-01,1.119682318663259650e+02
6.742482957650000053e-01,4.485784053807999605e+00,1.807835362365999954e+00,4.181342871686859326e+03,6.540665314672275410e-02,1.919668550525192430e+01
1.516416543307000042e+00,2.774230179737999791e+00,1.077316418182999946e+00,1.134286180054537181e+04,7.377147946144953228e-02,1.944638962029093365e+00
2.649206630322999967e+00,5.080978707054000232e+00,1.800267841393000001e+00,2.242209267887580791e+04,6.703567769205228712e-03,5.451001243453312134e-02
1.277672322087000101e+00,1.570336084060000026e-01,1.473657905238000110e+00,9.182195415723672340e+03,2.742872928133233482e-02,1.918339669762799904e+00
1.820785898160000027e-01,2.057356980679000191e+00,1.089499092395999957e+00,9.087937070591469819e+02,1.754774739274977402e-01,9.485293923535422778e+01
1.052436572431999950e+00,4.566924257525999842e+00,2.906270305167999890e+00,7.226358142707471416e+03,1.024894582504299071e-03,1.673518413164025703e-03
1.546694660148999922e+00,5.203841903975000349e+00,1.169319792503999977e+00,1.162243634420706803e+04,2.931341301170943547e-02,7.180001506509698572e+01
1.550078223397000077e+00,1.308601517203000109e+00,1.563173740851000026e+00,1.165375060901108191e+04,1.301237467214261950e-02,1.928666844007173586e-01
2.613986906895000129e+00,5.518129441251000245e+00,1.698274366663999890e+00,2.206226569694463979e+04,5.345925384633716006e-03,1.191555852608226357e-01
2.565360617885000138e+00,4.400464369507999685e+00,1.401311698486999990e+00,2.156678762605890734e+04,3.704399944270385554e-03,4.207823640641145113e-02
1.390487921462000065e+00,5.314886596524000417e+00,1.725049039366000070e+00,1.019307533404688184e+04,7.442292727039055353e-03,1.099315366633110275e-01
2.251417898996999956e+00,4.480711535616999974e+00,2.063053356415999851e+00,1.840729623290063682e+04,3.355626058001086147e-03,3.718022404605087622e-02
1.272989015010000058e+00,2.574851302780000184e-01,1.695353999102999998e+00,9.140651152126290981e+03,2.392297154189161335e-01,2.680288644914279672e+01
2.572793353238000069e+00,3.008699289097000129e+00,1.127854794792999993e+00,2.164242326266320379e+04,5.279888608658157671e-03,3.989592709723558533e-02
1.526495852322999891e+00,5.333033965361000384e+00,2.729716717895999789e+00,1.143580017909662456e+04,1.705702557302501698e-01,3.985287209807020758e+01
2.251304431022000063e+00,9.153054720000000644e-02,1.711364504315000090e+00,1.840616746260704895e+04,3.349473924300339772e-03,2.196591224520717534e-01
