2.018901684619999859e+00,3.060885757633000193e+00,1.246301877222000032e+00,1.611635601863448210e+04,1.115581101338051634e-01,5.873799410725685988e+01
1.706446248795000065e+00,4.014730726332000010e+00,7.873827773929999996e-01,1.311593565735601442e+04,7.293580784947076290e-02,2.834710013177909715e+01
1.452888446063000050e+00,5.445091318363999733e+00,1.083750672912999979e+00,1.076013699911107869e+04,2.692248080082433603e-02,1.804975211527048540e+00
5.091044160890000336e-01,2.761259446112999782e+00,2.688933663293000098e+00,2.976459849114736244e+03,1.740202261645019933e-04,1.481853373986091380e-04
2.478851726544000211e+00,1.893646533870000093e-01,5.708126533430000205e-01,2.068919491340195600e+04,5.347865291587788200e-02,1.281829178885202403e+01
1.527441205179999872e-01,7.019362461560000321e-01,1.328274373568999911e+00,7.489355939089315370e+02,3.305848830838050388e-03,3.837075427101271224e-02
1.263601383811000067e+00,5.880358724786000302e+00,9.305585677119999621e-01,9.057480978865152792e+03,6.490784493974787600e-03,1.581628477285768608e-01
1.041527939062000030e+00,3.003504669360999912e+00,2.461477660672999779e+00,7.133989456801674351e+03,3.029504617691674423e-03,2.258389132308739541e-02
1.822889900737000080e+00,1.066062612189000003e+00,1.404289874448999997e+00,1.422263325068480117e+04,6.103034682153154512e-03,1.548507320743827687e-01
2.895617068109999970e+00,2.852041563396999990e+00,1.356815035149999904e+00,2.496087901466480253e+04,1.001364150401694159e-01,1.266966152028403343e+02
7.966240637770000133e-01,4.669810309916000435e+00,2.353678711844000127e+00,5.127905108012098026e+03,2.084245620438626451e-03,1.768747016377075765e-02
2.522952296740999856e+00,1.680228902139000002e+00,2.108186580091000017e+00,2.113594283311113395e+04,1.896812145485052281e-02,2.312970839116807564e+00
2.243572687103999819e+00,5.829645911813000403e+00,1.950704872738999951e+00,1.832927644301363398e+04,9.218964902037726783e-02,1.196447003585087288e+01
2.049068685766000097e+00,2.765595031200999809e+00,2.177675551505000140e+00,1.641098583621454236e+04,1.706709749341540627e-01,1.290711214364220760e+00
1.782170973973999928e+00,2.028953573177000091e+00,1.835078666467000019e+00,1.383399884981694231e+04,5.694642116059704141e-03,1.217956963017815392e-01
7.820374253520000485e-01,2.612720403417000181e+00,2.499326379358000061e+00,5.012930255672629755e+03,4.031074118076030666e-02,1.049825801516509927e+01
