2.743622225398000047e+00,5.746219701238000077e+00,6.248405600440000152e-01,2.339054875695947339e+04,2.708643639580915474e-01,9.318421389250300990e+01
2.057841635519999990e+00,4.416122758949000193e+00,1.920371205236999890e+00,1.649681923281370109e+04,2.742261035234940143e-03,2.253168306868299272e-03
1.545749146082000092e+00,2.002253750162999779e+00,1.116402598265999968e+00,1.161368834882818373e+04,9.532409819294166298e-04,2.511650468546806209e-03
2.635007485921999848e+00,2.191500786659000166e+00,1.572725454528999922e+00,2.227692978212656817e+04,1.411524751089325916e-02,9.872947286782873810e-02
2.512906784689000084e+00,1.160634866299000034e+00,2.084657473373999981e+00,2.103406308068374710e+04,1.317833110979647893e-01,6.332504338796665166e+01
1.029187405882999951e+00,4.639698278674000420e+00,1.875619326685999955e+00,7.029780906055211744e+03,4.802439783630269542e-03,2.596956956187051937e-03
6.338977190529999639e-01,5.751438627575000240e+00,8.778009701790000507e-01,3.878752366000365328e+03,1.024061733148032803e-02,3.848326766231845997e-01
2.528356349675000114e+00,6.142429433510000480e-01,2.256408087717999944e+00,2.119077797786204246e+04,3.702329228368347186e-02,5.815192072542831880e-01
2.305554288905999893e+00,5.182305682892000220e+00,4.824559683590000092e-01,1.894697715210742172e+04,4.757680618905564193e-03,5.331932838941316755e-02
7.990048687899999891e-01,4.770835401093999728e+00,2.173166832991999975e+00,5.146723673281696392e+03,7.960245275898517048e-02,8.996053247573817302e+00
2.437027161406000175e+00,5.103868441279999502e-01,1.650832297166000107e+00,2.026674476654444516e+04,2.559518762918053594e-03,4.138057820416859989e-02
9.220213977519999826e-01,4.939614774403000119e+00,1.448536801318000000e+00,6.138132100970171450e+03,2.121297745815006394e-02,2.280020799327581837e+00
