9.690905373629999930e-01,2.234416945641000130e+00,1.655460833680000077e+00,6.526745327279880257e+03,2.851403272853687138e-02,2.541442138470905832e+00
2.933782656492000207e+00,1.320502135876000072e+00,2.807012813714000021e+00,2.535727483550365650e+04,4.622092329187922101e-03,1.213427772134074989e-01
9.198515478569999626e-01,5.149369823552000014e+00,9.452809974179999797e-01,6.120335690273263936e+03,6.896412284132269780e-04,4.464955686103334463e-04
2.097877427893999780e+00,3.172173896577000107e+00,1.611595794465999987e+00,1.688937554185174304e+04,1.887611930680659078e-02,4.951855059710011941e-01
1.983319534630000047e-01,2.013297761287000220e+00,1.569128868476999950e+00,9.994200944106934230e+02,6.292970635005172520e-04,4.614818385788591526e-04
2.821310904890999893e+00,4.493451666381999665e+00,1.731986846385999979e+00,2.419149704127941368e+04,1.979243628748020012e-01,2.009960573421972470e+02
2.832361561678999884e+00,5.355686571387000328e+00,1.756127646743000037e+00,2.430571602911468290e+04,1.507513324908670571e-01,1.034284557006549363e+02
1.763666857974999891e+00,5.251823118895999620e+00,1.433496741386000028e+00,1.365796314812989658e+04,1.626217763082496437e-01,1.267695715106150800e+02
1.895457186817999906e+00,5.507826754951000048e+00,1.570031516712000030e+00,1.491941187391108178e+04,2.563422092596800428e-01,1.085544417722865091e+02
2.746508658436999983e+00,4.486332693111999781e+00,2.704325993589999921e+00,2.342024239761805802e+04,1.441628549298649142e-01,3.945609090695958088e+01
1.127896907145000016e+00,4.108850263650000167e-01,7.045411544509999624e-01,7.871573181845385079e+03,9.523733675752742434e-01,3.311840834930036976e+02
2.851843698978000052e+00,3.413120511370000276e-01,1.615849444073000019e+00,2.450725527354711812e+04,7.857643128100553695e-03,1.551521905412027447e-01
2.932814528335999871e+00,5.140157675759000178e+00,1.470733949260000006e+00,2.534720957704515604e+04,4.247872216756314913e-03,4.676685140821073422e-02
1.611589872169999937e+00,3.648853668659999827e-01,1.807235363615000034e+00,1.222548954278657766e+04,8.803037657830699303e-02,2.988695760679498790e+02
1.455578530596999931e+00,8.111171187250000303e-01,1.201212190399999935e+00,1.078470355950589328e+04,1.048703255279909152e-02,7.573170651926551533e-02
2.383944467032999892e+00,5.079722309412000314e+00,1.005850510366000039e+00,1.973236448671759354e+04,2.226835590686501807e-03,3.801715000070234746e-02
1.436831549854000079e+00,4.665844565426000123e+00,4.659766855220000004e-01,1.061370574627455062e+04,3.698801008025659823e-03,2.836899733956655539e-02
1.452309577117999906e+00,2.729989025549000026e+00,1.089339206410000038e+00,1.075485189580718725e+04,1.064594820061990840e-02,1.350904026567898396e-02
9.386551977639999711e-01,4.214244230355999932e+00,1.525288682552000008e+00,6.274907444075125568e+03,6.399029849945063421e-04,3.416999955825443525e-04
2.796414474765000158e+00,5.120656465794000134e+00,2.305570446464999979e+00,2.393443127359267964e+04,2.930935698292580840e-03,1.425638598924785540e-02
