2.116994921348999803e+00,3.849891754035000169e+00,2.402622457072999929e+00,1.707731102385129634e+04,1.370730599255663013e-02,5.857912315360135347e-01
1.425476535422000035e+00,5.588226034557999711e+00,1.046951179656000042e+00,1.051036671680262589e+04,3.101210602230586311e-01,9.628945298001008268e+01
2.457647180687999811e+00,2.452694753888999823e+00,1.457602919750000003e+00,2.047486508396137651e+04,2.712844633006661899e-01,2.728091597715151195e+01
1.725457868712999998e+00,5.192242959016000192e+00,1.695769758938999949e+00,1.329562888887855843e+04,2.967246495715235993e-03,1.043365415700229018e-02
2.175215471955000091e+00,4.013392227481999974e+00,1.486179317453999893e+00,1.765154058747332238e+04,2.197248160344217674e-03,4.649823638417668187e-02
2.700121025869000047e+00,5.571548318722999937e+00,1.308244556241999978e+00,2.294365417987087130e+04,6.089929463113384449e-03,4.281400160371978680e-02
2.084447263114999949e+00,4.732853345680999801e+00,9.906792610100000340e-01,1.675753643066870063e+04,3.712486409530171361e-04,5.429058004553867544e-04
1.646415745217999937e+00,1.532624587506000058e+00,1.363445326464000074e+00,1.255120413212250060e+04,5.877494370767512646e-03,1.575378322496313530e-02
1.626395321680000006e+00,3.619856991184000172e+00,4.939172967980000051e-01,1.236378535615127475e+04,1.207802316638576373e-01,2.618201522097305087e+02
4.558685236460000012e-01,2.232611824251999888e+00,2.204659431181000162e+00,2.608424317068202527e+03,7.804814821593997198e-02,2.540232546842809747e+00
1.201895214706999893e+00,3.760566563492000025e+00,1.664672646622999963e+00,8.514354902069779200e+03,3.539542335351517632e-01,4.656676226956729892e+00
2.644364444592000041e+00,1.754897247840000007e+00,1.781990073605999925e+00,2.237257487613252670e+04,1.985093810022177645e-03,1.054676340453292172e-02
2.223652331422000028e+00,4.177217491580999642e+00,2.170628380663000012e+00,1.813138832700490457e+04,5.274543045899012482e-03,1.544402521811794049e-02
1.018379144760000049e-01,1.772768496455999987e+00,1.374141279325000076e+00,4.832910702888867149e+02,9.159268399584832160e-03,1.444935102831740314e+00
1.876924277497000082e+00,1.595453254112999986e+00,2.172534431080999973e+00,1.474096459024924661e+04,6.925657307594246248e-02,2.120166424807638617e+00
1.787009448520000099e+00,5.907089487668000238e+00,8.835740559900000513e-01,1.388008843915865873e+04,2.193059386699489424e-02,7.389182778790641670e-01
3.338006128039999743e-01,3.446217402590999956e+00,6.868215401199999626e-01,1.807721274449287193e+03,3.796717267541156737e-02,6.436182446036263771e-01
2.105868691272999804e+00,3.229304500706999814e+00,1.534924687488000039e+00,1.696789622726861489e+04,3.399400949093851591e-03,7.716157853196484728e-01
1.330219795732000110e+00,5.472191782830000406e-01,1.167029267883999966e+00,9.650667104433750865e+03,4.974145617085515975e-02,9.795942748815260614e+00
1.974903908222999993e+00,2.256067196479999981e-01,2.195046474768000078e+00,1.568811653120558913e+04,3.582569429268685993e-03,1.924078163849550147e-02
1.692208290528000036e+00,2.265022347697000171e+00,2.142168605365000200e+00,1.298162454982042436e+04,5.695875191377651990e-04,5.858297327212089178e-03
2.499172021650999831e+00,4.909109978036999777e+00,2.435458017381999962e+00,2.089487858340145249e+04,1.155751105724060583e-02,1.493012146125934358e-01
2.457624689776999993e+00,5.001162030279999726e-01,1.033103153305999999e+00,2.047463791808005044e+04,1.805509642991647012e-02,1.239801865827934446e-01
1.373388757612000077e+00,3.945974610302999785e+00,1.307382781755999979e+00,1.003864545214105237e+04,1.160979329455402026e-02,1.051380082679177042e+00
1.611485269514000063e+00,5.746671452586999962e+00,1.110309999272000026e+00,1.222451338928853693e+04,2.928099876100265786e-01,1.357149298519002514e+02
2.416927052219000061e+00,1.657276396661000017e+00,3.064307857983000094e+00,2.006416099977017439e+04,7.886244479234983881e-03,4.888479712446652137e+00
2.908753426927999985e+00,4.039042885324000132e+00,1.967289197279999957e+00,2.509722367649334410e+04,4.308225624410643578e-03,2.616484178609526992e-02
1.124546803806000028e+00,2.154298377950000010e+00,9.092293367320000153e-01,7.842703000414186135e+03,5.893324211910379029e-01,3.662575420460489113e+02
8.352938489369999830e-01,5.257351704911999768e+00,2.478615733328000115e+00,5.435351844808827082e+03,5.627368013286333098e-02,5.985483199025422252e+00
1.631601229983000056e+00,6.121153978079999503e-01,1.332076751463999953e+00,1.241247465492637639e+04,5.524617269835112310e-02,3.519319072360173717e+00
1.295127600362000031e+00,5.688032744350000058e-01,1.981912302690999939e+00,9.337339781642982416e+03,6.577842811092320455e-04,2.879277212612772622e-04
9.948804856870000490e-01,1.987813917003000030e+00,2.070526809562000192e+00,6.741699207132694937e+03,1.357819451083279103e-02,6.579269933226118694e-02
2.535910491260000121e+00,1.167195860272999930e+00,1.576906545144000082e+00,2.126746312277320249e+04,2.983190242767357406e-02,1.100390734587348485e+00
1.821995260647000014e+00,4.244734342420000139e+00,1.872331262174000033e+00,1.421407612850674741e+04,1.231568830269406554e-03,5.169582534916906946e-02
1.911220439630000045e-01,2.994282126980000180e-01,2.530944814050000158e+00,9.590407558789543145e+02,7.636394935150408840e-04,1.044061899703555138e-03
2.621026035611000005e+00,5.353106726282000238e+00,1.333484297442999900e+00,2.213411830775697672e+04,9.251561600800051188e-02,2.783396560531418729e+01
1.388249315610000090e-01,1.039693331667000065e+00,1.831609760145000099e+00,6.747920922309533580e+02,2.253891360529289636e-02,8.889282597759218252e-01
4.424171180700000039e-01,2.940140397650000015e+00,2.370302610673999943e+00,2.517158959842712648e+03,1.440721687803574354e-03,3.189477093577671590e-02
1.839370681783000006e+00,4.182890665883999937e+00,1.864850548293000010e+00,1.438041577345884798e+04,2.680400171077188757e-03,1.615899641154260394e-02
2.450152907467999963e+00,4.078943946253000163e+00,2.072701712864000179e+00,2.039918995382621870e+04,2.122562459147804004e-01,2.109661901807893969e+01
1.921441562982999951e+00,1.349157624884999906e+00,1.348861165940000051e+00,1.517016894055698867e+04,8.539861610378236823e-02,8.251975113913399440e+00
4.909504527640000116e-01,4.300816689229000289e+00,1.599188668350000064e+00,2.849753873246092553e+03,3.506134013495210144e-01,1.797222658590224285e+02
1.833764548019999996e+00,2.946839664449000029e+00,4.139486296880000027e-01,1.432671319695309649e+04,2.604695943850106766e-03,8.050824728896741403e-03
2.558756927304000062e+00,2.910390329205999826e+00,1.168258045308000037e+00,2.149961900572392187e+04,1.133968958593839678e-03,2.200110016089423109e-03
1.209035811216000011e+00,1.935554450403000004e+00,2.528328447054000172e+00,8.576882317336961933e+03,4.040736316527746355e-03,1.293233843843653863e-01
1.971156427349000095e+00,2.782590011288000209e+00,1.784687078586000064e+00,1.565172348272707313e+04,3.626556271110164664e-03,2.332156025831204002e-02
1.782473635432000103e+00,2.785635254286999984e+00,5.704789742710000278e-01,1.383688117409104780e+04,3.967796379849328897e-02,4.401969570156624711e-01
7.332534496610000341e-01,2.558200466599000134e+00,1.626538842713999955e+00,4.632532455686609865e+03,3.951993693462510504e-02,7.729238198284105188e+00
1.539054416081000021e+00,4.291140167323000298e+00,1.720850141964999969e+00,1.155178016309527447e+04,2.988147962073014682e-02,2.541381571655738636e+00
2.609697730170999819e+00,6.155080238047999863e+00,2.017824611896000153e+00,2.201849917133618146e+04,5.875727418079966340e-03,4.393375342313931425e-02
8.042908820290000094e-01,4.189879562070000230e-01,1.080050084640999941e+00,5.188558134646918916e+03,3.262386888037142052e-01,7.958250959237612676e+01
2.233372500136999950e+00,1.668434789421999964e+00,1.952179520767000076e+00,1.822790898717261734e+04,2.380130101644255258e-02,5.460709310619215273e+00
4.612555378250000060e-01,1.894378351250999959e+00,2.712158785015000184e+00,2.645173676094264920e+03,5.511358332103796775e-02,1.828767781350501309e+01
1.677737281750999898e+00,5.607263089218999852e+00,2.471301997322000066e+00,1.284534818546008319e+04,2.066349570875049627e-02,6.676527729227841323e-01
1.303540402889999950e+00,2.528274459259999940e+00,1.466199448942999917e+00,9.412283084744429289e+03,1.099537700152925911e-03,1.284430793286865310e-02
