1.924514170783999889e+00,5.252896620458000321e+00,1.500322557777000076e+00,1.519986345838142370e+04,3.358580580211116551e-02,3.864249772924662985e+00
1.236001541834000017e+00,4.365157593110000178e+00,1.840028337569999950e+00,8.813779119398595867e+03,1.007526666065213525e-03,4.864022938826346315e-02
1.527479874813000071e+00,3.252284956758999979e+00,3.041782541403000195e+00,1.144488052137422528e+04,6.933616506081620489e-04,1.141590500556315308e-04
1.692250419330999955e+00,3.522994805670000007e-01,9.688818318980000344e-01,1.298202162950086131e+04,7.226040727239079267e-03,8.195830201343654031e-02
2.310931414350000157e+00,6.116070055248999715e+00,9.651254144249999944e-01,1.900070370141249805e+04,8.121564174115043777e-02,8.030959246090958459e+00
2.630649512474999785e+00,4.653855041156999661e+00,1.082006480598999953e+00,2.223240246414302237e+04,1.765315780443456870e-04,1.780653655277397327e-04
2.474366649423000108e+00,4.679082896978999706e+00,7.667951030259999579e-01,2.064383493740676568e+04,8.909768139991368352e-02,2.875636063217701821e+00
9.874820200249999624e-01,4.616324132424000304e+00,7.815665323649999552e-01,6.679891180052655727e+03,7.621601315427242035e-04,7.248952931436495229e-05
1.952996404879999981e-01,2.163369865730000008e+00,2.462293689768999982e+00,9.824031399700904785e+02,6.295992746563519593e-02,4.568694723946079561e-01
2.297940989164000136e+00,3.371885307360000250e-01,1.349774551327000083e+00,1.887094496930959576e+04,1.487505781731967430e-02,4.810248154486026273e+00
2.535171263872999958e+00,3.425229248612999822e+00,2.580068907398000100e+00,2.125995723380779964e+04,1.807366324763604037e-02,3.749158291725127740e-02
2.878815485319000000e+00,1.162240491034000067e+00,2.146845630489000012e+00,2.478663471562668201e+04,5.738619606855912235e-03,1.949796618642556448e-02
2.849191441421000004e+00,5.677437532281000010e+00,2.710571711421999819e+00,2.447980521872356985e+04,1.314311092902329947e-01,7.131154916413990463e+00
2.071850173801999873e+00,3.658431734356000220e+00,1.538240902784000053e+00,1.663401672411280379e+04,1.021153868719379583e-02,8.973745738416782913e-02
2.686549464926000219e+00,2.105711719660000036e-01,1.437108985205000078e+00,2.280447007927691084e+04,1.440945461850056883e-02,3.370866934041304164e-02
6.340781394550000227e-01,3.229768641431999932e+00,2.908906758700999795e+00,3.880094146526989789e+03,3.588195824704555267e-03,2.824527562619979105e-03
