1.271951226337999952e+00,1.499547426611000045e+00,1.176417192626000086e+00,9.131449926829085598e+03,6.526601668472526985e-01,3.152507799418992818e+02
1.717172167465000010e+00,6.085816891616000035e+00,2.142831724590000153e+00,1.321726544163045401e+04,8.671309308178355435e-01,7.057079010513234607e+02
1.667027769975000018e+00,2.943455516308000064e+00,1.759002516548000106e+00,1.274464742302641025e+04,2.953405792647653683e-01,1.155509467189634734e+02
2.546706639457000154e+00,1.561545617488999893e+00,1.827472829283999900e+00,2.137712563327207681e+04,2.127230577797355540e-02,3.397305766417941797e-01
6.297412442240000185e-01,1.243410969528000010e+00,2.227710598923999807e+00,3.847869158821344627e+03,5.770201855971129890e-01,1.272308840176112810e+01
2.259576050460000207e+00,4.920993207499999578e+00,3.151646608159999752e-01,1.848847920675976275e+04,1.941976497574349758e-01,3.293886918169185662e+01
1.687442882987000070e+00,5.569416560441999842e+00,1.272524942928999980e+00,1.293672167925823305e+04,1.733095928236933758e-01,9.668313824267957557e+01
1.893523457231000018e+00,3.742805238848000204e+00,4.335600323209999885e-01,1.490077693492483922e+04,1.997568018943882487e-02,8.931332215406394548e-01
1.953945473956999912e+00,3.094451400626999860e+00,1.635230996181999963e+00,1.548474966088808833e+04,1.560789053090722543e-02,4.219561885322181127e-01
1.292440921479999894e+00,1.287055501897000021e+00,5.504106526059999727e-01,9.313429301060526996e+03,4.729905725846176418e-04,1.120814008173708434e-04
1.527467745670999966e+00,3.760475815654999998e+00,1.522639347037000102e+00,1.144476858881893349e+04,3.396087808195366597e-02,2.783272831609984621e+00
1.447946331118999952e+00,3.369364719590000057e-01,2.271035255060000146e+00,1.071502985610083306e+04,3.863832635300610274e-01,4.356177110057003006e+02
1.940856911145999897e+00,2.828942367799999857e+00,1.278411288009999869e-01,1.535795518918637390e+04,2.495041847124351148e-02,6.009773185117823768e-01
2.013014250490000046e-01,4.933215822358000047e+00,2.681900338235999826e+00,1.016132566407592890e+03,5.414574534941977123e-03,1.755278976121802184e-02
9.185063747000000306e-03,1.054530253268999962e+00,9.694652081319999892e-01,4.081006161225988649e+01,5.911584947671901565e-04,4.687002587994330317e-03
4.375687180010000010e-01,2.232572509938000049e+00,1.500939619111999912e+00,2.484439550153737855e+03,1.246992321335210069e-01,5.453775917707820753e+01
