2.474192641314000074e+00,1.078044353332000105e+00,2.181797467403999935e+00,2.064207538120627942e+04,2.637086693851074526e-01,2.818087137409670362e+01
2.586575054188000156e+00,6.159989198226999640e+00,1.091488690173999965e+00,2.178276228504707615e+04,1.282656015389912942e-03,1.360049889212516664e-03
2.906753682814999795e+00,1.750806065319999938e+00,1.477383579183999984e+00,2.507646168974299871e+04,1.490397486698075667e-02,9.672281497689989502e-03
1.965883275196999902e+00,8.356840423250000427e-01,1.211408954609999977e+00,1.560053616358673935e+04,2.469664950777892415e-02,4.676784575604799876e-01
1.274286045485000018e+00,2.188058096205999892e+00,1.912577092754000008e+00,9.152153261691240914e+03,3.723061444552042132e-01,2.927279844232026562e+02
1.289025329597000002e+00,1.786655423493000105e+00,1.208188054769000042e+00,9.283047980434588681e+03,4.675106703684137055e-01,1.103634448714024501e+02
1.188939082682999970e+00,6.120678757681999649e+00,2.269015507684999822e+00,8.401123910256737872e+03,4.623833598967657527e-03,1.494654504349581491e-02
5.314870391770000202e-01,3.891963034366999974e+00,8.887627642200000011e-01,3.134339324448442767e+03,1.636377813818306638e-04,1.192088900937230223e-05
2.963687016598000046e+00,2.121290743168999793e+00,1.342451153325999957e+00,2.566843478896895977e+04,5.917119865830146319e-02,1.102594005481289408e+01
1.349433154158000026e+00,4.544200068491000444e+00,2.161418212387999915e+00,9.823005970050971882e+03,9.111608420868759495e-02,1.973685161288220247e+00
2.224534255413999961e+00,5.698971519469999691e-01,1.889388194889999983e+00,1.814014268692898986e+04,2.679630324658016736e-03,9.568713977539168927e-03
1.661833998567999959e+00,5.496489208529999893e-01,1.504864137710000049e+00,1.269585793353877852e+04,3.251762060612376718e-03,1.956690151736146244e-01
2.741110335225999783e+00,4.322928825650000029e+00,8.656347140429999643e-01,2.336471226811051019e+04,7.699837475283894880e-03,9.560109100409207306e-02
8.581643533320000294e-01,6.139390514569999624e+00,2.178073281421999852e+00,5.618940607219885351e+03,1.699464875097136951e-02,9.744090224444748038e-01
9.036550388899999842e-01,2.158579054657999929e+00,2.745303527386000031e+00,5.987834523954494216e+03,9.818765439006645404e-04,3.024780227767700884e-03
2.320529650217999951e+00,4.151133925276999648e+00,2.041112711325999918e+00,1.909666056066869714e+04,8.460058554888032489e-01,6.811745918963040367e+02
2.264755497743999868e+00,1.826735086690000065e+00,2.783701572855000084e+00,1.854004754911340206e+04,8.566299706940944461e-03,2.062622375186299040e-01
1.372096486058999920e+00,4.927430815731000280e+00,1.326545708430999948e+00,1.002699153087994091e+04,1.166788043850921219e-01,5.126650388953964921e+01
1.719383814058000004e+00,5.389417327594999918e+00,7.386230537910000171e-01,1.323817508629564145e+04,7.859708762444198027e-03,2.252911151511778343e-01
1.628995756506999903e+00,4.984310511801999688e+00,1.002635462755000040e+00,1.238810245616492830e+04,1.245181386367193383e-03,3.011471856950262427e-03
9.556731858299999383e-02,4.704774346313000066e+00,1.852087699229000073e+00,4.516379241517074661e+02,6.946523024919874778e-02,4.425913132075419298e+01
1.755813036526999937e+00,5.027960852411999859e+00,1.205265696569999934e+00,1.358335722608361175e+04,3.712352100340677447e-02,8.915877432708844808e+00
1.405765810282000094e+00,1.276064324060000033e+00,1.637640924143000110e+00,1.033140974340849789e+04,5.119396950308679334e-02,1.105916465096462176e+01
1.625822686183999943e+00,2.519760741630999945e+00,7.859088949989999628e-01,1.235843161683918152e+04,1.491381828891860705e-03,4.286779138317853809e-03
1.607270055077000048e+00,2.213649558268000028e+00,1.249491327390999995e+00,1.218518781786370346e+04,1.427464801121718476e-03,7.108125142001743058e+00
1.790820620374999894e+00,2.664894064547000063e+00,1.640735952196999969e+00,1.391640959315275541e+04,1.208186269156311370e-03,4.425885982956860067e-03
2.502935653055000209e+00,1.469216761822000006e+00,2.315923516489000189e+00,2.093300544651266682e+04,2.494813741548899677e-01,1.995238009487757438e+02
1.655520110250000010e-01,2.119411847852000097e+00,4.647600546369999863e-01,8.181376923644040744e+02,1.221542126497927455e-01,8.967926088015407515e+01
5.615402454540000532e-01,2.036572105134999866e+00,8.280960926960000412e-01,3.349123542767800245e+03,3.028108910964550163e-03,6.497077853954316522e-03
2.676133548810000207e+00,5.146214572333000170e+00,8.847241468959999855e-01,2.269772672690484978e+04,2.471916192689788960e-01,7.102154159100497743e+00
2.810645012190999825e+00,4.965141725339999645e+00,1.265132285143000024e+00,2.408132271441902776e+04,6.382700299762845021e-04,3.463895626428642720e-03
2.312416667029999928e+00,5.297003552128000337e+00,2.256032750953000043e+00,1.901554773605822629e+04,1.211813743136168214e-01,3.040629802397275938e+01
2.815032883962000021e+00,4.260574616509000379e+00,1.275157357070000108e+00,2.412663956247152964e+04,7.851539732331482002e-02,1.200823815750657664e+00
1.805669105768000104e+00,1.555263251471999952e+00,1.073024781730999910e+00,1.405806281481534461e+04,2.461667587053976026e-03,4.443236843168223843e-02
2.667565324137000093e+00,4.458064634361000422e+00,2.357714650764000108e+00,2.260996962247004922e+04,2.422617863649096093e-01,8.798647389366193750e+01
2.774770242080000227e-01,1.946885251399000039e+00,8.313929967469999571e-01,1.460618073121460839e+03,7.706527987807045843e-01,2.742014570337285022e+02
2.538835086746999981e+00,2.097137809508000217e+00,1.711114867270999929e+00,2.129716216598977553e+04,4.451603510866652957e-03,1.173580604575191616e-01
1.786988665953999966e+00,2.869096405341999834e+00,1.747282493266000047e+00,1.387989041927297512e+04,8.305958412995034790e-02,2.774979991521001566e+01
2.919260954514999895e+00,5.730097895925999829e+00,1.334288095298999943e+00,2.520635312787715884e+04,4.267766247639723058e-03,5.019662948311518630e-02
2.980088065962999799e+00,1.582757360013999914e+00,1.926181846828000088e+00,2.583929943990348693e+04,5.043182363369314025e-03,3.835100683294139223e-01
1.339453399304000092e+00,2.735113983200000015e-02,2.408980118846999918e+00,9.733421396830382946e+03,1.008254664256861138e-01,5.990609671663044367e+01
2.922168991459999976e+00,3.998951630565000137e+00,8.512589430000000457e-01,2.523656645564416249e+04,8.871547743453359058e-02,1.187452022626924908e+01
6.850273903860000235e-01,4.618896908870000040e+00,7.283548376980000238e-01,4.263010059732348054e+03,4.619922442407258878e-04,5.432341211680719647e-04
1.241547754881000110e+00,5.134951578761000057e+00,1.978786189693999997e+00,8.862651989206469807e+03,5.827530219624372371e-02,9.043789875835312131e+00
1.331407569482000008e+00,4.923394389491000389e+00,8.827733819480000355e-01,9.661305117161742601e+03,5.728670154192371487e-03,1.344880985684706043e-01
2.681890218829999784e-01,2.074225843540999925e+00,1.859181076634000007e+00,1.404844362738091831e+03,1.035812990871553749e-03,6.948296522704860805e-03
2.846726255737999978e+00,6.155085974477000121e+00,1.891847611440000132e-01,2.445429494479651112e+04,4.048343524021469353e-02,7.140793887587176592e+00
3.365473676190000041e-01,5.702202952825000004e+00,1.596894166738999976e+00,1.825027688820515095e+03,1.101696531390119506e-02,4.441388982106199812e+00
3.452516379869999819e-01,4.245123213204999857e+00,9.682670105439999952e-01,1.880096816448676464e+03,1.935193744244937189e-02,1.644672135753007414e+00
2.964314956028999859e+00,4.945276210560000107e-01,7.584019234109999896e-01,2.567497389236109666e+04,1.006916318879531001e-02,6.043813712456274079e-01
2.504291958040000043e+00,5.870701083070000159e-01,2.358324215505999799e+00,2.094674764700933883e+04,2.262501448326706133e-01,5.230955365111943678e+01
