9.283239340829999575e-01,3.130490536233999865e+00,1.135651201471000071e+00,6.189883497849143168e+03,1.042801092716959602e-02,1.129642602168054122e+00
1.873794777472000073e+00,2.017335962245999870e+00,6.770388594289999951e-01,1.471086495578039830e+04,2.319981113965513715e-03,9.376578335798954611e-03
2.345890165055000143e+00,1.562021815345999931e+00,1.155004912814999951e+00,1.935053078105629174e+04,7.140074455581055801e-01,4.188321656412968537e+02
2.108317857688000174e+00,4.496667487155000309e+00,1.639434975236000014e+00,1.699197218540012182e+04,4.728574720491862671e-02,7.102298326100859871e-01
2.349997110500000042e-01,5.197900240357999913e+00,1.091423326334999944e+00,1.209076368525692715e+03,8.342259617516641426e-03,2.620280688443938147e-02
2.894358506690999810e+00,1.713633781473999917e+00,1.860245055173000095e+00,2.494782129305772833e+04,2.023743540299589583e-01,1.015793479939013366e+02
7.383329629270000138e-01,3.109774219765999881e+00,1.562709219660999960e+00,4.671837296859017442e+03,5.248049209214409108e-03,2.267526314541673249e-01
2.105731227081999890e+00,2.302521611177999805e+00,8.371359766089999654e-01,1.696654506897721876e+04,1.487871567133748282e-02,9.176856572163930026e-02
8.167982354759999453e-01,6.262946995282000273e+00,1.913518615986000038e+00,5.287828566380649136e+03,1.241796226010775505e-04,8.176282378400003383e-04
2.204308450595999780e+00,5.460157931339000292e+00,2.065184219824999889e+00,1.793952852139347306e+04,2.035320555438227264e-01,9.882977934837228418e+01
2.561725075723999989e+00,3.182674011543999981e+00,2.168503154965999880e+00,2.152980558559194833e+04,4.961902198021431870e-02,7.874632876230803769e-01
7.101653397899999887e-02,1.064228658398999938e+00,1.716466228899999891e+00,3.300370973873677940e+02,4.350830760053134121e-03,3.928591082279576235e-02
1.562331894246999919e+00,3.970452570013999871e+00,2.544487114184999843e+00,1.176727570944676336e+04,2.226855673113548213e-03,6.078561827216404090e-02
4.924478122889999754e-01,3.539581650135000146e+00,1.362114148107000045e+00,2.860158362872967700e+03,1.064625881121390727e-03,2.330453531134355372e-03
1.036967684566999948e+00,1.527455404104999914e+00,6.828280642840000025e-01,7.095445390075419709e+03,2.908377472303669449e-04,3.369270588042337617e-05
2.511563681566999939e+00,1.034518499999999980e-01,2.314083312683000049e+00,2.102044675939016815e+04,9.873034522670585955e-02,7.160140210717382825e-01
1.971716269605999994e+00,1.269977053162000047e+00,2.673835003827000012e+00,1.565715947365613465e+04,4.101583434973589404e-02,2.053516006115399417e+00
2.480638488397000074e+00,2.208186347999999910e+00,1.988758037693000080e+00,2.070726926251352415e+04,9.187577676041654151e-02,1.149194484013074558e+01
5.213414341500000049e-01,6.178779545530000306e+00,1.175729198888999960e+00,3.062551437080730466e+03,6.461733431482324930e-01,3.372982537036854183e+02
2.655120679366000047e+00,7.576698632400000188e-02,9.293488933779999739e-01,2.248259188974731296e+04,4.813273913110702740e-01,1.539180589794575553e+02
1.998246159877999917e+00,5.306270931354999831e+00,2.602604648116999986e+00,1.591509192245372469e+04,5.241709377679970583e-02,1.419592750186191488e+01
1.167127633705999923e+00,3.055956768761999953e+00,1.088013372240999921e+00,8.211152975672506727e+03,3.899500718984765034e-04,9.410828822787783423e-04
1.831132515713000064e+00,6.197386765460000113e+00,1.999203814808000024e+00,1.430151128786388290e+04,2.439121482653704709e-01,6.305830437068134131e+01
2.233849020111999817e+00,1.078761748770999951e+00,1.256438361625999978e+00,1.823264272282719321e+04,9.334145929609049099e-04,1.007325521011849002e-02
2.938693205508000172e+00,5.992570422224999582e+00,1.660556283665000077e+00,2.540833596304883395e+04,2.898315125392340874e-02,2.404517293977535886e+00
4.516223713599999690e-02,5.546615610837999810e+00,2.325921167196999928e+00,2.060777811284952179e+02,8.106256071640975669e-02,1.579911773912347428e+01
1.771647507975999902e+00,9.176407582190000412e-01,2.132346381053999984e+00,1.373384120006618468e+04,2.484961319933395862e-02,5.929852730833884422e-01
1.919077200228999969e+00,2.017301506459999949e+00,2.811771043284000182e+00,1.514732524406050288e+04,8.462181616106756151e-04,2.403550290367447925e-03
5.926265952550000549e-01,2.873626960048000001e+00,1.692899076320000029e+00,3.574552746270301668e+03,4.023420952079522772e-01,6.438477214521401493e+01
1.155197391181999933e+00,3.115560599350999826e+00,1.399437050913000080e+00,8.107595429429850810e+03,1.148307606160148871e-03,1.646385025040253067e-02
5.247406011649999868e-01,4.875297421021000055e+00,2.229739412933999798e+00,3.086561988725370156e+03,3.598152327350257439e-03,9.236835453479677605e-02
4.529658862579999945e-01,4.618544346680000245e-01,1.582921194359999895e+00,2.588670062467328989e+03,1.103329034692507879e-03,5.373746791962837055e-02
5.296580799350000257e-01,4.239149772412000416e+00,2.417777709754000082e+00,3.121370808197109000e+03,6.906584250082083987e-01,8.003400094945858427e+02
2.447305565058000010e+00,1.599088662153999918e+00,1.358347959260999938e+00,2.037044858505100274e+04,4.467423503499971631e-03,3.090044165269509660e-02
2.066456020528999904e+00,9.288521268380000029e-01,1.593871750958000044e+00,1.658116692858796159e+04,3.692309005847598294e-04,1.391943867935656375e-03
2.400851219239000134e+00,6.234363992670999721e+00,1.337798124242999931e+00,1.990234430038867868e+04,9.168194924195604001e-01,1.559828207466229344e+01
1.065493206885999911e+00,5.425081488852000255e+00,1.387273355540000086e+00,7.337221687855169876e+03,7.610474072059332518e-02,1.452730276499855933e+01
8.165680447549999998e-01,5.480962388052000200e+00,1.684276484815999897e+00,5.285997955812391410e+03,4.975707651833288780e-02,4.447538933070602951e+01
2.600041461592999870e+00,2.748916452091000107e+00,1.806707015646999981e+00,2.192001072494164328e+04,2.709456384962012979e-02,6.179530517817136692e-01
2.531307377971999895e+00,5.599027036936999657e+00,8.278344573179999832e-01,2.122073049118925701e+04,6.930387107303491272e-04,6.188310569782580744e-04
1.347167525631999929e+00,3.121774500158999821e+00,1.012059244093000077e+00,9.802655285468144939e+03,1.714906015686720048e-02,1.775085322738472193e+00
1.951315298341999904e+00,6.101736211929000397e+00,8.035285351600000014e-01,1.545925710576695201e+04,1.655421155069466271e-02,5.309819994176773195e-01
3.667813748850000111e-01,5.418170400542000387e+00,1.485847292252000074e+00,2.017766386546666126e+03,3.742919356311409131e-03,5.786899117924514807e-02
2.625076378799000132e+00,2.503322406905999831e+00,9.877207558020000278e-01,2.217547704488144154e+04,7.065298685051928616e-03,9.154735300979847945e-02
