1.619945304680000087e+00,4.957982403475999611e+00,5.457399783130000293e-01,1.230350462312185482e+04,1.041438281598969645e-01,6.803787226615170880e+01
2.879129032005999900e+00,5.660491423256000409e+00,1.166666663685999916e+00,2.478988494666842598e+04,2.371395342454623353e-03,8.247488314406248300e-02
2.774720219753000094e+00,5.688655647970000118e-01,1.028078199614999910e+00,2.371072822109901244e+04,5.349747139148595954e-02,4.061942934094579627e+00
2.646728948834999873e+00,3.154920423526000217e+00,1.521421413386000010e+00,2.239675322265658542e+04,1.868889640707799282e-02,2.262975091612585143e-01
1.646231924979000061e+00,4.966804545106000113e+00,9.862579628830000500e-01,1.254948119280082756e+04,2.692020927034743383e-01,5.122603808772181111e+01
1.166040566279999968e-01,5.816275032377999921e+00,1.060650748992000070e+00,5.587677107901614590e+02,1.718581862220651402e-02,4.181458396663844668e-01
1.047057737400000077e+00,1.923922591936999993e+00,1.595180785646000077e+00,7.180783602442229494e+03,8.684961144496235663e-04,3.914467817483580428e-03
1.652681647671000009e+00,5.979695797664000168e+00,1.674356389678999912e+00,1.260995760393827368e+04,3.026741396034576012e-04,3.259043273666223242e-04
1.879683403402000019e+00,4.357844145359000443e+00,2.331287492287999807e+00,1.476750996112286703e+04,2.577695200850281809e-01,1.400191371949360075e+02
2.309476836396000099e+00,5.170643641688999814e+00,1.229477889702000004e+00,1.898616785531903952e+04,8.155834275634438928e-04,7.492637784301649576e-03
9.650046676010000102e-01,4.131610756511999938e+00,8.459598872750000442e-01,6.492820074328226838e+03,2.229029576759691475e-02,6.171747132059334229e-01
