3.769875674729999959e-01,1.466289022870000125e-01,1.433626337156000075e+00,2.083741980036363202e+03,1.972067998932916131e-04,4.607781821368826960e-05
7.645112872539999715e-01,3.456237905496000185e+00,5.929298492810000099e-01,4.875527970730773632e+03,4.623316553014723135e-02,5.970997218547238194e-01
3.336881296120000062e-01,3.832427483125000034e+00,9.092143856490000342e-01,1.807013288070576891e+03,1.090297030257241367e-01,1.852322354198985863e+02
1.825182078260999985e+00,2.575804535312999910e+00,3.083509948939999745e-01,1.424456137962135654e+04,4.769304201272158046e-03,4.128711883162226176e-02
3.516171635529999895e-01,1.113122692241000022e+00,2.275695261430000116e+00,1.920585661666296801e+03,3.840927714877475279e-05,1.162612027713105399e-03
1.222704240482000104e+00,1.970094292000000059e-03,2.391115665984000049e+00,8.696810049171886931e+03,2.166410691028763380e-01,6.084673556166377395e+00
2.159310877369999826e+00,5.091833680072999968e+00,1.008867691964999924e+00,1.749439450870926521e+04,5.067517449401768084e-03,8.516069193346682831e-02
8.832263542179999982e-01,1.536877585624000009e+00,1.888316598564999893e+00,5.821571320425245176e+03,1.014379063133669231e-03,1.095313193555087642e-03
1.945363632940000087e-01,5.644547576422000112e+00,2.244937676044000074e+00,9.781275782586263858e+02,3.490646300045875108e-04,3.185225789041755298e-04
1.139083735692999921e+00,4.413684169129999946e-01,1.171245244562999943e+00,7.968125383259868613e+03,1.048075743721917606e-02,1.318874728847933553e-01
2.158234736112000007e+00,8.587536172320000549e-01,1.295025193664000041e+00,1.748376915880015076e+04,3.588451596480035817e-04,7.118484780094298412e-04
1.332795473098999928e+00,3.373748138008000108e+00,1.123650153952999942e+00,9.673738231846631606e+03,5.937442245567728719e-03,1.038737429429472114e-01
7.670742922829999477e-01,7.221146385579999549e-01,2.632221257258000158e+00,4.895570384114589615e+03,7.427384512076806722e-03,1.797732350293597681e-01
