2.070357139652000189e+00,5.753782658553999951e+00,1.907864018076999901e+00,1.661938602637847362e+04,9.053291269848366685e-02,2.587063375341006388e+00
1.919410283518000027e+00,3.408143385639999856e+00,1.908698032018000035e+00,1.515054306144635120e+04,2.472174501545498088e-02,3.302650182309911919e-01
9.870211428780000240e-01,4.109310156500000311e+00,1.494925855490000011e+00,6.676044726663594702e+03,6.193371747719235952e-03,5.450224777812143762e-01
2.297006469178000110e+00,1.308186428029999959e+00,8.187127622609999822e-01,1.886161518242759121e+04,6.058340551107935235e-02,6.619611152661856179e-01
1.101622021349999980e-01,3.945372806276000066e+00,1.522428098101999971e+00,5.256791926656883334e+02,9.811128046150732751e-02,1.044973699917216550e+02
2.636550353040000072e+00,3.023238653287000144e+00,9.535531571690000208e-01,2.229269683889579028e+04,9.859838557306453699e-03,4.538382131736761194e-01
3.237197264589999901e-01,4.827252995529999757e-01,1.887810472576999965e+00,1.744501172312227709e+03,9.952455800392700710e-03,8.187448668578706235e-01
1.362915613871999998e+00,4.892033097917000362e+00,2.055200642268999900e+00,9.944266775022046204e+03,1.170614068597585454e-03,2.491933143346596307e-03
2.597958845636000103e+00,3.512822209093000136e+00,2.114909310392000030e+00,2.189877716190314823e+04,1.673088793887134726e-03,1.037058081882038206e-02
2.929766507000000023e-03,3.152173764030000158e-01,6.562523092830000460e-01,1.295516258528959241e+01,2.431424238533501761e-06,1.354408780734407368e-08
2.568405494534999889e+00,2.574506071620000225e-01,7.588182418800000495e-02,2.159776793095581161e+04,7.175690284054518919e-01,1.715893235780857253e+02
7.124371310799999524e-01,5.492381545776000351e+00,2.645864944599999879e-01,4.472213957810644388e+03,7.392939898404081228e-04,2.490297459586264159e-04
2.899848520204999947e+00,4.509969030178999638e+00,1.332294776539999948e+00,2.500478739362432680e+04,2.205095448528862911e-01,5.269000840799945351e+00
2.070195595692999824e+00,1.630149089844000088e+00,6.707400858659999798e-01,1.661780312403724383e+04,2.148727342280757069e-01,4.073745353219440801e+01
1.568199041189999976e+00,3.844596521553000024e+00,6.821486511830000543e-01,1.182169833970612672e+04,1.923752272854071079e-03,1.029257617372155049e-02
2.107362398647000035e+00,4.056323386749999815e-01,1.281234903312000073e+00,1.698257916141538226e+04,4.216899407367724617e-01,1.842064936022010500e+02
