2.599884251745999908e+00,4.210393399514999579e+00,2.559651660167999943e+00,2.191840777451579925e+04,4.755124774268029708e-02,1.201341649829436875e+01
2.200326218503999787e+00,4.808562743447000187e+00,1.062744116730000021e+00,1.790006845930097188e+04,1.124508974519073529e-01,1.497549470092796469e+02
2.849725276415000064e+00,5.077024477156999893e+00,1.499938059712000005e+00,2.448532992116931200e+04,1.137243451832623334e-02,1.406232226226091994e-02
7.199844822540000244e-01,5.482103527165000045e+00,1.859015504977999944e+00,4.530198929478739956e+03,1.141909266921097149e-01,5.043324039560847183e+01
2.006552506138000069e+00,2.045322533384999808e+00,1.648507646851999908e+00,1.599598121403175537e+04,8.427857163751699410e-02,2.710316682202289229e+01
2.679408696903999854e+00,9.910175633910000004e-01,2.290017857664000012e+00,2.273128346540939310e+04,1.316962190731777727e-01,2.073769072205580954e+01
7.034309383629999690e-01,3.497087139282999857e+00,1.255144529282000043e+00,4.403234164916846566e+03,3.746868536274442808e-04,1.362714506161771409e-04
2.486219870159999956e-01,1.030348953123999989e+00,1.044061299225000017e+00,1.288752075976045944e+03,5.469295988989776461e-04,7.275203759924843807e-04
9.247132794989999516e-01,4.603137374634999723e+00,1.494125398585999909e+00,6.160224778946542756e+03,1.435846563076403546e-04,2.208150676585172360e-04
1.606376999359999946e-01,3.827087726848999782e+00,7.678405356140000082e-01,7.914753776029001529e+02,6.105969442924890078e-01,7.955684658233104756e+01
8.961621127540000398e-01,4.906056562194000215e+00,1.858065404173000035e+00,5.926739272096963759e+03,3.376580190458983860e-02,6.882489146371914002e-01
2.820869231490000129e+00,4.563029153429999929e-01,2.172021778960000038e+00,2.418693341160409182e+04,2.077315035338528695e-02,3.919889146186750217e-01
1.949156999293000014e+00,3.194485305825999877e+00,2.003641824145999895e+00,1.543834298626405871e+04,1.571372205741105310e-01,7.509355766294613943e+01
1.665455459891000078e+00,2.377947654790999898e+00,1.630340789182000094e+00,1.272987412257023971e+04,1.393199190830456957e-01,1.668953825329289486e+01
3.973985556610000192e-01,2.838525775782000160e+00,2.468440311843000057e+00,2.217030327234514061e+03,2.418002248971445228e-04,7.935356406701760124e-03
