1.793425554094999930e+00,1.873033823520000030e-01,1.666219623930000004e+00,1.394124382105637414e+04,1.315559280089513214e-02,1.614714294992628807e-01
2.143203636761000119e+00,4.785877401909999773e-01,8.018810410819999790e-01,1.733545880780759762e+04,2.074745546826435496e-03,2.305423037146376447e-02
2.046576368445999883e+00,1.251901948350000016e+00,8.090891790059999700e-01,1.638661369015527089e+04,2.863465083594330177e-03,1.793217414949957803e-02
4.092655525950000261e-01,5.334875473897000120e+00,1.812795941614000039e+00,2.295335017462531596e+03,1.828797623771133071e-02,2.761699140919128270e-01
1.189400301914000035e+00,5.589985245600000319e+00,2.451595768095999883e+00,8.405149849507073668e+03,6.315952635703212525e-01,1.564992017724389370e+02
1.389566276040000048e+00,2.158338541910000130e-01,1.842350619207999918e+00,1.018474086195633936e+04,2.487133824354919708e-03,1.243856804767099530e-03
2.113677945781999856e+00,4.811199603319999962e-01,1.628902984808000109e+00,1.704468106360570164e+04,4.393533489346929111e-02,4.019531179841319357e+00
2.126544137715999927e+00,4.954414518636999887e+00,1.090618418568999992e+00,1.717130106881262691e+04,9.998041908112406933e-04,1.672229132454372026e-03
2.490087438006999943e+00,6.146815247203000432e+00,2.181308561477000030e+00,2.080288861529459609e+04,1.049583765230958227e-02,5.072234231049760345e-01
2.869987502653000178e+00,5.338892304227999652e+00,4.562661414849999986e-01,2.469514670937315168e+04,5.862674495240214473e-02,3.471454587177309037e+00
