1.720094993865999955e+00,4.012532292292999792e+00,1.075925075933999997e+00,1.324489996149763283e+04,5.318708234514896160e-01,1.424987827523740869e+01
8.090022094319999635e-01,3.123519768525000018e+00,7.278556735790000509e-01,5.225904922593047559e+03,3.750143920089302110e-04,1.645399479843058597e-03
1.809600660487999946e+00,1.675765199258999916e+00,2.482563441507000146e+00,1.409560779531980370e+04,8.714200151762656610e-01,5.325193049472152751e+01
1.841889118544000059e+00,4.498104028583999714e+00,1.923346498357999979e+00,1.440455086811037472e+04,2.546107991998937132e-03,3.761879865145788954e-02
1.890036332191000090e+00,6.081197429730000437e+00,2.084199856465000167e+00,1.486718147075082743e+04,1.394601645288920388e-02,4.056187083939573612e-01
1.468113834073000001e+00,2.684782311545999889e+00,2.129893716974000206e+00,1.089930782268252551e+04,2.602544479790031007e-02,1.561789536379913912e+00
2.212407516698999821e+00,2.861634298667000031e+00,1.985921109518999916e+00,1.801982168733784056e+04,3.528494041549472705e-03,1.145808288769580019e-02
1.097339753051000066e+00,4.823658265794000144e+00,3.148728701940000096e-01,7.609005262833792585e+03,9.792841518510776028e-03,3.424110522086892261e-01
7.607919193550000125e-01,3.000902081899999851e-01,1.432692900728000041e+00,4.846474357183836219e+03,5.181843248053544931e-03,1.081629915884245036e-01
2.365531500428000200e+00,2.591685372705000212e+00,1.305137336265999926e+00,1.954747758013129351e+04,1.946242212271220937e-03,1.017497894805560604e-01
1.519469173495999970e+00,4.226568021559999888e-01,6.567363071709999556e-01,1.137099547945776430e+04,4.118407672176061483e-03,1.643660318030365844e-02
9.118513623299999704e-01,1.625983628373999901e+00,1.169357919574999904e+00,6.054812747127392868e+03,2.622493054339111174e-01,1.190485539713813345e+01
2.084177089745999911e+00,3.641013627009999976e+00,2.057878607963000039e+00,1.675488582794115064e+04,8.991357849668677599e-03,2.413477485073674822e-01
2.877191226541000013e+00,2.221843109602999800e+00,2.535856030389000093e+00,2.476979851499325741e+04,3.242642301435312048e-03,3.039776625049511391e-02
1.117114524158999922e+00,4.421808374047000001e+00,1.924239927242999970e+00,7.778727057012487421e+03,1.028921342040412185e-03,3.477699336002265293e-04
1.084848960958000097e+00,5.565377164820000111e-01,3.166610693340000116e-01,7.502176826235428052e+03,2.664678870532987028e-03,8.016625130341074185e-03
1.679822985273000002e+00,4.456567050924999940e+00,1.711626681025000041e+00,1.286497507570979360e+04,2.848828184964021792e-01,3.013400997681646345e+02
1.487143199052000098e+00,3.444890757807999915e+00,2.054042590358999831e+00,1.107368500900845720e+04,2.492029802689305421e-02,3.102086794232255529e-01
2.486332720297999899e+00,5.378902357570000348e+00,1.914608665453999992e+00,2.076488510692565251e+04,3.424160215549577196e-03,1.250528275951577617e-02
1.868886236465000072e+00,1.352376628073000076e+00,1.848322446257000040e+00,1.466367393752278986e+04,2.711674404699913055e-01,2.670179664948778395e+02
2.639976897547000156e+00,7.253149079549999767e-01,8.910107782549999689e-01,2.232771923620491361e+04,1.196919074743300546e-02,5.322830544660168695e-01
2.655312448356999866e+00,2.990857808201000001e+00,2.611944881023999798e+00,2.248455400827406629e+04,1.250742837449631828e-01,1.454187707272142971e+00
7.736881539840000377e-01,9.938610016650000212e-01,2.211141766969999978e+00,4.947371273504046258e+03,2.308157543773563854e-03,8.492102077321468656e-02
2.472832134343000199e+00,3.097670666467999823e+00,1.663335189396000002e+00,2.062831876586243379e+04,2.205759535051319501e-03,2.607197927553568141e-03
1.676689214595999955e+00,6.208637223914999836e+00,1.009979455324000019e+00,1.283548752511052044e+04,3.425098173861627071e-01,1.695427968534876584e+02
1.745793806183000063e+00,1.754532134795999898e+00,1.457763226928999956e+00,1.348827742478083564e+04,2.134440103160086845e-03,1.131681679133605435e-02
2.588464747360999851e+00,3.776467229626999877e+00,1.405323663894000097e+00,2.180201473287003319e+04,8.702857564582157368e-02,4.780662122292014260e+01
2.114774798936999822e+00,1.227404761242000042e+00,2.417000549454999980e+00,1.705547006532118030e+04,7.856125866262383484e-04,1.876139893430850110e-03
2.358079360877999964e+00,6.075548945297000181e+00,2.498104939294000015e+00,1.947272029647112504e+04,9.022198330591992086e-04,5.713759556180186133e-02
1.898883902594000084e+00,3.393324406616999855e+00,1.849886498589999873e-01,1.495244333872745301e+04,3.533381132246365963e-02,9.760231824216751839e-01
2.545111909792999949e+00,5.758945583542000257e+00,1.432814681887000008e+00,2.136092216527076016e+04,3.413987261461305933e-01,2.646113803964985323e+02
2.707087953942000080e+00,2.109804829867000020e+00,2.549411774166999933e+00,2.301514834487246844e+04,7.527512347886051655e-03,5.769295568077389968e-02
3.630996336069999830e-01,3.204778520751999871e+00,2.129771037169999826e+00,1.994078356251700598e+03,2.940057435178379704e-03,1.378846246170702811e-02
1.735074151003999976e+00,5.459967311267000412e+00,1.781102490097000057e+00,1.338667080350150354e+04,3.574311744676720616e-03,1.436914592141768920e-01
8.401666999129999702e-01,4.261490934008000053e+00,1.704336820585999890e+00,5.474360178641636594e+03,1.362290930702156067e-01,3.172035623237161772e+01
1.228128519529999990e-01,8.432318953140000017e-01,8.366474826369999507e-01,5.908933057155892357e+02,6.435190399205721612e-02,1.223100480833897308e+01
1.958437603869999988e+00,3.230138195219999897e+00,1.025428850294999972e+00,1.552830388642834987e+04,7.677811471122941711e-02,1.762889548013287122e+00
2.403993614690000058e+00,6.212760981631999968e+00,6.419250836850000086e-01,1.993396055632515709e+04,1.120003807139230596e-02,1.366413323683336178e-01
2.541908905764000082e+00,9.223674680779999635e-01,1.644933093416000025e+00,2.132838274080916017e+04,7.493326756372458396e-03,1.191049539032867227e-01
7.096630221199999866e-01,3.243288584339000025e+00,2.744427824751999978e+00,4.450941812715000196e+03,5.075781116769974982e-02,1.191018851376800525e+00
1.840793880540000094e-01,3.246916884918999990e+00,2.156149159108999847e+00,9.198718241444632895e+02,7.793768326506495848e-03,3.041900504835300945e-01
2.930688926084000112e+00,3.088672801552000191e+00,1.551471468482999994e+00,2.532511233323010674e+04,3.318499723826715680e-02,2.630197000424944420e+01
1.602015545580000033e+00,1.583113459533999956e+00,2.543641472073999932e+00,1.213619598885553933e+04,3.118204517777604587e-02,3.392378290447506939e-01
2.196335458066999813e+00,3.197546204531000136e+00,1.280932620129999977e+00,1.786053669834839093e+04,8.256975382108812638e-04,2.852503370598086230e-03
2.704882478420000069e+00,2.597618902619999837e+00,2.396618190734999931e+00,2.299251265299609076e+04,2.596962611064838455e-03,1.092182712753608925e-01
1.536022288382999923e+00,1.186081025358999952e+00,2.364546023962999843e+00,1.152375976011907551e+04,3.988794551319533310e-01,7.460185933996072549e+01
1.692977408034000097e+00,1.401884387948999944e+00,2.339321785960999822e+00,1.298887408290806889e+04,1.419421913624143057e-02,9.684173374635000886e-02
2.045558056406000080e+00,2.445982589040999855e+00,2.439542721935000102e+00,1.637665728663312802e+04,1.361306601094558521e-03,6.251406042477453129e-03
2.358258943102999883e+00,1.604466794259999940e+00,2.086887767199999910e+00,1.947452132269233698e+04,2.548657566997989104e-03,6.791020670925562719e-02
2.443787788433999797e+00,5.055319242930999657e+00,7.372823109639999872e-01,2.033494765002165877e+04,6.257309562291689733e-03,2.122225971131668776e-01
5.752755672239999729e-01,3.512194332836000132e+00,2.257232093848000165e+00,3.448326522318212028e+03,3.072213504889769950e-02,5.959245744901872088e-01
2.513529016079000034e+00,4.241061157156000405e+00,1.374395364648000051e+00,2.104037165083173022e+04,7.076451330024192098e-03,2.550316861539023844e-02
2.072389421611999794e+00,2.506280374227999985e+00,2.324869726363000044e+00,1.663930145460674248e+04,7.662216409799119665e-01,2.961534494476601367e+02
8.613100500900000567e-02,3.970934244302999794e+00,2.528516084232999894e+00,4.044580503979688615e+02,1.605456486861975285e-02,1.586878263025899918e-02
