2.487697124100999968e+00,2.449898605377000216e+00,2.659690701035000160e+00,2.077869384681392694e+04,3.252649669264220389e-01,1.018076455912993055e+02
1.633593459819000060e+00,7.089423744270000327e-01,2.993991808456000214e+00,1.243111581157847286e+04,5.206139305059477498e-04,5.606151171806361645e-04
7.562669931390000322e-01,3.426777463366000198e+00,8.536738388500000330e-01,4.811178561314071885e+03,6.298396250044807632e-02,4.615227314194203512e-01
1.698082752297999987e+00,9.968381078479999768e-01,7.679693804920000311e-01,1.303701274400129842e+04,1.136199835260389701e-01,3.835599409032638363e+01
9.433330057080000497e-01,4.830286959291999693e+00,1.950598974515999950e+00,6.313482520602879958e+03,5.956575839052251353e-02,1.120283438771333380e+02
1.518254511449000033e+00,4.667592755351000378e+00,1.717079375374999994e+00,1.135979946685019422e+04,2.152358848683979392e-02,7.004972510067490887e-01
2.328706421275999805e+00,4.897856141023000376e+00,8.421110373479999689e-01,1.917846122049954647e+04,8.680044291812936269e-03,1.162064132205906097e-01
2.130841853984000167e+00,3.213638682123999946e+00,2.254414983494000158e+00,1.721362723810901298e+04,2.396521707229599119e-01,2.985630937158628839e+01
2.288200987333000036e+00,1.495441999961000024e+00,2.039054350465999921e+00,1.877373831711697130e+04,1.732965357908994308e-02,3.084003030230327269e+01
1.731466342530000035e-01,1.364645807320999937e+00,9.721727949009999481e-01,8.596088004236489724e+02,3.590751390735902326e-01,6.674237940919451262e+01
1.210238759732999991e+00,3.509505770416999848e+00,1.159031228599999963e+00,8.587424521746926985e+03,1.594523987660740813e-02,7.926305274639798837e-01
1.781056217808000053e+00,4.634558501017999710e+00,1.425558172671000046e+00,1.382338356638829282e+04,3.000047484393174053e-03,2.936497430773180595e-01
6.160994131400000101e-02,4.364303260740000079e-01,1.373292214359999930e+00,2.844440745647650601e+02,1.344684278176350445e-01,1.437705211471131683e+01
2.584672617145999940e+00,7.230780179560000187e-01,8.949080888160000358e-01,2.176338236115927793e+04,2.076657237936466727e-01,2.588247691794953766e+02
1.278952470320000034e-01,3.291048927907000099e+00,1.679245836476999987e+00,6.173605838837131614e+02,1.729467807847165242e-04,9.799667980815394421e-06
7.111127231189999787e-01,1.505011199804000110e+00,1.347892495296999948e+00,4.462055516463665299e+03,7.670447074955028671e-03,1.043029168747978241e+00
2.177784271220999823e+00,3.909916972631000132e+00,2.132130615510000049e-01,1.767694116320470857e+04,6.476096855309738595e-03,1.037684687312732529e-01
1.343030904246999890e+00,1.697543147715000034e+00,1.395898830629000109e+00,9.765518314036518859e+03,2.796726899428934876e-02,4.939089078031749125e+00
1.214003329804999920e+00,7.263599029409999464e-01,7.453921868099999681e-01,8.620431539555578638e+03,4.958837881867916852e-02,7.920625617075947034e+00
1.994422609631000043e+00,5.872243688449999555e-01,8.074655935519999828e-01,1.587787831755834850e+04,6.702718402434417258e-03,3.650337836200136243e-02
1.821162251702000079e+00,5.155645280526999663e+00,8.348038440230000079e-01,1.420610923686641581e+04,1.179775847260400171e-03,6.011903621115462747e-03
2.531777364772000105e+00,3.818779537390000201e+00,1.908045273349000093e+00,2.122550133074063706e+04,2.082875258063565105e-01,6.298895139505194862e+01
2.500564663765000084e+00,5.936072425882000125e+00,1.096775891278999993e+00,2.090898539250545582e+04,2.727982707917478433e-03,4.134060290729632547e-02
2.810214383089999934e+00,3.631662620265000196e+00,9.898966471250000287e-01,2.407687589384644889e+04,1.081534284538271246e-01,7.787475904811888228e+00
2.357991853245999803e+00,4.648787251539999943e+00,1.146616716642000045e+00,1.947184269294704427e+04,1.366715393422083657e-03,8.112513743253077156e-03
8.921038522619999522e-01,4.785002810280000185e-01,1.468555696444999947e+00,5.893703556255354670e+03,4.536761572472958748e-01,2.327846114485767970e+01
2.939407341871000057e+00,2.107476007220999925e+00,7.079390267949999815e-01,2.541576284883201515e+04,2.705155081200191075e-02,4.208979698918050794e+00
2.729324754564999900e+00,7.348722582940000470e-01,1.874203155707999890e+00,2.324354083825783164e+04,4.313228186557955812e-01,1.417767132534856955e+02
7.920812975900000108e-01,3.112559123872999933e+00,2.999655268445000189e+00,5.092038559171597626e+03,6.398759384318106203e-02,4.632172648595839881e+00
2.613877270928000041e+00,3.437191046650000192e+00,8.044656864700000520e-02,2.206114682951108989e+04,5.265099629284721028e-02,1.208788557693996246e+01
2.072098456683999945e+00,8.732844982699999870e-02,2.199023546227000026e+00,1.663644991190174551e+04,3.640250645056365419e-01,1.919406572803989945e+02
2.313778206129999848e+00,5.266590398535000439e+00,1.095891693972999903e+00,1.902915680647148110e+04,1.608772417805485327e-02,2.375961663572661309e-01
2.052125984383999846e+00,4.568766856815000388e+00,6.569773537149999898e-01,1.644089036241876602e+04,1.290431880394617538e-03,3.794698617895591458e-03
1.561651412253999949e+00,5.852780103459999772e+00,9.297913592540000272e-01,1.176096643420512009e+04,2.367151440648483998e-02,1.241125118806278627e+00
1.026652804508999983e+00,9.956687377609999556e-01,6.285232518459999973e-01,7.008415435523636916e+03,2.775704574770937808e-03,9.220216347468628004e-02
2.210277064618999976e+00,1.255810161607999964e+00,4.320252280319999971e-01,1.799869554879072894e+04,1.756227304151586899e-01,5.065095383061758838e+01
1.047527331309000109e+00,2.306279870202999849e+00,1.540718014902000110e+00,7.184760173761361330e+03,7.846494018380063828e-03,1.500492240034157210e-01
9.762992884440000463e-01,4.156996779483000282e+00,1.499781127587999974e+00,6.586687104312301926e+03,9.051160207483139111e-03,1.216028852210430777e+00
1.166682733093000079e+00,4.900180781367000193e+00,1.996673003556000081e+00,8.207286635524662415e+03,1.715923470162845129e-03,1.301360563126999735e-02
6.444589643679999869e-01,5.727612952924999945e+00,2.332428981446999838e+00,3.957467442711505100e+03,5.959916339249382057e-03,5.320493872364692733e-02
1.316815446639999942e+00,4.172457457909000134e+00,1.718904889814000025e+00,9.530761934574671614e+03,1.579949884542914892e-02,4.631477252785017207e+00
2.214967862182000147e+00,2.181250528795000143e+00,1.682739526098000038e+00,1.804521556567128937e+04,1.508441386183440036e-02,1.159122211912485823e-01
1.182725820421999918e+00,6.017627853382999881e+00,2.160608075759999913e+00,8.346924531336844666e+03,2.621634309242496519e-01,3.298090628952859049e+01
2.850043182714999901e+00,1.023206001236999896e+00,1.840477256860999944e+00,2.448862003792962423e+04,6.210070737825159302e-03,8.793483633756959961e-02
2.940882025821999868e+00,3.964026818474000180e+00,2.612699292809999907e+00,2.543110018416920502e+04,6.646696674165441035e-03,2.840442151292627698e-02
2.334861562266000057e+00,1.031189463207000001e+00,2.251892646494999983e+00,1.924007047074897491e+04,1.370904473764708309e-01,2.249817293900497717e+01
1.826887599548999930e+00,1.345381589263000111e+00,1.324819389708000061e+00,1.426088073929561506e+04,4.366725970646887639e-03,3.253635746489453445e-02
2.123123595607999903e+00,2.107393542362999916e+00,9.476916521460000409e-01,1.713762487094363314e+04,4.100349539767295624e-03,5.228666421413985521e-02
1.230806153744999909e+00,2.339298831120999900e+00,2.678192346583000205e+00,8.768043436080663014e+03,1.013532719077221960e-03,1.420913742966753435e-03
3.098080455400000210e-01,2.756383589768999887e+00,1.912456276020000068e-01,1.658030497009057854e+03,3.951994928038369270e-01,7.157994200120566575e+02
2.725952180678000047e+00,2.945715053159999819e+00,2.127635944600999807e+00,2.320888188477484437e+04,6.751282594416366245e-02,4.695898992665524574e+00
