2.481309941265000152e+00,6.651091847390000478e-01,1.710124056331000064e+00,2.071406204903965045e+04,2.195938510907525197e-03,5.811849086769903944e-02
1.100669680533000072e+00,4.156884084339999674e+00,2.380180154951999860e+00,7.637534245644731527e+03,9.140760212667076168e-03,1.836010956676163153e-01
8.178400427390000171e-01,1.451846586122000016e+00,1.432291098741999891e+00,5.296115300940869020e+03,4.289733143528998149e-02,6.052577002301771092e-01
1.065558671068999930e+00,3.307324410829999839e-01,1.241714323080999938e+00,7.337778377640681356e+03,2.597507699621471877e-01,2.790059884297903068e+02
9.521120809830000420e-01,5.370480285003999654e+00,1.351277794989000025e+00,6.386008055361102379e+03,3.845473904257571546e-02,1.728393397240020946e+01
1.014189015671999927e+00,5.626477182750000416e-01,1.309425797842999950e+00,6.903540630921038428e+03,2.531567706106634952e-01,1.184736743308721252e+00
2.666319242443000004e+00,2.688482663827000074e+00,1.824157275781000065e+00,2.259721089867363844e+04,1.591237840819618261e-03,1.078145554162212999e-01
2.540959817469999882e-01,2.964234212135000046e+00,1.023652873682000086e+00,1.321035582893319315e+03,7.163107896066510209e-03,3.349990658424163437e-01
2.379327817985999793e+00,5.518327297220000371e-01,9.398337986800000543e-01,1.968598490003127154e+04,9.365363325616230528e-01,8.344259565562042553e+02
6.086342197190000025e-01,9.809599285429999593e-01,1.460321161773999954e+00,3.691888512175632513e+03,1.417131498908280433e-02,3.966875392060937866e-01
1.311316953715000011e+00,3.540062424767000060e+00,1.811350678122999991e+00,9.481655525320262313e+03,1.278108365538064076e-02,4.710212744030993548e+00
2.601711435629999958e+00,3.178807793203000109e+00,4.251984825999999829e-01,2.193703918402341878e+04,2.919520708437446377e-01,1.071379604470128868e+02
