2.413574448747000112e+00,3.684148027682999871e+00,1.809919314287000036e+00,2.003039896474775378e+04,3.169354348945619543e-02,1.501330705594770443e+00
2.287471748405999872e+00,1.459222710599999973e-01,1.598477635907000094e+00,1.876646332351600358e+04,4.973622596812480104e-03,1.230457843370550641e+00
2.089891291329999956e-01,3.013306199017999898e+00,5.128416841709999563e-01,1.059619940192855893e+03,4.217485411723459129e-03,7.782601234173135152e-02
3.316310704559999878e-01,2.333771004329999954e+00,2.970437866599000110e+00,1.794076048136236295e+03,6.283961234558540360e-03,1.369355032282958962e-01
1.776898626026000017e+00,5.898434552310000134e-01,7.222800798559999569e-01,1.378380437957821960e+04,2.803629153052542705e-02,6.194506965189747749e-01
6.889034255999999523e-01,4.637691854916999645e+00,2.243676099668999946e+00,4.292460729439861097e+03,9.188727779330044809e-01,1.714148904789992969e+02
5.470382228860000140e-01,3.411883199586000170e+00,2.003598817433000168e+00,3.245086205661898020e+03,3.941024226624123550e-03,3.046514903812284208e-02
5.195461200069999563e-01,4.256994099899999995e-01,1.348572083622000095e+00,3.049886768379124078e+03,3.190318350837738348e-02,3.130145425757380195e+00
1.080373334976999944e+00,1.035585550153000023e+00,2.070026969460000199e+00,7.463970575619402553e+03,4.905872564354316068e-02,2.812091866287659836e-01
1.160349418160999901e+00,4.572362669300000348e+00,3.617703521230000163e-01,8.152285592632172666e+03,1.124478824177792963e-02,9.089237389652952137e-01
1.315108507941999960e+00,4.881853845342000398e+00,1.610361475756000083e+00,9.515512522757653642e+03,1.756622518972535954e-03,3.964276408127149764e-01
2.162336767261999970e+00,2.902886997161000071e+00,1.989034530684000046e+00,1.752427594344783938e+04,7.655106630968320190e-03,3.523149700022064346e-02
2.729755480780000187e+00,4.508064168347000411e+00,1.639499155860000057e+00,2.324796778572916082e+04,7.469099844641734903e-03,2.797676719494798236e-01
1.737323713065000108e+00,4.422817764450000411e+00,1.816319895581999910e+00,1.340798302253594738e+04,8.156207702903217616e-02,4.851187540519426022e+01
2.075875718780000045e-01,4.531287423262000402e+00,1.317375162912000075e+00,1.051668095473925177e+03,9.113614067063653267e-05,1.416850390151372136e-04
