4.941371410900000094e-02,1.719055174230000038e-01,7.272086685209999679e-01,2.261677539287493346e+02,2.809030964311245993e-01,1.159310325094470926e+02
6.231789096790000260e-01,1.406382053311999947e+00,1.851827318940999945e+00,3.799221213348966103e+03,1.419367244257505045e-01,1.217370470056817453e+02
2.915404054530000177e+00,1.899849398236999942e+00,1.930548937106000063e+00,2.516628880290745656e+04,5.305504745454035255e-03,5.021980122606660712e-01
2.217475328172000104e+00,5.220220721352999860e+00,1.305832057791000089e+00,1.807009004983202612e+04,3.315043384331697266e-03,6.070265177378762755e-03
6.520466561799999339e-02,3.944060105295999819e+00,8.354401881920000550e-01,3.018013827185354216e+02,2.561399991683783062e-04,6.523428572655304639e-05
2.243320143776000197e+00,3.731429254376999793e+00,2.133023422706000094e+00,1.832676572858114741e+04,5.439976710548345001e-03,1.711376050040255142e-02
1.145206837399999955e+00,3.653460858400000011e-01,2.144998711971000116e+00,8.021068629021285233e+03,5.371265096768324974e-04,5.412638536114556609e-04
2.484360352616000078e+00,5.581258274348000370e+00,5.787028209429999626e-01,2.074492560436406347e+04,6.149841180457527035e-02,1.574098738815232856e+01
1.577751603769000033e+00,1.458017606455999982e+00,1.200148980620999950e+00,1.191039699927464790e+04,3.370300270624868588e-01,6.557838944237902297e+02
2.139130898125999991e+00,1.154603667706000092e+00,1.019504589734999911e+00,1.729530582521671022e+04,4.017083379700077395e-02,2.074698952303041022e+00
2.150308236292000075e+00,1.827325169407999939e+00,2.706249047307999867e+00,1.740553583723987686e+04,3.748115212438710847e-02,2.960865483475251025e+00
2.027401945160000052e-01,4.641419328208000294e+00,1.257639633094000065e+00,1.024247192092239629e+03,5.269454028909496129e-03,2.097921333597930982e+01
1.106241281004000099e+00,1.664093152389999886e-01,2.203088517478999808e+00,7.685314941717208967e+03,1.596110205520435976e-01,3.850965429178722643e-01
1.741648772680999935e+00,3.636813413951000218e+00,1.749117110090000038e+00,1.344897381898313870e+04,2.113140887858546979e-01,4.731929172226071678e+00
2.077360687916999904e+00,4.654525308210000212e+00,1.139532559013999968e+00,1.668803269758269380e+04,2.019859967015184138e-02,2.399890170555405156e-01
2.583883441903000122e+00,5.333703855409999584e+00,1.441723220742000100e+00,2.175534381231388761e+04,1.362385743627186376e-02,9.161185002382193909e-01
8.470033718549999646e-01,6.104596424991999726e+00,2.484196002912999912e+00,5.529187979951173475e+03,1.812393033401468257e-03,2.600833949177613208e-02
