2.812853002803000102e+00,3.187968369640000077e+00,1.346704851052999974e+00,2.410412487857891756e+04,9.570385732174044313e-04,1.108364990810901084e-02
2.417680630158999922e+00,1.232494466786999920e+00,1.902660672174999901e+00,2.007175093088301219e+04,3.137161703420329184e-01,1.915528870818367295e+02
2.602703324019999820e-01,1.994662298738000050e+00,1.342619840957999910e+00,1.357630975890198670e+03,3.175919124887874269e-04,4.160987576623080011e-04
5.858886898239999974e-01,2.964245085222999787e+00,2.875775308619999970e-01,3.525416157708901665e+03,6.535430284225757572e-03,1.032876257501419842e-01
1.688354395958999943e+00,4.646287512077000414e+00,1.909721490394000076e+00,1.294530859096649328e+04,2.418425048611878014e-01,3.370607230664035114e+02
2.155763781329000039e+00,7.240999360100000559e-02,1.344295947945000069e+00,1.745937564534261037e+04,3.243517402628059987e-01,7.181148552659209372e+01
5.256080211089999565e-01,4.229595714528000094e+00,9.963055135889999914e-01,3.092695802605960125e+03,1.900693499257042783e-03,6.352680243509489788e-03
2.601932563356999850e+00,3.809224413377000129e+00,1.798627860305000103e+00,2.193929412402795424e+04,1.142343634046013266e-02,7.129979811944532342e-01
2.425801211027000193e+00,4.712427040197000316e+00,1.866107170924999892e+00,2.015356595861831374e+04,5.949904765587579747e-02,2.674364342183322307e+00
2.186742820400000009e-01,3.473505220722000075e+00,2.531470206884999907e+00,1.114854934964477707e+03,8.573669735633615563e-03,5.705512282461575047e-02
2.931013896079999737e-01,2.233672027518999847e+00,1.561362262792999944e+00,1.555392814169672647e+03,3.128606865901256001e-03,8.170013684486383820e-02
