2.670119136347000044e+00,3.456266727106999781e+00,1.858211321268999905e+00,2.263612134768439864e+04,1.171655427279554018e-01,1.575117107676238390e+02
2.125028289599999870e-02,5.246022302297999929e+00,1.007024626785999910e+00,9.527930060285299874e+01,2.563754715958596608e-01,1.569117594759175560e+01
1.885605527770000123e-01,5.366447172644000396e+00,2.143899634918999819e+00,9.447631631761298650e+02,1.367761531933766673e-03,4.438275741092238998e-03
2.724041405464999954e+00,5.412001604001999588e+00,2.675494531961000177e+00,2.318924849428222660e+04,8.082083659850922489e-03,5.046063027422654362e-02
1.954552484304999949e+00,1.864458745589999911e+00,1.447370287520000076e+00,1.549063393191694013e+04,6.510092267332177052e-01,6.462304436351054164e+02
1.662395435284000023e+00,8.481484109160000173e-01,1.346094712741999988e+00,1.270113049286667228e+04,3.130542834255890805e-02,6.255883333277463265e+00
1.375562047749999961e-01,5.791475145257000356e+00,1.081779939717000039e+00,6.680896287415934012e+02,5.655002199477978525e-04,2.258071811705525660e-03
2.212990698776000187e+00,3.782331470632999793e+00,2.177767650200999938e+00,1.802560531122007887e+04,5.187098774662580319e-02,7.569768911402836586e-01
2.125789527728000117e+00,2.704475761210000107e-01,1.544362680534999921e+00,1.716387087490055274e+04,8.945845931003225697e-04,3.365006982699053021e-03
6.391748199579999623e-01,3.439017421662000196e+00,4.534258423599999976e-01,3.918040139322388768e+03,8.082792073354163774e-04,2.013082676528141907e-03
2.556682801575000052e+00,4.197374232329999622e+00,2.354725543018000078e+00,2.147852825920843316e+04,3.399742164894897518e-03,2.862774272851023941e-02
1.910709252980000050e+00,1.609393643593999945e+00,2.311417428351000058e+00,1.506651997091388876e+04,1.858977045020172424e-03,1.192064815637710121e-02
5.977045602900000337e-02,2.899463321592000042e+00,1.364651390663000008e+00,2.755937598998424392e+02,1.032466605505144575e-02,8.093859074505066475e-02
2.740368118369000072e+00,3.217334918356999918e+00,6.338045663910000238e-01,2.335707879900518310e+04,5.704407011696627054e-03,1.413076535695529101e-01
2.649458541635000053e+00,2.412501825215000117e+00,1.535887679813999984e+00,2.242466921519390235e+04,3.661974700576380720e-02,5.742248601049460000e+00
2.121715177782999895e+00,4.326064829852000138e+00,2.360144882799999788e+00,1.712376146636548583e+04,5.391978682506158582e-02,3.881743327065568572e+00
2.447398327736999946e+00,4.463506069431000256e+00,2.636593967261999794e+00,2.037138485141791534e+04,1.746436644934055704e-01,1.055829676371336667e+01
2.532696395608000195e+00,5.788784547399999703e+00,1.648313670440000100e+00,2.123483084893584237e+04,1.397878126310297398e-01,1.961602167489916155e+02
1.534535552241000023e+00,3.087414230099999948e-02,2.183150274234999966e+00,1.151002482950634112e+04,2.552548261092516934e-03,6.637936224815820137e-03
4.912256650169999905e-01,4.698684719594999670e+00,1.430252122880999899e+00,2.851665571647437446e+03,1.981260067077312062e-04,1.168834620727011184e-04
2.840260521355999934e+00,1.325825103269000049e+00,9.236829191550000040e-01,2.438740283863191871e+04,4.523625728800659274e-02,1.866134017199555828e+01
2.591842679742000222e+00,5.455767428059999924e-01,3.128995132180000249e-01,2.183643537597623799e+04,1.250160516297016411e-01,1.312334900706664484e+02
2.707681058807999808e+00,1.188166547440000054e+00,1.368354570683999905e+00,2.302123613349332300e+04,6.119984927882762132e-04,2.798106107867076348e-04
9.334631736999999818e-01,1.084828032894000094e+00,1.396954124512000073e+00,6.232148602321711223e+03,1.028336144109468220e-01,6.874080666507789594e+00
2.606236496290999849e+00,3.206513800514999790e+00,2.612652976975000207e+00,2.198318960459005757e+04,9.809792655557776631e-02,1.094828528839456112e+02
1.973256588716999937e+00,2.954345734778000221e+00,1.281659527671000109e+00,1.567211725662383287e+04,2.868040138480558096e-02,4.900543653958372436e-02
1.139014806100000055e+00,1.996885976949999975e-01,1.976902900989000011e+00,7.967529768330972729e+03,1.758352213919293439e-03,6.408071658803434767e-01
1.422883276459999957e-01,1.779318518618000056e+00,7.769473211199999785e-01,6.931361653852414975e+02,3.296867559744469656e-01,4.966760427654406840e+02
2.064726463313999894e+00,5.418273819654999990e+00,2.127258041600999849e+00,1.656422677571915119e+04,8.236238511993551397e-04,2.231819767223476060e-03
2.319364547355999839e+00,3.580959658257000022e+00,1.969947850495999964e+00,1.908500892501977796e+04,2.163408492740842917e-02,1.531865338468485771e-01
1.574781029311000058e+00,4.895380934003999762e+00,1.416676274127999902e+00,1.188280223842468877e+04,1.887355268660083352e-02,2.589220832337454148e+00
5.802726256129999705e-01,4.334762584275000386e+00,2.490431570745999856e+00,3.484576173953725174e+03,8.173953796001984457e-04,9.106388798762851851e-04
1.323021026726999949e+00,5.495522014320000093e-01,1.015608931030000051e+00,9.586238546028125711e+03,3.236022114231439095e-02,2.034722587517727277e+00
5.367041541460000342e-01,5.786407349534999689e+00,9.324566632409999611e-01,3.171397481563357360e+03,8.191540733488121562e-03,1.518901298542741918e-01
2.518941104049999824e-01,1.829984173885000009e+00,9.673506130790000546e-01,1.308031555275126493e+03,4.593731904610175165e-03,3.252248647261089115e-02
2.551596576412999973e+00,5.385241099558999878e+00,2.041951894168999804e+00,2.142682108111550406e+04,6.084411241666168053e-04,6.853486979352790267e-04
2.352875795685000160e+00,6.996452023379999829e-01,2.719807380466999991e+00,1.942054418352611901e+04,2.246940999200953692e-01,5.779453719940416079e+01
7.854142243409999447e-01,2.289936252833999930e+00,7.579589017790000494e-01,5.039497348631755813e+03,1.564694234972925993e-02,3.026920914939863039e+00
1.088003230563999946e+00,2.952064428962000164e+00,2.705306100191999796e+00,7.529126149284296844e+03,1.613881714278225105e-02,3.310926349196139373e+00
2.504339672402999817e+00,3.865581943667999898e+00,2.006372314005000046e+00,2.094723111595152659e+04,6.901501353481066803e-02,1.367641411572282450e+01
2.870688371247999804e+00,4.973344954957999775e+00,2.405655656805000042e+00,2.470240847038382344e+04,7.186033522362513144e-03,3.108334634860472345e-01
1.002011627144000050e+00,3.144354344113999833e+00,1.897951674206999950e+00,6.801381859295464892e+03,1.855136036425594423e-02,2.693816554763907578e-01
9.874136331749999718e-01,4.456387917133000087e+00,1.913540424090000025e-01,6.679320399278211880e+03,5.885986525405111081e-03,4.214318856477158870e-02
2.908373530971999799e+00,1.289815889285000017e+00,1.635267374082000069e+00,2.509327930130355526e+04,3.809123956375793929e-01,2.999009492072540866e+02
1.668105674988000109e+00,2.369141688513999977e+00,1.301928157547999954e+00,1.275477696646538607e+04,4.216943828981516151e-03,6.945420552836205352e-02
2.204903525613000070e+00,4.569159102243999904e+00,2.713950048318999997e+00,1.794542623300231207e+04,8.586853330928721773e-02,1.212915832358726398e+01
1.313951144957999917e+00,5.542991612095000242e+00,1.923169593015999990e+00,9.505175425943252776e+03,1.646422992157443171e-02,5.474405792501790824e-01
9.209896928370000513e-01,2.337330190464999902e+00,1.278589554650999993e+00,6.129669065791518733e+03,1.432290790874911519e-02,2.731184779802323437e+00
2.663351897390000111e+00,1.056009202098999955e+00,1.415852736791999966e+00,2.256683196517353281e+04,1.694085017702911394e-02,4.414248760989343268e-01
1.119548353067999935e+00,6.162336953821999863e+00,2.867257081471000113e+00,7.799665946198024358e+03,1.428708454730706102e-03,3.642031119521272221e-03
2.629157834172000108e+00,4.519443671980000188e-01,1.464753517694999951e+00,2.221716412747813592e+04,9.942569723736161338e-03,3.425160875660053228e-01
9.079644913650000149e-01,4.878606592350999804e+00,2.495674241679000094e+00,6.023031097349616175e+03,5.119384369344051611e-02,1.105488978237057296e+01
1.571421953580999897e+00,2.769314563848999988e+00,1.297091098981000057e+00,1.185161159299740393e+04,4.295206945122745888e-04,1.123083235423710672e-03
9.898676573500000409e-01,1.110397121029000012e+00,2.473461727159000034e+00,6.699808689311207672e+03,7.760446909699337615e-04,1.434880488374653791e-03
1.633884147103999984e+00,1.486719053540999980e+00,1.505174870142000021e+00,1.243383614168259373e+04,4.143567369642449372e-02,4.656239920232631846e+01
1.193305853617999901e+00,4.136562360580000042e-01,6.369430535990000530e-01,8.439255634912931782e+03,1.904764813855543484e-02,3.799152765898478723e+00
6.468875288680000502e-01,2.174337850597999999e+00,2.451967418305999846e+00,3.975617098173739578e+03,9.294903804700471728e-01,6.537973384603071736e+02
2.955323722096999894e+00,3.698623473716000198e+00,1.564456676597000051e+00,2.558136354461154770e+04,4.604913262821832415e-03,6.542746251110305167e-01
