1.599085674009000035e+00,1.449077759089999917e+00,7.783975008090000536e-01,1.210889294158627308e+04,2.608985941671421258e-03,1.020503628075571968e-02
2.451900587914999985e+00,3.174636451589999964e-01,2.327619552464000208e+00,2.041683403819825617e+04,1.189097093611714701e-01,5.362465109362239968e-01
7.722296997069999502e-01,5.582791042152999594e+00,1.018741698576000054e+00,4.935938378925720826e+03,8.894549177325261624e-02,2.975449538371033320e+00
1.871952393386000058e+00,4.848798045209999685e+00,2.501270900473000047e+00,1.469314936690913601e+04,3.405342954679064105e-03,5.791885045591553538e-02
2.892652369788000222e+00,1.418757827000000039e-03,2.198562244405999788e+00,2.493012135554413180e+04,1.321188829444749635e-01,3.948641484710353922e+01
1.755373618781000067e+00,2.997004518459000177e+00,8.677121509440000047e-01,1.357918500820008012e+04,4.948453155622793420e-01,3.087677761603112003e+02
2.237254582803999803e+00,9.501043926940000439e-01,1.062783550904000007e+00,1.826647870140133091e+04,1.309134968627455146e-02,4.550411557164597554e-01
1.194414886527999986e+00,1.734603971524000032e+00,3.566429586489999748e-01,8.448945172533240111e+03,1.003417770155952578e-02,3.909534728483289312e-01
1.947530919427999940e+00,1.041563665591000110e+00,2.598915361096000076e+00,1.542258901086792866e+04,1.574080249803320661e-02,1.009450047874298928e+00
1.340300491365999935e+00,4.314679392000000252e-02,1.609243438548999983e+00,9.741019674893950651e+03,1.816148793782610127e-01,2.877027515387919365e+01
9.508100487089999886e-01,5.164200976004000410e+00,6.167564171010000429e-01,6.375241083425446050e+03,8.314697913980844800e-04,2.419534941271807120e-03
1.999376580165000084e+00,1.412028644902999952e+00,1.807644751662000004e+00,1.592609655502058195e+04,7.047713971682596952e-03,8.745562464929865221e-02
1.480182220429999973e-01,4.625537662990000243e+00,2.428313643301999836e+00,7.236370808392914569e+02,6.516182519873716912e-04,9.786620268276292455e-04
2.619553156913999814e+00,5.144766720543000105e+00,2.419194058923999968e+00,2.211908111048577121e+04,1.462648784215946594e-02,8.396620151750125438e-02
1.107584962933999995e+00,4.239996199615999828e+00,2.932602229782999892e+00,7.696846676482585281e+03,6.966883251846747171e-01,1.180499437213218954e+02
5.322353950929999966e-01,5.621813531135000375e+00,1.887315012149999971e+00,3.139649094878822325e+03,6.882606249871540439e-03,1.634845695134981014e-01
2.337826636977000216e+00,1.450197004082000030e+00,2.443235440190000052e+00,1.926975917641202977e+04,1.704700624674784087e-02,1.103940377383755944e+00
8.916408087670000260e-01,3.698840886631999947e+00,9.546502488960000310e-01,5.889936646040403502e+03,1.949165759167708067e-01,2.346606855357594767e+01
1.230775158648999890e+00,5.487773523779999607e+00,1.779916155663999966e+00,8.767770715397637105e+03,2.913113456138403685e-03,1.360419882671264069e-01
