2.492235047778999846e+00,2.887940256450000076e-01,2.292267174738999991e+00,2.082463007949120947e+04,1.810408084245158089e-01,6.391738662025830742e+00
2.622383244331000007e+00,4.896391607303000271e+00,4.020285352929999778e-01,2.214797582021927883e+04,1.295311720731634995e-02,6.238502025488940061e-02
1.490050781027000060e+00,5.670607836569000249e+00,1.887892239436999908e+00,1.110037104456650377e+04,4.650116134484467978e-02,8.026534528030472515e+00
8.367610047000000051e-02,6.031177323608999608e+00,1.942243875578000045e+00,3.922738954118527772e+02,4.707846075975021805e-01,2.092531612116210340e+02
8.762687856369999473e-01,4.810040691502999621e+00,1.189447855002000010e+00,5.765168402733215771e+03,1.612959314846785976e-03,1.344038563575854564e-02
2.481748465467000120e+00,3.117517375439999849e-01,2.229237763433999930e+00,2.071849856904604894e+04,2.052668763492266485e-02,4.696914220661142503e-01
2.517744927225999962e+00,4.226691625287999798e+00,1.501406308423000047e+00,2.108312210807215160e+04,2.246045427528666014e-03,5.729202314257595546e-02
2.661723571676000155e+00,6.083495544310999925e+00,1.473616293751000006e+00,2.255016393270073968e+04,1.984952420094676304e-02,8.701280913668111294e-01
1.916632246290000063e+00,4.922700644916999657e+00,2.465275178776999976e+00,1.512370853582689233e+04,9.726227920918527467e-04,2.783922275884519962e-03
2.768209588877000193e+00,3.147036252223000208e+00,2.364051241370999978e+00,2.364364778669472435e+04,1.695567272114063828e-02,2.756254223828308314e-01
2.049991305955999987e+00,3.350908983979999922e-01,9.649523268969999457e-01,1.642000944520516714e+04,1.063256890840371012e-02,2.611092899152670910e+01
1.382886733197000062e+00,3.782461200460000006e-01,2.098761926488999841e+00,1.012437384694396133e+04,1.285768377887864210e-02,1.599610656193449332e+00
2.155120583696000125e+00,2.004506253023000006e+00,2.505476208461999921e+00,1.745302676118919771e+04,2.156954906292303346e-03,5.936762268568304690e-03
