2.488376948647999853e+00,1.884261931368000020e+00,1.026182282468000029e+00,2.078557463429118798e+04,1.289456095437177541e-02,2.974673476502484593e-01
2.552193932565999912e+00,2.083119844308999991e+00,9.881646365599999760e-01,2.143289298388990210e+04,1.407118871093952610e-02,1.847188126608364511e-01
2.439215475595999827e+00,4.860538779848999624e+00,1.137630728967000016e+00,2.028881749514548574e+04,1.115287048286346325e-02,6.630536610832392375e-02
1.029814075009999996e+00,5.259275050891999648e+00,1.213840117715000000e+00,7.035065416896037277e+03,1.371595369402523303e-03,2.912448861265594102e-01
1.453961966687000062e+00,1.643052048079000071e+00,6.694351552399999683e-01,1.076993949849912497e+04,4.802233414715514903e-03,2.771285142466448081e-02
8.332758891010000335e-01,6.269307854217999854e+00,9.814851878920000106e-01,5.419214812865682688e+03,6.142426889437753446e-02,1.687841519324664574e+01
8.139368621620000077e-01,2.444825574460000039e-01,2.340559541041999925e+00,5.265082802134838857e+03,4.479582187490310785e-03,3.347570157842554711e-02
5.669277233530000126e-01,3.691665608690000155e-01,1.078876486478000052e+00,3.387957863397968140e+03,9.022130276561456108e-02,1.733439486032768206e+00
1.617044986672999896e+00,6.231495635360000396e-01,2.004602989228000176e+00,1.227641481115271199e+04,4.094242257437474275e-01,3.851049280302491979e+02
2.739922494971999800e+00,1.948974002428000007e+00,9.906063763069999917e-01,2.335249586198492398e+04,1.157962594888337082e-01,1.178865047996266924e+02
8.637900937729999784e-01,3.943830669813999990e+00,2.188462222036000160e+00,5.664295123398916985e+03,6.861088217726016847e-01,4.500584800774986434e+02
2.916262907629000090e+00,4.293606727661000377e+00,5.293073472849999517e-01,2.517520959072657934e+04,3.128977750110462260e-03,1.417859373011574366e-02
1.297528394823000086e+00,5.151720945983999655e+00,2.474532437439999899e-01,9.358715476611489066e+03,3.844779756412221913e-03,2.212975961071329128e-02
2.109421152967000168e+00,5.102665320630999979e+00,2.579772182455000173e+00,1.700281953853354571e+04,1.090025286524143044e-01,5.107703361242882600e+00
1.748172962869999902e-01,4.449223449614000181e+00,9.983577512400000353e-01,8.687748403098374865e+02,1.333135064961927900e-02,1.802754881848814550e-01
1.104733652279999978e-01,3.158877893580999796e+00,2.385040509457999836e+00,5.272717634969536675e+02,5.262859524405607420e-03,5.895460006967528227e-02
1.524659232404000031e+00,9.941403183950000555e-01,2.419999391640000219e+00,1.141885555919227045e+04,2.022530032010972090e-01,2.481464959533076069e+02
1.591097171314000080e+00,6.207084856266000372e+00,2.310862002626000056e+00,1.203450182977627082e+04,7.287453447860962885e-02,8.654795220345997464e+00
4.194977579979999871e-01,3.904470532178999864e+00,1.938279133695000045e+00,2.363322491792202527e+03,1.137403214095111803e-01,3.196228617255339444e+01
2.193068209114000133e+00,6.773813133810000497e-01,1.930402815484999923e+00,1.782818148010246296e+04,1.764673667744416988e-02,5.654385932954281380e+00
1.080496230697000071e+00,1.409034876280000070e-01,1.509037262429999915e+00,7.465019167633790858e+03,3.468042511202137912e-02,4.945064437143938951e-01
2.578980235062999782e+00,5.505570872813000172e+00,1.709309389446000083e+00,2.170540883605509225e+04,5.857752154854326682e-02,8.256008928809093561e+01
1.677250150227999947e+00,4.898341429971999617e+00,1.783748576665999952e+00,1.284076489040001979e+04,2.675524205703669334e-01,5.661745814958675282e+01
1.005352849252000080e+00,1.353511155969999935e+00,1.648235479405000037e+00,6.829381754357109457e+03,3.068026593532999918e-02,6.567960042464470405e+00
2.709463194595000068e+00,4.315196625330999680e+00,2.477144413571000126e+00,2.303952976224889426e+04,1.665855964051855820e-02,6.993031914739561428e-01
8.011792689719999805e-01,1.103474808382999939e+00,1.688027704663999984e+00,5.163923552403990470e+03,3.909344791169615425e-03,1.616358072225838605e-01
9.588758459049999683e-01,3.815243147998999884e+00,1.988420702508999938e+00,6.441999385982174317e+03,4.815488294644394533e-03,1.686294344600081929e-01
1.850557958103999923e+00,5.168024513360000016e-01,1.025326869666000063e+00,1.448767637860838659e+04,6.756815220674677880e-02,5.813556235224652369e+01
1.547281725042999989e+00,2.939644143249000141e+00,2.366679903979000077e+00,1.162786849466479907e+04,1.837543478406985760e-03,9.818090397094734936e-04
6.943491802319999850e-01,5.768280146953999932e+00,1.851006247343000011e+00,4.333912920690640931e+03,9.507179995801674777e-03,6.554431558281421932e-02
1.464143109094999895e+00,5.723273029891999819e+00,9.821142448999999885e-01,1.086298255181022250e+04,4.483327000196097104e-03,6.482982583602456272e-02
2.842928453911000020e+00,2.870407044251999995e+00,2.863255553151000221e+00,2.441500135129502087e+04,3.368449582257955488e-02,4.234122049789846187e+00
2.219896582298999999e+00,6.538969545320000298e-01,9.813124553500000014e-01,1.809411405445394121e+04,1.722590215891873708e-02,5.012713275554310233e-01
1.323017272243000031e+00,3.457528897197000184e+00,1.017974336605999897e+00,9.586204964049182308e+03,2.101782687271629840e-02,3.640893230601482955e-01
1.991242554472999915e+00,2.009229042796000009e+00,3.025020578559999951e+00,1.584693784114223490e+04,7.456927211423007920e-03,9.251637935075733843e-01
1.035059252174000077e+00,2.119436971813999815e+00,2.362492352579999899e+00,7.079327277876325752e+03,1.299226536397401766e-01,4.697716805319791966e+00
2.778877752700999793e+00,4.398412764666000285e+00,2.382522972547000073e+00,2.375357744183835166e+04,3.277712777646599792e-03,2.713265894340323794e-02
2.895688843075999941e+00,5.725548076894000360e+00,1.745439114485999976e+00,2.496162371533348778e+04,5.327733167241906903e-02,2.626547571191401587e-01
6.124425731839999720e-01,3.344146177223000116e+00,1.699610095121999898e+00,3.719926563562090905e+03,9.319847000756366351e-03,1.220658244953558291e-01
2.491097475694000085e+00,3.832755553291999906e+00,8.860844700129999474e-01,2.081311340159569227e+04,5.935785535573448457e-02,5.699968398902159805e+01
2.473921360263000135e+00,1.385207826468999981e+00,2.594620208299000197e+00,2.063933225057085656e+04,2.775248595341821105e-03,1.499671761053395780e-01
1.295804265047999948e+00,3.782627970357999914e+00,4.751754133319999740e-01,9.343363623178445778e+03,6.903507272972603422e-03,5.186399409216458506e-02
1.243729829149999994e-01,6.664655619870000214e-01,1.677841955999000101e+00,5.990016835766771237e+02,1.628440062197685845e-04,2.505057742204123438e-05
1.910026345379000068e+00,4.681255246023000360e+00,2.831556919700000119e+00,1.505992843087645088e+04,2.207702548225921879e-03,1.344109613078316168e-02
2.198154415314999888e+00,1.983427378288999954e+00,1.455575774126999899e+00,1.787855337217553461e+04,7.221425496938303767e-02,1.532219750971765393e+02
1.879283141288000003e+00,4.313059348869999754e-01,2.710700490059999801e+00,1.476365860063731088e+04,1.632033867560047855e-02,1.754527526822114991e-01
2.171174130638000133e+00,1.620568567319000008e+00,9.732558247179999844e-01,1.761159026648432337e+04,2.151653898965840903e-03,5.376475205171752335e-03
