2.628536142751999982e+00,1.345382607294999922e+00,1.984195220491000056e+00,2.221081361921151620e+04,9.254439207365360281e-04,9.774881151349872760e-03
1.062251745193999897e+00,5.643781896834999756e+00,2.343488254528999892e+00,7.309667556405604955e+03,1.204705139508306655e-01,1.299722734701937270e+02
1.781055202079000033e+00,5.649750641908999782e+00,8.493102505799999813e-01,1.382337389468908441e+04,9.194573804334039632e-03,6.960778977980741633e-02
1.651449012415000084e+00,4.324254545544000017e+00,1.099721525190999971e+00,1.259839596329966844e+04,7.390410573695844337e-03,7.602276996455334390e-02
1.155441038006999932e+00,4.398495326588999887e+00,2.292474857201999949e+00,8.109707835195909865e+03,4.112854125803286289e-04,1.072800665263159287e-02
7.945939474600000052e-01,2.944797317280000160e-01,8.416340553579999550e-01,5.111870085149929764e+03,9.843874363732407762e-03,2.450870784376056322e-01
1.312941289737999950e+00,1.956357939874999952e+00,1.969223523901000084e+00,9.496157479194860571e+03,2.852876626983990443e-02,2.753326752294523949e+00
2.409037922688999966e+00,5.110610288093000442e+00,4.928012210189999798e-01,1.998472716383984516e+04,2.152101581933318387e-03,1.807987952895931741e-02
2.567094916447000053e+00,1.136283693950999929e+00,2.566537766097999995e+00,2.158443261400890697e+04,3.952938880360188506e-02,7.614904661792145646e-01
2.576950761064999984e+00,9.781183780540000372e-01,1.742403055220000108e-01,2.168474499393362930e+04,1.845275129792708002e-03,1.383587104763990723e-02
6.242541877949999707e-01,3.714513984317000084e+00,2.301996794799999968e+00,3.807183113365912504e+03,1.930051051393934583e-02,9.274870395112054522e-02
2.686311091582000099e+00,1.821548134573000022e+00,2.741099800364000139e+00,2.280202644815451640e+04,2.549803401288971462e-03,3.272138741493744313e-02
2.838018682272000159e+00,9.459065239010000514e-01,1.630509070131999971e+00,2.436421525565991033e+04,1.619638593422885768e-03,7.586145075261174764e-03
4.748517895580000037e-01,1.885254965664999949e+00,2.108082136864000145e+00,2.738425544129027458e+03,2.435411183318054052e-03,7.615027890134605515e-02
2.205925403329000112e+00,5.220073645887000069e+00,1.545722935162999967e+00,1.795555459435719604e+04,2.111031719996461515e-03,5.116343052275457159e-02
1.872820511760999951e+00,2.006230772356000003e+00,3.829594252990000114e-01,1.470149640940496283e+04,5.469523657736443008e-03,2.051977375236713544e-02
1.003126928307999988e+00,2.393689889092999845e+00,1.578331909826000024e+00,6.810725672867514731e+03,1.532836168436194357e-01,3.561442360980576183e+01
2.251610290553000215e+00,3.493614535500000340e-02,1.295339656626999902e+00,1.840921015163601623e+04,1.983579764529934050e-02,7.203600772062798363e+00
1.513364219759999907e+00,1.404673029340000046e+00,6.443100441939999534e-01,1.131474292341538785e+04,5.315524045423063448e-01,3.172826305951533143e+01
2.625481424409000120e+00,2.429615520220000102e-01,1.293282001998999897e+00,2.217961361351802043e+04,1.946993596244491198e-01,3.149907339907488790e+01
2.792630941547999956e+00,5.463180649690000390e-01,1.838075604152000109e+00,2.389539676091443835e+04,8.938047323372506903e-03,3.147558933283616245e-01
2.194156091410000009e+00,3.008415332149999788e+00,1.999817397084999948e+00,1.783895370490788628e+04,4.432601583131711744e-03,1.220924737654288106e-01
1.038863069303000097e+00,4.810100412368999656e+00,1.537874883111999935e+00,7.111460490167712123e+03,1.228333033072340208e-02,1.085636845589933730e-01
1.980144989218999951e+00,4.159791697290000201e+00,2.546374527907000029e+00,1.573903619157255707e+04,4.829155936602730348e-02,3.863926272798255290e+00
2.721378191230999999e+00,3.405127925907000197e+00,2.721887247299999979e-01,2.316188745274852772e+04,7.002222092026217162e-03,1.357705940333927552e-01
2.493143812713999985e+00,4.721524187361000102e+00,2.069349179602999911e+00,2.083383097245702083e+04,5.619804727493732735e-03,9.081413551970271558e-02
2.240171476912999893e+00,6.516251289490000431e-01,1.666476284075000036e+00,1.829546678005012654e+04,7.900536799013478662e-02,2.036469799831917005e+00
1.975688223859999870e-01,5.263217026639999574e+00,1.103539130981999961e+00,9.951328118830568883e+02,1.086552183627317175e-02,7.255914918858543672e-01
6.269197133610000527e-01,4.736300508390000275e+00,4.143405815969999906e-01,3.826935840929703772e+03,3.836077199683441893e-03,9.581783412363700445e-03
5.163195446360000496e-01,5.358809193895000433e+00,2.615910211930999818e+00,3.027154885823686527e+03,1.706940029526815561e-01,1.306172358811061196e+00
2.334705128517999828e+00,1.408536929490000089e+00,1.139386527437000085e+00,1.923850431271981142e+04,2.183393225925163179e-03,1.247964093685088351e-02
1.577564361262000059e+00,1.461983962167999973e+00,9.976537269009999598e-01,1.190865731533724647e+04,2.399736893580931441e-03,6.575417317582410090e-03
6.918353047049999871e-01,2.469992997077000041e+00,8.430219123809999937e-01,4.314766915177065130e+03,2.060043933206880378e-03,4.213961749220428328e-03
2.965335696852000158e+00,4.270741367158000124e+00,1.590790551600000047e+00,2.568560393008733081e+04,2.491627339567396068e-03,2.623215918547739875e-02
1.857406971659000039e+00,5.613894462842000443e+00,9.338232994620000449e-01,1.455340491447742716e+04,4.818146679280661121e-02,2.779323535206868456e+01
1.017271800115999936e+00,7.555334441150000080e-01,1.715472900883999952e+00,6.929450938184269035e+03,2.951768031915640300e-01,1.203417295214482721e+02
7.427654031699999493e-01,4.138357174010000028e-01,4.032434884939999908e-01,4.706193601274603679e+03,2.383719730444111735e-03,1.656654872034296275e-02
2.332364966009000007e+00,8.639063225569999505e-01,2.397278670807000189e+00,1.921507763413467546e+04,8.845550599479964568e-03,1.481486856654432804e+00
1.210096671365000098e+00,1.386983874840000075e+00,1.879852644237000048e+00,8.586179184199241718e+03,1.281403233627490153e-03,7.293332765536606789e-03
1.507114496697999906e+00,2.988522735760000271e-01,1.811541483872000091e+00,1.125720617401904383e+04,1.192867375806778724e-03,4.770485557316993643e-04
2.824609308936000041e+00,3.279359650242999802e+00,1.183532986079999905e+00,2.422558170176678323e+04,2.907274154577596005e-03,3.003399803252449485e-01
1.781847935307999897e+00,1.120660098512999969e+00,3.009363719183999919e+00,1.383092257437721673e+04,3.682622080863882930e-02,1.149194669838007110e+00
2.411300666379000202e+00,3.999377230010999984e+00,2.373361455267000153e+00,2.000750565601482958e+04,1.072827130961965560e-02,2.034180757601207290e+01
2.531250491772000011e+00,6.210799842873999665e+00,1.993146341315999992e+00,2.122015304902469143e+04,2.421338107092344850e-03,1.001442380404569954e-02
2.213486664869999954e-01,3.034802102518999956e+00,4.533314367829999747e-01,1.130194506673026353e+03,2.642085639664662131e-02,1.205112715129350032e-01
1.549828812898000008e+00,6.199618696898999914e+00,2.467993618372999798e+00,1.165144187052517009e+04,4.523733304156439018e-03,1.538034773233089118e-02
