2.493148864114000052e+00,6.159731878598999621e+00,1.328184463384000091e+00,2.083388211750892151e+04,5.468358271857061588e-03,9.937039191850549624e-02
1.835684827836000066e+00,3.380252044492999985e+00,1.360235550977000107e+00,1.434510445863103632e+04,1.417419443237110388e-01,1.374600891183597007e+01
2.732391081928000176e+00,8.473460708960000032e-01,1.192759093282999894e+00,2.327505861425397961e+04,5.716278240419816851e-03,4.536397238458236836e-01
3.750671985280000231e-01,1.542843824418000054e+00,1.839974924223999997e+00,2.071293596074619018e+03,4.679146625381089969e-02,3.656560926418787005e+01
3.066058880099999939e-01,1.352897881402999936e+00,2.237260300360000009e+00,1.638255321167463990e+03,1.355130856497052281e-03,4.205486639189658267e-03
1.114943431880000002e+00,2.624878594462999981e+00,1.894009252290999923e+00,7.760057749074936510e+03,6.224278116013343132e-01,3.163953828925451717e+02
1.607909253794999938e+00,4.134461395399999795e-01,4.711556760410000044e-01,1.219114981522064591e+04,3.530365674488259581e-02,2.855697802540801078e+00
6.878037275689999896e-01,2.385498392535999823e+00,1.618944021639999953e+00,4.284100570042710387e+03,5.486754772555118989e-04,2.797334170957069526e-03
2.577984832314000219e+00,1.027290528184999996e+00,1.814634907947999976e+00,2.169527343564077819e+04,4.400288111560769549e-04,1.068003167031734632e-02
2.153116743625000051e+00,3.158014092100999815e+00,1.127442044067999971e+00,1.743324942196757911e+04,4.585787895570987427e-01,3.557810584388008568e+00
2.529726218552000194e+00,5.870506617272000405e+00,2.073469841071999831e+00,2.120468122108230091e+04,2.209790416057755280e-02,1.335150004356305820e+00
2.676508055296999977e+00,3.469746400367000216e+00,5.671115942659999964e-01,2.270156353136073449e+04,3.867485545548426940e-02,3.122955527249129393e+00
1.663763361150000009e+00,2.146095558773000178e+00,2.100718639919000097e+00,1.271397845976642020e+04,1.733333020865692299e-03,4.558615062896931303e-02
1.706833108225999984e+00,1.350563166559000106e+00,1.286850372371999951e+00,1.311958817617563909e+04,2.608478644230462912e-02,2.185228422827155903e+00
1.496310826143999906e+00,1.431542756682000039e+00,1.812504330971000055e+00,1.115786391894690678e+04,9.525667916417768308e-04,5.410702641487653017e-04
2.123282964368999881e+00,2.996965622308000121e+00,8.015673839729999806e-01,1.713919368233083151e+04,5.005727812278170687e-03,3.156970119817723019e-02
2.805237429820000017e+00,6.992987269099999459e-01,1.402430806266000030e+00,2.402549012385352762e+04,7.507922961490901548e-01,5.320791895529608837e+02
2.131219569159999994e-01,4.005703088950000046e-01,1.714419041118000031e+00,1.083128819937861635e+03,1.903125090727524348e-05,1.789955295168619432e-06
2.455866224670999909e+00,6.070941217458000416e+00,2.642045323514000010e+00,2.045687791449312499e+04,4.657234557877740211e-03,2.973378217699821843e-02
5.479686134050000268e-01,2.316414503612000075e+00,1.371057699847999967e+00,3.251738890063062172e+03,2.760604718435311620e-04,2.339584511906119945e-03
2.700285096680000163e-01,3.657431883046000198e+00,1.316152920591000086e+00,1.415856517761007126e+03,7.199001002357632547e-04,5.235684976107844724e-03
4.276001043029999948e-01,3.396908669405999781e+00,2.242372748713000075e+00,2.417463074933435564e+03,6.818658892910285652e-02,3.620357350773218030e+01
3.459852137569999764e-01,5.457621027411000192e+00,4.051243068709999839e-01,1.884753556283480293e+03,6.465678117717902143e-03,2.402361739197217752e-02
1.064953770397000010e+00,2.659233677322999867e+00,2.650198580730999787e+00,7.332634781070349163e+03,3.237847109486812619e-02,1.716373495997528531e+00
6.160187498339999568e-01,4.785575520559999796e-01,1.594322386485000020e+00,3.746297851679017640e+03,1.228675222177431914e-01,1.396265289958087941e+01
7.753162759199999643e-02,6.135046975135000302e+00,5.481983231100000520e-01,3.619416192808794790e+02,4.203527910758354108e-02,2.153751998524445543e+00
2.685452315911999843e+00,4.539458471678999629e+00,8.548773802689999535e-01,2.279322319471900482e+04,2.664651210372713692e-03,3.163119639494383489e-03
2.946867473820999894e+00,4.647070097787000087e+00,2.182281840330000111e-01,2.549336374397970940e+04,1.120676461025194720e-02,8.252575524619558678e-01
2.679683154665999822e+00,1.770995741599000084e+00,1.642932016375999948e+00,2.273409582843446333e+04,4.695480438159075134e-03,4.014726468899432882e-02
4.166108856060000143e-01,8.353802979950000207e-01,1.844978300798000070e+00,2.344097065429954910e+03,3.703062815761146154e-02,4.788650246705926428e+00
2.450560319171999790e+00,2.659205600802000191e+00,1.284691731694000083e+00,2.040330287498817415e+04,7.091590770071061478e-02,1.165050866005342733e+01
5.116034536619999962e-01,5.981304255958000304e+00,2.402365982795000132e+00,2.993997116152676426e+03,1.504905221796591988e-02,2.456303489437797194e-01
2.832902658616000213e+00,5.068912456500999753e+00,2.787771302044999899e+00,2.431131060633758534e+04,2.530102623402239446e-04,2.989018501112515385e-05
2.580764439336999949e+00,3.800292784175999916e+00,1.283436967414000041e+00,2.172357760812361448e+04,1.067543011170994302e-02,3.050822191355875290e-01
1.761055383633000071e+00,4.296702763119999990e-01,2.204196066929999809e+00,1.363314861712294623e+04,6.768723431008574765e-02,4.785295830547815044e+00
2.977299223745999868e+00,4.200287604071999858e+00,1.790491253229000046e+00,2.581023515510769357e+04,1.160478554827702388e-02,3.103933546492511075e-01
2.030486233281000086e+00,5.899179647062999798e+00,1.230022953560000021e+00,1.622940210234174810e+04,2.203213471190966326e-03,1.866851628064223820e-02
2.418114433488999904e+00,6.043957540040000076e+00,1.240786394639999957e+00,2.007612032085327519e+04,4.699185229717964818e-01,1.397386133061186619e+01
1.197014139131000077e+00,1.205926907565000095e+00,1.001933557834999933e+00,8.471662861040085772e+03,1.000708969684575705e-01,4.100332757898652858e+01
2.330499016962999992e+00,4.614941366959999791e-01,2.036102462444000061e+00,1.919640109910532192e+04,2.201492207621815259e-02,8.185501944330804136e-01
2.243940359360999892e+00,4.288006565536999659e+00,2.995314796484000119e+00,1.833293182627723945e+04,2.696864866964682108e-03,1.370005570200701073e-02
1.759570943776000096e+00,5.513019039042999836e+00,8.968191244659999839e-01,1.361904654355264393e+04,9.660799178682305532e-02,1.088676774485620413e+01
2.904788680458000094e+00,4.178318936664999761e+00,2.236618165539999925e+00,2.505606259637927360e+04,1.517212249389785217e-01,4.890597791924053972e+00
2.281384216979999824e+00,5.731635964901999891e+00,1.608039642260999935e+00,1.870574913562617803e+04,8.483389800442031614e-02,2.921675942203480147e+01
2.120130587319000171e+00,4.437963670945999972e+00,2.505313149226000125e+00,1.710816595107721878e+04,1.048949351437984727e-04,1.148764676713316088e-04
2.341883610699999896e-01,2.327562093910000018e-01,2.778502116658000176e+00,1.204360943734469402e+03,1.562040641155662823e-01,1.224558835866035196e+02
2.524782597836999987e+00,1.776895389060000108e+00,2.590482671614999788e+00,2.115451276590556517e+04,1.371029569860009178e-02,3.312338020585852694e-01
2.764299041021999859e+00,4.635405233254999757e+00,7.243371283609999489e-01,2.360336878135011648e+04,5.372284026901781584e-02,4.305439771394947712e+00
6.566390052430000068e-01,5.680644562274999920e+00,9.796130941430000183e-01,4.048676957700281037e+03,1.194301899504282951e-03,1.903679336804791830e-02
