5.609695489189999718e-01,3.548819565919000052e+00,2.377242156933999873e+00,3.345015640774684016e+03,5.680916575741871977e-02,5.707280351673058050e+01
2.380814203043000177e+00,4.404112846153999783e+00,1.534258118052000075e+00,1.970091566682113262e+04,5.226059543860369846e-03,3.574154883717653441e-02
1.354520835083000030e+00,1.207182918215000011e+00,1.974723517589999977e+00,9.868732986589306165e+03,1.302363156928193211e-01,6.676718905639967616e+00
2.111946929466999912e+00,6.225412720475000050e+00,1.595445180947999919e+00,1.702765630290608169e+04,4.545913180786663801e-03,5.165954722533896981e-02
2.495454739132000110e+00,3.631130049999999887e+00,1.973961887556000105e+00,2.085723075872142363e+04,4.036631951887641179e-02,9.022084272289196960e+00
1.138318871954000056e+00,1.173164016182999925e+00,1.884201725370999947e+00,7.961516737583632676e+03,5.645285363053636346e-02,2.082603561960967653e+01
2.719176009069999900e+00,1.968588883680000068e+00,8.755364735449999714e-01,2.313926619583644424e+04,1.115313779335529209e-03,7.203914508282590126e-03
5.739884229289999862e-01,4.276765194259999903e-01,1.086010755076999956e+00,3.439002951756786388e+03,1.447703732525085349e-03,2.819670028089504496e-03
1.968453309884999891e+00,3.713589895939999885e-01,1.437899579048999898e+00,1.562548067251898101e+04,1.755355722893051085e-01,4.434916076104580043e+02
1.901705646883000034e+00,5.177093063570000098e+00,1.213653060129000094e+00,1.497965180738392883e+04,5.938986689948903136e-02,3.922076834351470609e+01
1.969280533037000014e+00,5.546861877396000118e+00,2.344915816042000056e+00,1.563351092496175443e+04,3.446944710671170919e-01,5.234684822719089858e+00
2.893700202116999964e+00,3.750874907501999811e+00,1.866473215664000040e+00,2.494099166345701815e+04,4.138253473740949838e-03,1.169985397095086643e+00
2.937247498936999879e+00,1.357993346228000053e+00,2.032882903530000007e+00,2.539330174959847500e+04,8.508781045918340077e-04,4.971963616436826314e-03
2.165473392082000181e+00,4.241095360252000290e+00,7.589767220290000171e-01,1.755525887007490746e+04,1.937753529670574459e-02,1.394452162547265228e+00
1.709580570813000078e+00,3.562111308132999810e+00,2.100890639180000186e+00,1.314553301990548971e+04,4.023863555501110134e-02,9.537402495317836681e+00
1.793137793707999972e+00,6.214739150108999688e+00,2.043846708678000113e+00,1.393850009900664372e+04,6.569864670560573126e-03,2.145481682518198263e-01
1.449218181523000082e+00,3.452384261339000115e+00,1.628743104383999940e+00,1.072663498523937051e+04,7.686452820671277331e-03,4.707954156477408419e-02
2.464576068922999852e+00,5.546267897765999599e+00,2.929599144887999884e+00,2.054486602829603726e+04,1.538014735722163275e-02,1.276920318430529444e-01
1.439913167900999991e+00,4.021717402550000209e+00,1.063453801972999990e+00,1.064178134667289305e+04,1.183950431505736839e-01,2.331379197302388917e+01
9.993664168029999795e-01,1.933560962760000057e-01,1.119489232807999946e+00,6.779230998719596755e+03,6.745492141463244398e-03,4.261225979494912691e-02
2.748814303316999830e+00,3.601922613575000209e+00,2.607949043601999861e+00,2.344396491442616389e+04,1.236584228624594724e-03,2.948293033520186027e-03
1.531947965709999915e-01,3.039945507851999906e+00,1.037024011491999964e+00,7.513548117603959327e+02,1.767013786900669629e-04,4.445848841608477644e-04
4.405789024160000067e-01,1.373642123999999944e-03,2.145213640453000004e+00,2.504742714678084212e+03,1.571179469691125208e-02,8.233329341502974685e+00
2.554135231344000001e+00,2.787288747613000162e+00,2.286580735729999980e-01,2.145262720272224760e+04,8.509531130327242787e-03,3.049943788724419624e-01
2.723298180658999978e+00,4.311747032927000234e+00,1.713155135770999982e+00,2.318161239488710271e+04,1.963894447674819632e-01,2.572121537020423148e+02
2.515694760435999822e+00,5.763980748154000189e+00,1.460759273192000052e+00,2.106233136760285561e+04,1.893682071093149210e-03,1.051018470730591230e-02
1.853176561201000050e+00,5.369309040824999713e+00,1.121307233779999940e-01,1.451280101398304032e+04,2.246166196333254303e-03,1.640629212128383307e-02
1.544994589335999979e+00,2.719017893949999820e+00,1.819987019974999898e+00,1.160670791588275642e+04,5.279901801321684393e-03,1.630583044821322380e-02
6.488628785279999533e-01,2.421060244287999819e+00,1.191757678194999892e+00,3.990393145851840927e+03,5.544392130690203868e-03,8.154593272904531176e-02
2.371100039158000161e+00,5.012940135067999847e+00,2.641930458926999847e+00,1.960336584538290117e+04,5.602603419091461458e-03,1.027812575957287589e-01
2.603689471836000191e+00,5.263911977701000389e+00,2.287643815865000096e+00,2.195721124688496275e+04,1.670382547976804188e-01,4.900610971726040077e+01
2.501814210568999997e+00,4.829087126231000227e+00,8.707906499509999732e-01,2.092164384158314351e+04,9.528332691717721547e-04,1.769209181177690141e-03
1.765705996349999918e+00,2.243920403886999981e+00,1.846877832205999992e+00,1.367734433131853257e+04,7.053852772871394266e-04,4.645206186772856218e-04
2.053559527976999810e+00,2.629935659496999811e+00,1.151424736817000083e+00,1.645491519636814701e+04,4.878245020156465189e-02,3.308472681031059182e+00
2.897574458014000154e+00,2.080097736767999805e+00,1.365040050633999913e+00,2.498118894414624083e+04,3.865855157985254725e-02,2.468431213190551254e+00
2.869732033896999823e+00,5.314274664663999559e+00,1.234945553907000004e+00,2.469249984508989655e+04,4.860352147548674395e-02,4.032295459361099788e+00
1.566825355008000020e+00,1.069268692419000022e+00,2.984348567939000052e+00,1.180895245249029722e+04,4.439274144063538007e-03,1.161279269367083977e-01
1.076111677956000046e+00,1.860504726637999928e+00,1.623758358149999914e+00,7.427626371296482830e+03,4.678837174340318428e-01,8.262489857883459763e+02
1.824219575305999985e+00,6.081279554646999763e+00,1.652824701456999890e+00,1.423535293600698424e+04,3.043151508900767462e-03,1.376839823600541253e-02
1.621120898163000090e+00,5.742598237931000327e+00,1.738258989134999988e+00,1.231448784780492315e+04,4.639999342663360914e-03,3.438564271102895892e-02
1.354474609648999905e+00,3.286422997564999893e+00,1.419681064231999912e+00,9.868317350149443882e+03,7.553579112795324457e-01,4.473791450988159681e+02
5.629696968039999971e-01,5.396343654206999574e+00,6.474616818699999721e-01,3.359417710277369224e+03,1.575974760781929940e-02,8.719949729435225727e-01
2.177284549967999805e+00,5.617491977819000226e+00,1.428337343434999962e+00,1.767199944131551820e+04,2.723415411575381695e-01,3.541870217413348882e+02
2.928213525005999962e+00,4.463115478903000088e+00,1.400822239732000041e+00,2.529938183880751239e+04,1.998609797925525455e-02,3.498691610957885167e+00
8.434435193560000377e-01,5.739774698687999610e+00,1.371281171938999899e+00,5.500624839329453607e+03,1.053727167790467593e-02,1.654734577517560576e-02
7.040736173749999605e-01,3.700960288252999941e+00,1.372694229239999952e+00,4.408148805503250514e+03,7.881978985731229485e-04,4.180775927813992592e-03
5.657183900640000429e-01,6.071036241508999787e+00,2.409079356241000003e+00,3.379232040720351051e+03,2.689608548924998233e-01,1.503053689145099980e+01
8.811002260439999567e-01,1.457853162761000076e+00,7.078324826530000280e-01,5.804323330203991645e+03,2.408357043778140314e-04,7.683707849324772555e-06
5.299522933879999842e-01,5.955405993391000408e+00,9.546226444609999806e-01,3.123456168223487566e+03,3.040562305351989045e-03,5.686312155100813753e-02
4.120135442769999878e-01,3.240208010489999957e-01,2.184545531885000003e+00,2.313551451566841479e+03,1.377492153850323753e-02,6.448016992794035618e-01
