1.727872698866999901e+00,2.636804887828000155e+00,1.873747040320000057e+00,1.331848173545846294e+04,1.666165795612344069e-03,3.065574239677441252e-03
1.960730685674000107e+00,2.186703305809999942e-01,1.732041584604000040e+00,1.555054412788167429e+04,1.570700812538458335e-01,1.556989192931848187e+01
2.445764740862999886e+00,5.541997794049000170e+00,8.164862425619999753e-01,2.035489772074000211e+04,7.368060818849332672e-02,1.380269512357328132e+01
1.853630928999999965e-03,1.633818604997999913e+00,9.179709733199999944e-01,8.189816373319622755e+00,2.022644295074753351e-02,8.697470149799285677e-01
1.222738887642000005e+00,3.684934117320000091e-01,1.601195863610000103e+00,8.697114441451258244e+03,7.144406050666454386e-04,2.586868900612750589e-04
2.824336852465000103e+00,1.201834320442999982e+00,8.716462909809999937e-01,2.422276598210935481e+04,4.866381343807532275e-03,5.617881968105052637e-02
1.934380517631000052e+00,3.678591583844999846e+00,1.689434413904000065e+00,1.529527537374610984e+04,1.398030606933045317e-01,1.593659828305119674e+01
1.325848658620000009e+00,4.858214388168000220e+00,2.291252526801999867e+00,9.611536354022660817e+03,1.991736314588189449e-01,7.251061686793511853e+02
1.090235663170000091e+00,1.687989899643000058e+00,1.810709195210000066e+00,7.548210898634435580e+03,2.770055105203318713e-03,8.039422940075200905e-03
1.484329616564999954e+00,3.383972804882999785e+00,8.097424568619999707e-01,1.104787230240863573e+04,8.423871060104563130e-03,2.600241282237488183e-01
2.541332826015000101e+00,4.989381635027999806e+00,9.098501969790000476e-01,2.132253105551250337e+04,9.352385749436180340e-02,1.534144063366291988e+01
1.298416620629999907e-01,3.086088385191999794e+00,1.461420479660000105e+00,6.275371073663773132e+02,6.788966763628816225e-04,6.949168779427732784e-03
6.272684084049999775e-01,1.450524859554999990e+00,2.460739219548000012e+00,3.829521492400162970e+03,1.834426276211519481e-03,3.592731507807296262e-03
7.022251462420000534e-01,5.731589377647999584e+00,1.532751933184999915e+00,4.394016553943417421e+03,9.650675931700344531e-03,5.486403788646596613e-01
