7.188866321989999530e-01,2.687051513856999918e+00,2.805754839302000203e+00,4.521754276531954019e+03,6.855383033196211237e-04,1.207671915254863223e-03
1.578409192919000059e+00,6.541973150799999803e-02,1.439907561946000003e+00,1.191650704858726749e+04,6.113656334741520391e-03,7.496149438468697745e-01
2.869579699367999837e+00,4.942438475812999776e+00,1.203710530274999968e+00,2.469092155313764670e+04,7.764923969084772462e-03,5.327907081120432098e-01
2.619831132853000177e+00,4.617435329663999610e+00,1.943494426728999969e+00,2.212191896917706981e+04,3.367097140650235267e-03,2.115588999064816622e-01
1.142959249780000075e+00,5.473060208916000313e+00,2.950435543169999786e+00,8.001627111066026373e+03,9.392792387503501143e-04,3.235990834169320211e-03
2.564379914220999979e+00,5.255238225850000333e+00,2.162795281211999932e+00,2.155681069468718488e+04,1.841807808621351572e-01,2.557010694720541366e+01
2.180617755292999949e+00,3.051612862298000106e+00,1.241450706701000106e+00,1.770496521544043208e+04,6.076977328390541916e-02,5.280438316076689631e+01
3.818524297720000127e-01,2.505861396952000053e+00,2.255590366467000063e+00,2.115348739259280592e+03,1.049099874351979572e-02,6.268005601094508439e-01
2.481509914267999939e+00,3.876717143327999882e+00,1.569785478248999944e+00,2.071608514606875178e+04,2.966483278138445662e-03,1.806540167623740811e-02
7.471616955800000071e-01,1.188788889989000008e+00,8.353143928409999530e-01,4.740323245639073320e+03,1.983022526022267321e-02,9.489517287394498624e+00
