1.045901552414000069e+00,5.901062068901000046e+00,1.514114458214000036e+00,7.170994758959831415e+03,8.505997671095865895e-03,1.245476365698390819e-01
2.339764548727000015e+00,5.161428709775999657e+00,2.074895097483000050e+00,1.928916664284151193e+04,1.632065322279706854e-01,4.412591442785952722e+01
2.740980914062999929e+00,6.117092944631999707e+00,2.090243727344999858e+00,2.336338118769243374e+04,1.247837116515831540e-01,6.388238083473660822e+01
2.854036773363000101e+00,3.534161687014000020e+00,6.544128444650000320e-01,2.452995598910961053e+04,1.727193977131579461e-01,1.386350053235594828e+02
5.940616237710000247e-01,5.497097503064000357e+00,1.908596443873000092e+00,3.585037195691557827e+03,7.756360478347358589e-03,3.440282948932761875e-01
4.062296948440000111e-01,3.269950995738999833e+00,1.831954665972000074e+00,2.275246794597910593e+03,1.194938925548120756e-01,3.009355796166934383e+01
2.838039021440999843e+00,1.531843785800999891e+00,1.081428885176999977e+00,2.436442561276017659e+04,1.020940513076471212e-01,5.219653073945194421e+01
7.602499088940000149e-01,6.184451662907999747e+00,4.180867465659999782e-01,4.842243590666006639e+03,3.789582954041934969e-04,1.879342187436088994e-03
2.589345041040000073e+00,2.180839034593000214e+00,1.526704701679999943e+00,2.181098408020675197e+04,7.133116107567729139e-03,7.874895541735076054e-02
1.039267924777000029e+00,1.751621172486000022e+00,1.541132984530000083e-01,7.114882253208736074e+03,2.618734932973803553e-01,2.241234582282177001e+01
1.404902287684999918e+00,1.039298817798000041e+00,1.434986750878999962e+00,1.032358212597437523e+04,5.751988062795700910e-04,2.098464491348306198e-03
2.709000293533000203e+00,3.447652842060000000e-01,3.589960352559999901e-01,2.303477789330057931e+04,2.604548995079808416e-02,7.399722698206206983e-01
1.266993060956000061e+00,4.881063334072999638e+00,1.202379456437000060e+00,9.087513521179393138e+03,1.544991354827969640e-03,8.706170096743916231e-02
2.073648348384999895e+00,1.252305537206999997e+00,1.775676196060000045e+00,1.665164015857626873e+04,5.592775600433177487e-03,8.994372629197167068e-02
