8.696316981580000105e-01,2.858226649420000154e+00,1.990226147088000053e+00,5.711470335875375895e+03,7.802349553789521552e-01,1.193069333874556719e+02
2.579427604924999784e+00,5.241862608295000392e+00,2.877874045826999794e+00,2.170996426218367196e+04,4.864227484263293141e-03,9.912571556123465910e-02
2.157620371524000102e+00,5.476649762982000347e+00,8.131232391189999742e-01,1.747770361903684170e+04,4.738638838050920205e-02,2.813616615611977956e+00
2.499739141810000120e+00,6.043946404457999577e+00,2.215154628957999972e+00,2.090062308364416094e+04,9.499060917846673113e-02,3.316150756348922535e+00
2.194745346672000164e+00,6.194149312192999801e+00,8.059200005329999472e-01,1.784478891756680969e+04,3.832673893795312484e-03,2.085615199745850801e-01
2.378589197204000083e+00,9.752726133639999517e-01,1.891332591947000097e+00,1.967856603836187423e+04,3.581176893820206542e-02,1.948468614323667081e-01
2.497791349768000213e+00,3.320319439086000024e+00,1.976528935786999952e+00,2.088089433635642126e+04,2.628869608110222245e-02,7.461534327940995137e-01
1.117364880483000089e+00,4.016473834500000062e-01,1.155260304323000087e+00,7.780880438354336547e+03,2.597196801016223855e-01,1.473995498244452449e+02
2.535513987599999908e-01,5.494558953921999667e+00,2.105642894629999873e+00,1.317817050968570129e+03,3.610643585804236555e-02,7.336777058364783999e-01
2.257827673920000111e-01,4.014682693832999583e+00,1.989338357714999894e+00,1.155710124822783200e+03,1.749538697858963677e-03,9.114988879077773332e-03
1.873805140346999965e+00,4.437821893004000096e+00,5.600434263839999538e-01,1.471096461030373393e+04,5.350658732321745235e-03,1.565450591836260036e-02
2.594235492481999916e+00,1.573295691276000108e+00,1.481219120315999893e+00,2.186082229858740175e+04,7.792114123962363102e-03,3.133306571822985775e-01
2.117117064267000082e+00,5.236580613353000402e+00,2.540939805594999878e+00,1.707851275359285137e+04,3.622491518262941496e-02,6.758286369951377104e+00
2.043486775944999945e+00,1.218805846813000082e+00,2.344127883080000085e+00,1.635640845966738016e+04,2.645444753666544805e-03,1.186962148965150024e-02
1.620492049342999952e+00,3.484906225951999836e+00,1.773658129019000107e+00,1.230861249432068325e+04,5.564952282224883834e-02,3.253339098880164038e+00
1.160310374705000092e+00,3.604114669717000119e+00,2.924697089994999999e+00,8.151946742333564544e+03,2.165988893985283572e-03,1.059802586094787946e-02
2.637175614905999943e+00,2.406021389339000116e+00,2.227917716537000103e+00,2.229908702438811815e+04,2.803514621062444881e-02,5.135556853172750458e+00
2.678735065401999904e+00,2.975948178408999834e+00,9.935500421339999999e-01,2.272438097699589343e+04,8.814911133781286323e-02,3.459762536926125787e+00
