4.595284987020000211e-01,1.090105156482999993e+00,9.512216047499999494e-01,2.622246518124862178e+03,2.114860808683692306e-01,5.211928674841314724e+00
2.886773929084999857e+00,4.625326258667000090e+00,7.650179584440000014e-01,2.486899988763574584e+04,9.545652009758853404e-03,4.477275301062025314e-01
2.732926916842000065e+00,4.725451231346999847e+00,2.285500133704000181e+00,2.327614995778880257e+04,1.450077115738469813e-01,8.154493695495682815e+00
2.132412071096000172e+00,3.634224829250000122e-01,1.647650283206000044e+00,1.720387624212775336e+04,4.589265148756068585e-03,2.658480273229267554e-02
6.258341717400000004e-01,1.848643234345000108e+00,2.578543636053999943e+00,3.789407831942198754e+03,7.913883786802284161e-04,1.199056193059558524e-02
2.641944809173999875e+00,4.157053116750000221e-01,1.625509100678000030e+00,2.234069546565503697e+04,2.630349002584374263e-02,4.036054766306262920e+00
1.708974091296000086e+00,5.178093114263999652e+00,9.096333660180000447e-01,1.309579425853017892e+04,1.125773845601180795e-02,7.179703020872203467e-01
2.021715701025000200e+00,1.090305716209999942e-01,6.590619840339999591e-01,1.611398097625605078e+04,6.769930274029761774e-01,3.339336908927736935e+00
2.171480737808999972e+00,5.178604690947000044e+00,2.015072320977000064e+00,1.759096460968063548e+04,3.043095075021411394e-03,1.272098780230477288e-01
1.843133662854999910e+00,5.492365523180000153e+00,1.781280596383999937e+00,1.437872951565719268e+04,3.252697734695408904e-01,5.585685534950811437e+00
2.886885034380000103e+00,4.943180852552999660e+00,2.757210549400999966e+00,2.487015503366483972e+04,4.457906372511654530e-02,9.173757734511120532e+00
2.886352494478999997e+00,4.428323671249000171e+00,2.278474811918000054e+00,2.486461835586345842e+04,5.212105576085792648e-03,1.437903728718019913e-01
1.788886849550000102e+00,5.641687574796000249e+00,1.827637818579000095e+00,1.385772006764215985e+04,1.832394610511947197e-03,1.933003728926299680e-02
1.554341221740999979e+00,2.770360267571000179e+00,1.541807889536999987e+00,1.164188822335465738e+04,1.344720208299871479e-03,2.071614495631442579e-02
2.653695159750999899e+00,4.966432379176000111e+00,1.749297449239000102e+00,2.246122646193432229e+04,1.746248489658306646e-01,9.728620726610630527e+02
1.997268482621000096e+00,2.145719651024000196e+00,2.085213411437000008e+00,1.587470028127471414e+04,7.581919762530825446e-02,3.515235438634162080e+01
2.230569932578000181e+00,3.033323204622000002e+00,8.888093601300000035e-01,1.817871669990708324e+04,6.334128141592388905e-01,6.664306221297220389e+00
4.383242349190000220e-01,2.229927066930000201e+00,7.227948684510000499e-01,2.480353615766548046e+03,1.879831988606870622e-03,1.800523730475952350e-02
2.529222028199999972e+00,2.017689461193000078e+00,1.528303300933999909e+00,2.118883595755208444e+04,5.331285662577038564e-02,2.372328465296203959e+01
2.828386471683999925e+00,4.566456562352000148e+00,2.616357116457999954e+00,2.426290172661795805e+04,5.474668759645352940e-03,5.600123321315288172e-02
2.510365084142999859e+00,5.347876369854000167e+00,1.037130054469000084e+00,2.099694288688688539e+04,1.102100172350433671e-01,5.549930473503644635e+01
2.682751461231999812e+00,3.343871155142999818e+00,2.075566438462999930e+00,2.275963942298170878e+04,1.378809780432938836e-01,1.426378583012699153e+00
1.978056181316999895e+00,5.454700740686000415e+00,1.952121892884000065e+00,1.568703056207529698e+04,1.581772712863947217e-01,9.091386870086403178e+02
2.165781505666000140e+00,3.948557629759999799e+00,2.767064659997000131e+00,1.753442073517006065e+04,9.593527247988750117e-01,3.909862866025741113e+01
1.081483003261999976e+00,5.235238754330000077e+00,2.590823540470999831e+00,7.407753280506165538e+03,2.070614629636829355e-03,6.867956128809142580e-02
2.610672182135000075e+00,3.943945348075999835e+00,1.407917525408999948e+00,2.202032880399529677e+04,6.354285725130314616e-03,1.609441210882643358e-01
2.902824377546000090e+00,3.480481822869999853e+00,2.380913183946999911e+00,2.503594466098112753e+04,1.912138872459664615e-02,8.721100315052134899e-01
1.739267971942999980e+00,4.054524965085000154e+00,1.773554741876999907e+00,1.338382535406090938e+04,3.972601465449697097e-03,9.424961440014115177e-02
2.207481694978000064e+00,4.992303005567999996e+00,1.536958663510999967e+00,1.794873622692071876e+04,2.365828594991071718e-02,4.858895230686395728e+00
2.374404464596000075e+00,4.958798060800000129e-02,2.129669560910000037e+00,1.962050364198138050e+04,4.467909957876218391e-03,9.022650762800644986e-02
2.892358836486999873e+00,4.144933867384000159e+00,1.790516001669000046e+00,2.492707388783713759e+04,2.297068850757269867e-02,2.975342021942389170e+00
1.843175805361999986e+00,3.965995066111000167e+00,1.219092227958999963e+00,1.437913542231272731e+04,4.224366676973962363e-03,1.084189455908862454e-01
1.231289107245000070e+00,6.195540348899999938e-02,2.097272304231000195e+00,8.708367185796023477e+03,4.896754302331940423e-03,6.878447567581560951e-02
2.341183020347000099e+00,2.184666317972999927e+00,8.456067583609999661e-01,1.928614014672402845e+04,3.959320793767409988e-03,1.148166407700004915e-01
2.834701810222000073e+00,4.735715559954000398e+00,5.921026438980000473e-01,2.432836678480151022e+04,4.086148424975688705e-03,2.392948179156481614e-01
2.751971657346000022e+00,1.707066970896000013e+00,2.399539440250999967e+00,2.347259019937899211e+04,2.647998531527669466e-02,4.649506144984601796e+00
1.359601394060000024e+00,5.010257125489999686e-01,1.214888157127000046e+00,9.854577977613256735e+03,1.146527135000120073e-02,2.882313800103978862e-01
2.629714109837999914e+00,1.580405877482000010e+00,1.438810066088000106e+00,2.221532782449175647e+04,6.319403741156909282e-02,1.305512148803236627e+01
