1.539471502707999928e+00,3.569199416816000170e+00,2.248676169274999914e+00,1.150360107898347997e+04,2.069347619837713370e-01,1.275382112842233573e+00
2.917829882619999982e+00,2.245583192723000110e+00,1.890911357620000122e-01,2.519214852055256779e+04,6.529617867375295433e-03,6.341074845913925728e-02
2.925001392016000068e+00,3.757095168164000132e+00,1.650852364983000031e+00,2.526684515732808359e+04,3.979849978293466262e-02,6.502874239435752379e+00
2.372223751357000143e+00,5.547380546876000018e+00,2.860835756389000117e+00,1.959853115704546144e+04,1.317813906156377335e-01,7.839866716197545493e-01
2.097864018050000112e+00,4.827784828498000280e+00,1.959191389661999905e+00,1.686261500500939655e+04,4.590660999530139091e-03,3.198646173478277288e-01
4.500751947889999882e-01,1.831749453458999977e+00,2.455621652854000025e+00,2.558780736217933736e+03,2.508303898233649881e-02,6.586697058437615548e-02
2.788377119096999923e+00,2.912301703677000031e+00,8.647535122220000314e-01,2.384869004034070167e+04,9.060901890018817351e-02,1.525859294530631516e+00
2.563127449395000035e+00,5.083489672107999624e+00,1.982634448695000051e+00,2.153444575668067773e+04,5.467465987471047395e-01,3.380674889900004700e+02
1.920524301746000084e+00,3.004862820426999814e+00,3.097080024522000041e+00,1.512705867680527263e+04,1.048637181685735907e-02,3.874379696735046341e-01
1.282056129919000087e+00,2.286500204574999806e+00,1.793163268919000020e+00,9.158584296272349093e+03,9.992669828302887247e-03,1.724647933687894208e-01
2.478820172092000007e+00,1.169515167300000033e-02,1.592048139789999928e+00,2.067646766358096647e+04,8.038381019094904545e-01,2.325149073485195572e+01
1.565613140018000005e+00,3.839153497641000001e+00,1.921051058234999998e+00,1.174690159813478385e+04,1.889462091928859402e-02,1.378497842818598107e+00
2.765462544956000190e+00,7.826843713690000426e-01,1.554581203124999922e+00,2.361187270113082923e+04,1.300721973741169810e-02,1.124563698966290604e+00
1.701748507854000003e+00,4.967372949814000016e+00,1.752486678806000064e+00,1.302724273920205997e+04,1.774455741257121091e-02,3.749943167021028589e+00
1.233007944874999984e+00,1.924022314452999982e+00,1.423783268625999909e+00,8.723536641296655944e+03,1.151685976384145133e-01,5.997515143162723206e+01
