2.324856706262000028e+00,4.722883248159000402e+00,1.446299059965000078e+00,1.912211376407803982e+04,8.841899298357982703e-03,2.683978611730208019e+00
2.512009668270999807e+00,4.316650280439000120e+00,1.246991649339999952e+00,2.101367142733195578e+04,4.600263356794138253e-02,5.157756460132421950e+00
1.188643924403999907e+00,5.893082541212000258e+00,2.906307363513000119e+00,8.333720409993000430e+03,1.395259237417247056e-01,8.045879438417588858e+01
1.256687668415999992e+00,1.060446920018000005e+00,1.537620670959999991e+00,8.933050948158497704e+03,7.605885678489720733e-03,2.771543481651916330e-01
2.414280627609000085e+00,5.117076185085999818e+00,2.265765563402000193e+00,2.002288185041590259e+04,8.115814606611970738e-01,3.113320438887290038e+02
1.920193716752000013e+00,5.548099829842000119e+00,8.205956165190000373e-01,1.512384988093262473e+04,3.320520946626151580e-03,1.407088272106882809e-01
2.493304180516000113e+00,1.508775699717999963e+00,2.202131681706999800e+00,2.082353423264238154e+04,8.687475468116006017e-01,8.459250772053403011e+01
1.597203082557999920e+00,2.900553801493999995e+00,1.457727183992999942e+00,1.204204305818176363e+04,8.996741998849810962e-03,1.794621748766074276e+00
1.933300192959999997e+00,5.207819007820999602e+00,1.261746746777999917e+00,1.525114538043091852e+04,5.691490707075331015e-03,2.314090930723435302e-01
5.966829228329999513e-01,5.557450234581000181e+00,2.546094104828000138e+00,3.578276582283932385e+03,5.654367230157671120e-02,3.956946511538189526e+01
2.718972116967000030e+00,2.229244799143999867e+00,2.240253072625999931e+00,2.313234699539965732e+04,1.099989736006544705e-01,6.074849349821153766e+01
1.455424294413000030e+00,2.669581128317000118e+00,1.906811306644000004e+00,1.072740243016263230e+04,7.221385757504087538e-03,4.271661593044183136e-01
2.883470525922000149e+00,3.060463100321999974e+00,1.587809375735999895e+00,2.483465793228564144e+04,1.912840949052480120e-03,6.553358259195170010e-01
3.101620111219999809e-01,5.120385662799000315e+00,2.509659316025000031e+00,1.660463340497995887e+03,4.306256197222793625e-02,4.390063689745634434e+00
2.215011281929999853e+00,2.952084960549999915e-01,1.237573903739999981e+00,1.802369261748160352e+04,2.159016937553659074e-02,3.697338728457698842e+00
3.891601195180000028e-01,4.956092772717999750e+00,8.849444830949999563e-01,2.157965411312878587e+03,5.993029941863443769e-04,2.309549781188408382e-03
2.310664407940000054e+00,1.322897746109999995e+00,1.103013821683000106e+00,1.897968547592736650e+04,2.701830525932290561e-01,3.114102582992311241e+01
9.162846799410000465e-01,5.977064949801000004e+00,1.147656005560000025e+00,6.029805221966811587e+03,2.623437004777880166e-02,9.178436454456322113e-02
2.181875796037000104e+00,5.644038636340999560e+00,1.666921479493000069e+00,1.769416397615969254e+04,2.956995350553505951e-03,3.221338608254288305e-01
2.252635651214999868e+00,4.913783309921000431e+00,1.444088263729000010e+00,1.839889514141673135e+04,2.020632064356363972e-02,3.540360952621823287e+01
1.720340368218000071e+00,1.594776602849999891e+00,2.723713116162000070e+00,1.320374634238845465e+04,3.681747414898207255e-02,3.480435847891226175e-01
2.761127905362000146e+00,2.742981256371999965e+00,2.010609739738999924e+00,2.356710943682644574e+04,5.915491949516330644e-02,5.402066772215564860e+00
2.287559268536000001e+00,3.139276954646000206e+00,7.202940856709999506e-01,1.874813108727252984e+04,6.632101807377119643e-03,8.915465201463539102e-02
2.561347319740999939e+00,3.809058454880999811e+00,1.142304477171999899e+00,2.151628114680235740e+04,4.096608161941080184e-03,9.080098313119550069e-02
2.778725256246000086e+00,1.193161350449999936e-01,1.688067899773000091e+00,2.374890298069925848e+04,5.277242696760294643e-02,6.605328333013830822e+00
2.233930597811999874e+00,1.894746676370999916e+00,4.213844085690000019e-01,1.821222470173059264e+04,2.586012451423058134e-01,6.603433318062752910e+00
2.705173505013999780e+00,2.366237162455000043e+00,6.447654410859999796e-01,2.299026748616843906e+04,5.399406013699065143e-03,1.865458078283545706e+00
2.251726626908999940e+00,4.552266707199999901e-02,1.020901877813999992e+00,1.838981725173276209e+04,1.498749907507621569e-02,3.027973688568021404e-01
9.840473778870000299e-01,2.160350509181999890e+00,2.934763561629999962e-01,6.587102489293914914e+03,7.214460298002618732e-02,2.327612478017062614e-01
2.951865683759999914e-01,4.189457973848999650e+00,1.215579170033000089e+00,1.569172941483235263e+03,8.017602791392117179e-03,1.427802440604722389e-01
2.624833108949999882e+00,5.156134793837000352e+00,1.841192565600999975e+00,2.216532229841213484e+04,5.912817633312214202e-03,4.583467509872219958e-01
2.432562761584999844e+00,5.635511143388000299e+00,1.168802035733000011e+00,2.020773308727410404e+04,5.876081801334991431e-03,1.647568602370268476e-01
7.583572952960000446e-01,3.994543687925999897e+00,1.263246261798999903e+00,4.780530796926223957e+03,4.526630288279195891e-02,1.916883518742800518e+01
2.807059623909000212e+00,1.345429548809999876e-01,9.506033104950000201e-01,2.404199385031323982e+04,4.421558356787881894e-01,2.471469537870032340e+01
1.946384817501999986e+00,6.242351683075000324e+00,1.468846355778999913e+00,1.537838801104830964e+04,4.673789320444675377e-02,7.577771644216880098e+00
2.904145448908999949e+00,3.295025450344000184e+00,2.220123219800000047e+00,2.504969180337250145e+04,6.132809541722743923e-02,1.001177070782490963e+00
2.570076468463000197e+00,4.433417876445999717e+00,2.134896502641999927e+00,2.160537129200988420e+04,6.307464194440140504e-02,3.295930804364799904e+00
2.567269206496999967e+00,2.004392913101999962e+00,1.804567722573999999e+00,2.157671506579783454e+04,1.280322248317116440e-01,6.566771584137011359e+02
