1.100915453849999892e+00,5.421247468413000092e+00,1.246056383271000101e+00,7.573936332039023910e+03,5.205946759765262000e-01,4.077576715432484455e+00
1.547880002697999968e+00,4.394326135430000058e+00,1.869589025310999908e+00,1.158176490800979445e+04,1.437017627273002862e-01,2.115582470350021005e+00
3.447110955700000146e-01,3.003742490243999974e+00,2.356170681063999961e+00,1.874811265942957107e+03,4.345453378336639472e-01,5.100602636522009448e+01
1.392696733078000015e+00,2.068332186700000130e-01,4.892569558570000199e-01,1.015449848787017982e+04,6.713017617602653857e-03,7.193804883101324876e-02
2.940176490474000204e+00,9.547819988629999699e-01,6.653718292329999784e-01,2.542499736324563128e+04,4.868029159022233543e-01,1.313587631797472710e+01
7.502204189840000481e-01,3.608214581429999845e-01,1.967363584636999896e+00,4.718257481202892450e+03,1.670904650241901521e-03,9.029582713613924436e-03
2.194026058703999915e+00,4.756387877843000211e+00,1.302829507188999925e+00,1.781489690103483008e+04,4.182930763147430647e-02,3.435080223421012935e+00
1.664497203934999892e+00,4.811324945309999990e+00,1.950211538518000109e+00,1.267475355438239785e+04,1.165898654494548249e-02,2.224530066148497354e-01
1.057977512844999968e+00,5.333200705290000343e+00,1.837587181690000016e+00,7.207820014750524024e+03,1.933118750152120055e-03,3.005568004846951857e-01
5.793458546049999880e-01,2.888480953444000132e+00,1.383751578328000109e+00,3.453969165043621160e+03,3.169099167973807307e-01,5.961864028260315962e+01
1.657478617890999928e+00,2.833924968365999941e+00,1.648549362827000042e+00,1.260851663706391992e+04,1.917252230507908439e-02,2.952028227143893346e+00
1.821762163625999964e+00,4.900315453383999653e+00,2.051319430910000019e+00,1.417311265435960740e+04,6.470324799217265499e-02,6.719203411717353447e+01
2.583532390010999880e+00,5.495559733200000352e+00,2.147343628840999941e+00,2.174279783476070588e+04,3.547763062029579001e-02,3.547715194858579224e+00
2.202655589982000173e+00,3.793112882053999879e+00,1.975677763361000094e+00,1.790071599584443538e+04,2.619798705554428619e-01,4.414293760148247259e+01
2.523346404373000063e+00,4.891250522669999823e-01,1.139941425966999988e+00,2.112901989817763388e+04,2.271282447659369111e-03,1.508314761270847411e-02
2.741156509512999939e+00,1.947291566190000045e-01,1.285419559638999898e+00,2.336100923913985753e+04,1.270671022578622432e-02,5.106833599098885568e-01
4.921119508790000041e-01,1.606920524458000044e+00,1.198542389707000000e+00,2.843497388507035339e+03,3.639607907774424205e-04,2.050868944604146600e-03
1.062975209326999959e+00,2.289625421304999797e+00,2.412197328557999843e+00,7.250228668574163748e+03,7.961122803655978908e-02,5.316370760262400381e+02
1.034364955900000105e+00,4.149092405369000147e+00,1.399206728530999921e+00,7.008202482818319368e+03,2.058048632934301320e-02,8.963544164035963657e-01
3.104654249039999758e-01,1.383548078620000066e+00,1.956954325806000039e+00,1.662323215776018287e+03,3.878956244576607908e-04,1.771977774191734476e-03
2.017300837421000193e+00,5.865444383358999758e+00,1.399302115078000064e+00,1.607073086748247260e+04,1.411698755108422264e-02,3.240213241073491179e+00
2.593696769749000097e+00,5.205271485885000438e+00,1.235931251408999954e+00,2.184668399339777534e+04,6.721035057804895622e-03,1.235755338376351542e+00
8.906702667779999860e-01,2.780119984846999959e+00,2.308483365598999804e+00,5.822269498438210576e+03,1.158869026857540195e-02,4.238550340670709793e-01
2.740071580431000076e+00,6.079108648483000366e+00,2.316414910629999824e+00,2.334981972749116903e+04,5.100680206093451130e-02,1.295800210434753730e+01
1.350966861327999924e+00,6.175897625105999822e+00,2.076584992451000033e+00,9.776605444721441017e+03,3.324143249850626623e-03,6.263472891167495837e-02
1.720765953189999919e+00,4.446479672630999858e+00,2.450852825322999973e+00,1.320779110273052720e+04,2.778112382048367884e-02,2.836799146580083075e+01
2.587402426719000115e+00,4.426220890888999726e+00,2.269791972120000167e+00,2.178234422813966376e+04,1.430206652405841689e-02,1.544575531750601582e+00
2.630590465701000191e+00,2.493145559563000102e+00,1.236672734394999917e+00,2.222430756116842895e+04,6.581933070013630191e-03,1.727142355151125019e-01
1.110349974261999995e+00,3.263058222219000104e+00,1.872983769383999908e+00,7.654904265633881550e+03,4.460566215787946098e-01,3.698028853859894838e+01
2.958831485076999890e+00,4.911307923700000133e-01,9.709902091019999570e-01,2.561958612037699277e+04,1.188475181311155204e-01,3.369465238163150467e+00
1.212723395934999893e+00,6.244471336515999838e+00,2.382635705739999832e+00,8.544855177054832893e+03,4.400327204416627780e-02,3.756011901430139410e+00
3.585918413590000187e-01,1.460385082808000057e+00,1.045796552332999951e+00,1.962360749743970246e+03,7.518486087876111992e-04,1.788488447099683895e-02
1.082984000174000094e+00,4.213054365448999583e+00,2.789516180470000162e+00,7.420561003946241726e+03,5.664768600248257235e-02,5.804555196614390233e+00
1.151333544129000019e+00,9.228181580859999844e-01,1.443234704093000031e+00,8.008733343324131056e+03,1.735084767326246181e-03,6.006770080998878429e-03
2.546235399767999841e+00,1.839425296586000069e+00,2.119687995966999861e+00,2.136216591672925279e+04,3.607903823656031812e-03,2.355551451337560276e-01
2.585338084937999881e+00,1.790482781728000017e+00,8.292345560649999614e-01,2.176124831078730858e+04,3.235341114218783648e-02,1.410422591063642450e+01
2.383014788777999993e+00,1.472366012409999980e+00,1.607587856487999955e+00,1.970729275734574185e+04,3.104977428398100411e-02,1.854669417624271688e+01
2.701598834180000130e-01,1.968682479858000045e+00,1.590402216848000094e+00,1.418862624039750699e+03,1.854245313940400394e-03,1.396480556222510182e-02
1.296998218022000104e+00,2.424592736745000199e+00,1.574485969549999975e+00,9.291933095455618968e+03,3.107162375018724526e-03,1.683385243891650229e-01
2.030748005602999839e+00,3.765409951410000122e+00,1.516013274037999903e+00,1.620251881962371954e+04,1.654418166889862207e-02,1.512805137195514515e-01
1.362241866791999989e+00,1.385577984144999997e+00,8.050279414580000514e-01,9.878445352728243961e+03,4.080819317123285384e-03,4.002034986966427343e-01
1.470510010129000067e+00,3.274074902111999918e+00,1.126602494306000013e+00,1.086601969342399207e+04,4.747901684133423728e-02,1.997544087670520552e-01
2.307119122346000140e+00,5.171003749513999992e+00,5.924407101580000390e-01,1.894412977050246627e+04,2.515535132374949190e-01,5.345216216460295655e+00
2.097166519816000108e+00,4.428290718230000200e-01,2.309456291952999951e+00,1.685573539316023380e+04,2.665813492549880953e-02,1.761960555601486955e-01
