2.244129168175999833e+00,8.673424242880000135e-01,2.150343634364999978e+00,1.831397078039156986e+04,3.891221814965448167e-02,1.524142425113387489e+01
2.541621894259999959e+00,4.400007774395000126e+00,1.860068945025000087e+00,2.131514553368741326e+04,8.646503232088133262e-03,4.825988684429605713e-01
1.060572181553000037e+00,5.596541661070000284e-01,2.114891502365999987e+00,7.229830540193466732e+03,1.125991297483214075e-02,1.547974885634371578e+00
5.496929046580000255e-01,4.977697691710000427e+00,1.769347817759999941e+00,3.243596277358146835e+03,7.888465298510822718e-03,2.240616586731036253e-01
1.043611213076000022e+00,2.463985621900000034e+00,2.039752604216999998e+00,7.086220278934179987e+03,1.444842618974041641e-02,8.079028267602561542e-01
1.084260980985999989e+00,9.180571832200000448e-02,2.333827560036000115e+00,7.431461057044233712e+03,2.018301808339003061e-03,4.343088465867329245e-03
1.859015737718999972e+00,3.346806114058999970e+00,1.950760031503000036e+00,1.453182666671281549e+04,6.497799749260098345e-02,2.633059941382700941e+00
1.919909706035000108e+00,4.083902811230999852e+00,2.640609904934000163e+00,1.512109348741471695e+04,4.669612098092264935e-02,7.720222518820470947e-01
2.029234058047999945e+00,5.683485875337000337e+00,6.259413067719999946e-01,1.618767379741453988e+04,1.650351015855328063e-01,7.127586627090460070e+01
2.069353360501000161e+00,6.079967000633000218e+00,1.639254434823000040e+00,1.658173963943323179e+04,4.809112172094481830e-02,3.868890664781452937e+00
