2.498720693379000046e+00,5.144848420380000453e-01,1.213622025540999960e+00,2.087856806359422262e+04,9.743185411636058613e-02,4.806655846584685321e+01
1.440057066085000059e+00,6.127691767381000076e+00,1.411825555449000014e+00,1.058652653866848595e+04,5.426195413137596159e-03,1.733865714436441940e-01
9.157387379710000275e-01,2.682799508641000141e+00,1.852531979951999919e+00,6.025363354765642725e+03,3.033714288780871033e-03,1.173174323455723235e-02
2.089979202612000098e+00,5.199936640705000279e+00,1.955770891917000043e+00,1.678486864892374069e+04,3.160512303138061398e-03,3.012049798325942884e+00
1.444658984401000046e+00,4.955757780653000211e+00,1.625976515237000042e+00,1.062867863736561230e+04,1.384701480877908834e-02,1.000214576252793819e+01
2.223314336301000171e+00,4.176817809194999676e+00,2.800506679459999759e-01,1.810639972244453384e+04,2.658385841745791386e-02,2.279094611218444033e+00
1.499069025152999890e+00,1.183390492825000084e+00,2.327419935205000012e+00,1.112929533397795240e+04,2.574952174657448856e-01,1.662320071688989458e+02
3.743569596240000075e-01,1.132170626610000008e+00,2.292383022624000066e+00,2.062765164620973792e+03,1.097708440847771673e-02,1.081206064111190024e+00
1.192559635337999913e+00,9.352105722839999524e-01,1.258310859630999978e+00,8.367981105291604763e+03,2.220961781798813303e-02,4.100594666139437905e+00
1.428140856479999998e+00,1.565438757072000087e+00,9.629475738099999571e-01,1.047751832682378154e+04,2.334122958508650161e-02,2.019832486225335622e+00
1.727652377509000026e+00,2.794900514616000198e+00,2.648487131296000108e+00,1.327326742474341881e+04,7.785929254353135542e-02,3.764981964461764363e+01
