8.875659998739999779e-01,5.331664471696000440e+00,1.449277660798999889e+00,5.797239411137221396e+03,1.036631482967718433e-03,8.791034955922438082e-03
7.169885496710000083e-01,4.446555423893999937e+00,1.724775805621000080e+00,4.465859903355139068e+03,1.375081135739934790e-02,1.003530081412207009e+00
2.593582398607999995e+00,2.612694657357999883e+00,8.240711085869999453e-01,2.184551468264546929e+04,1.695573939136296171e-01,1.117278748887205495e+02
2.630027830497000174e+00,4.692316798800000299e-02,2.513982350656000175e+00,2.221854234172198267e+04,1.264940389868957592e-02,2.406960539428827095e-01
8.674809317510000506e-01,8.023082610139999904e-01,2.367939226257000040e+00,5.635940825618225972e+03,1.635521822766526981e-02,9.854122640173351710e-01
1.818747351534000023e+00,5.592691226251999659e+00,1.902641878609999893e+00,1.414414386429226397e+04,1.000267686344851262e-02,4.178352890249906748e-01
2.637767396029000011e+00,3.860583353247000193e+00,1.422037644445999893e+00,2.229786548877379391e+04,1.290009432124305522e-01,7.480541838825597312e-01
2.107702453532000142e+00,3.381596099114999809e+00,1.970563112311999987e+00,1.695969722283124065e+04,2.586465700638923646e-03,2.129819344750078294e-02
1.877847709482999949e+00,5.553042949057999778e+00,1.733880773702999978e+00,1.471368067081214394e+04,3.766810878746842950e-02,1.014366220924323585e+02
1.835763293432000065e+00,5.538693316498999764e+00,2.479693830686000133e+00,1.430776694355013205e+04,5.298967862484322590e-03,5.040884556643407399e-02
1.869195472284999937e+00,7.435492812620000391e-01,2.714210852326000012e+00,1.463008595534601773e+04,1.901704509148063188e-02,1.715598811250429456e+00
1.685176916460999985e+00,2.499402823360000081e+00,6.905157915480000241e-01,1.287024175838522387e+04,4.474150392145025308e-03,5.555566515114361559e-02
1.897671428902000024e+00,4.117764606167000352e+00,1.231403557356000045e+00,1.490548289026616294e+04,8.914875929268677446e-01,5.283640488563381865e+01
1.350040072787999978e+00,5.869236546350999895e+00,1.926739000021999937e+00,9.768243152597253356e+03,3.312493483737365390e-03,1.022710125692073646e+00
1.200302650640999946e+00,5.395328843719999767e+00,2.261163779897000126e+00,8.435813096771329583e+03,1.747957040365786391e-02,3.224090582991955944e+00
1.359304579875000085e+00,5.554074004051999580e+00,2.115263858559000010e+00,9.851895736729691635e+03,1.869903183411324860e-02,9.396910101673661586e+00
1.422185105302000041e+00,2.802405772286999941e+00,8.857868093080000227e-01,1.042311228849240433e+04,1.186796011671705821e-02,1.792891673919263518e-01
2.449672522335000213e+00,3.671548438412000070e+00,1.042042090165000046e+00,2.038093934298730164e+04,3.915200210117803989e-03,2.004526241415398313e-02
5.585512499920000096e-01,3.892562463509999793e-01,2.282881212533999893e+00,3.306141338015067049e+03,7.815558644654654538e-03,2.945763498275100981e-03
2.507633659540000171e+00,5.731640213657000160e+00,2.104736535258000085e+00,2.096916959433352531e+04,3.070544190622370717e-01,4.482184411102891772e+02
2.339465346559999936e+00,2.612872901739999865e+00,1.046046711597000023e+00,1.926887395867043961e+04,6.950983257695314554e-02,1.410106262372604391e+00
2.209830136538999845e+00,1.085084639460000000e-01,1.943826021165999896e+00,1.797211005321941775e+04,2.069774757459421060e-03,5.810994492253974270e-02
1.685761296474000082e+00,3.202792681964000021e+00,2.663908758069999827e+00,1.287577300545026264e+04,3.967981573270554924e-03,8.886983947625906599e-02
2.969660531360000189e+00,2.732883797587999819e+00,2.119413323069999855e+00,2.573262816800356813e+04,1.455247935563976601e-02,6.611554987961216767e-01
1.149710766384999916e+00,1.659949186905000040e+00,2.452738446160000141e+00,7.994659440240040567e+03,5.480824724815179794e-01,4.885402599440808302e+01
1.125113580864000040e+00,2.135288976649999948e-01,1.627647880452000040e+00,7.781974656147628593e+03,3.086465746668720644e-02,5.182570104731586191e+00
2.752091085592000219e+00,4.468994897526999743e+00,2.685715645735000212e+00,2.347382272354614543e+04,9.551108175403348957e-03,8.113504890638767453e-02
1.197653838167999973e+00,2.956753159559999955e-01,2.313787307349000066e+00,8.412595895834076146e+03,3.831047566954640538e-03,5.457126837253355872e-02
2.596476475665999928e+00,6.031860850225999826e+00,2.092421502162999936e+00,2.187510570956931042e+04,4.078524332461737067e-01,2.095654141160932227e+02
2.221917272670000110e-01,4.712986083229999679e+00,1.667738232258999975e+00,1.138927942456971778e+03,4.853696103686708967e-04,1.396186840353809107e-03
1.743944306433999891e+00,3.519744590141999918e+00,1.700755344830999993e+00,1.342837609041809628e+04,5.829195692875958901e-02,1.674703541154638842e+01
1.146136884938000033e+00,1.627882499137000005e+00,1.259152873589000077e+00,7.963682421980170147e+03,2.283138687808613544e-03,3.663254446482794302e-02
2.133534758145999799e+00,1.802965688845999948e+00,1.518433835223000017e+00,1.721498237907356815e+04,4.895697913816158230e-03,1.459433426339792894e-01
2.386494166547000084e+00,1.036058166806000047e+00,2.796229469010000024e+00,1.974237857665365664e+04,2.599660668071966663e-02,1.474399266894292071e-01
2.907807094737000053e+00,3.739011618728000030e+00,2.921600470296000118e+00,2.508780006575229345e+04,1.375442305206548777e-03,5.441389302165245551e-03
1.538123045220000096e+00,5.430979955630999889e+00,1.806686207132000010e+00,1.149107440228322957e+04,1.048245001372884828e-03,1.308577832972650755e-02
3.597965970759999799e-01,2.821285687980000234e-01,2.085693854331999830e+00,1.969997386126780611e+03,5.528464432022380838e-03,1.820079271694768630e-01
6.560741754100000156e-01,1.877776268631000001e+00,1.763107550935000045e+00,4.011147760266500427e+03,1.320269577376703349e-02,1.829942817670530886e+01
1.629791387780999967e+00,4.593362087781000191e+00,1.186433156464999916e+00,1.234777817519898963e+04,1.632924456951894560e-02,5.411317341125196023e+00
1.315080161772999912e+00,3.215906192732000068e+00,2.164988778077999942e+00,9.453796996617629702e+03,4.406992668142956093e-02,1.412942930763378291e+00
1.396146186021999913e+00,5.932975563809000263e+00,8.418425697039999545e-01,1.018585369480898044e+04,1.165492937342284784e-02,1.616217451645137526e+00
2.516605254487000121e+00,3.394594230405000079e+00,2.870682270034000005e+00,2.106042008085795533e+04,1.168200590256082347e-02,1.349104337844035661e-01
2.915671078647999792e+00,9.247953839960000311e-01,3.249312382299999746e-01,2.516966804732644232e+04,3.554631666471824020e-02,5.298499569929197017e-01
2.970771283373999871e+00,7.595099329979999592e-01,6.262453238390000010e-01,2.574422665090940791e+04,3.707800703746570448e-01,2.252216493081151896e+02
