2.770817538055999840e+00,3.502747093340000006e+00,6.377048755149999915e-01,2.366718817457921250e+04,2.565947178010756224e-01,1.265822081075306915e+00
2.190252642042000097e+00,4.704646405084999650e+00,1.312325744458000099e+00,1.777738930125795741e+04,1.693643506389351516e-01,1.592023145878328272e+00
2.357094523459999813e+00,5.560026598524999919e+00,7.091838874979999874e-01,1.944618542517856622e+04,2.267288802756294713e-02,3.582851789757986438e+01
2.035461431496000007e+00,1.205312676132000105e+00,7.813810865539999595e-01,1.624875009168398537e+04,6.548258316736089990e-03,3.312177985197110597e-01
8.904832927860000247e-01,4.557406981830000037e-01,2.739819512468999907e+00,5.820761152753317219e+03,7.990937839297697354e-03,1.945115544619419878e-01
3.133565435480000216e-01,3.561144126089000217e+00,1.865080389784000037e+00,1.680065582741490744e+03,1.639119421891405137e-02,2.101166468398815823e+00
2.631355017218000025e+00,5.034407976883000124e+00,2.169606836184000187e+00,2.223214213520795602e+04,1.767477716149595465e-02,6.801276373305977785e-01
1.840441333730999940e+00,5.307297164573999915e+00,9.872103556979999750e-01,1.435280124373706349e+04,8.584957513408491767e-03,9.333182566533131386e-01
2.913016415042999796e+00,6.176504557922999794e+00,1.428215444087000074e+00,2.514202785018834766e+04,7.827989375937247085e-03,1.357550346535658092e-01
7.034939830509999714e-01,5.779243200429999838e-01,2.868242928974999995e+00,4.364225225744973613e+03,7.106659420704273915e-03,3.451600341991994253e-02
2.770307676553000142e+00,5.469513466882999886e+00,8.066331059900000433e-01,2.366192130231433839e+04,6.593352602741731766e-03,2.969543077417426957e-01
8.640039911810000195e-01,1.301045499698000096e+00,1.936465951419999998e+00,5.608134022691420796e+03,4.129362023904884285e-03,6.133166615739308464e-02
9.876886184790000245e-01,4.698749774502999799e+00,1.452222792478000013e+00,6.617373926000525898e+03,3.867598725396423354e-03,2.529680717805141144e-01
2.668983048378000156e+00,6.703877809720000247e-01,1.957312157128000107e+00,2.261817135888083794e+04,5.593005309400569947e-02,1.980531767136590204e+01
2.446203615286000055e+00,4.391676431339999631e+00,9.940293716950000524e-01,2.034580652049752462e+04,7.212626998525283051e-03,1.192032125304449824e-01
2.168538534346999835e+00,1.092435248460000008e-01,1.467779015824000055e+00,1.756177089714217800e+04,5.243506087071602741e-03,1.124247140393380973e-01
2.262619089785999904e+00,3.424146068845999924e+00,7.004526587789999814e-01,1.849863510694001525e+04,2.335767718033916474e-01,2.338393120132536396e+01
4.578454664330000035e-01,3.450094804189999920e+00,2.456503212903999867e+00,2.610923121353072020e+03,6.553552204718634654e-04,2.127506585887736258e-03
1.678260001508999899e+00,1.179114241559999998e+00,2.286217689442000101e+00,1.280480127682555576e+04,2.619820399409335168e-03,5.119906281383888869e-02
2.123521886006999981e+00,5.244094090218999860e+00,1.939814754159999932e+00,1.711596615614305483e+04,1.593703782879289377e-01,1.176688383397705309e+02
2.546761980612000098e+00,4.874305993491000244e+00,1.290408876951000039e+00,2.136753366235733483e+04,1.946910593275889487e-02,4.814068639412028006e+00
1.061715008880000033e+00,1.653912423041000057e+00,1.701150585214000088e+00,7.239529863787585782e+03,4.394215209416518775e-03,2.511836957595183772e-01
2.863930417678000051e+00,2.343156461966999782e+00,2.193850910945000177e+00,2.463164365061802528e+04,1.803384285125039094e-02,2.872148010806939933e+00
1.740262627823000008e+00,5.259600049383999831e+00,1.033698468796999892e+00,1.339329933226024514e+04,1.052554534112549491e-02,3.097472445643674988e+01
2.444609920001000081e+00,3.560388764153000096e+00,4.262297447560000063e-01,2.032966847478474665e+04,4.446803777614443537e-02,2.800692214556447901e+00
1.016562399309999920e+00,3.128276299131000027e+00,2.593632520623000204e+00,6.858537903696024841e+03,1.179155730392794296e-02,4.441978642914989894e-01
2.492004261323999881e+00,4.736402749595000294e+00,1.956994352169000084e+00,2.081032912069668964e+04,2.098009408613906585e-02,6.987392494434583767e+00
1.922356252990000125e-01,7.667984272710000049e-01,1.805494158636000046e+00,9.697795578009743167e+02,1.314404659258391450e-04,6.003072355193949316e-05
2.591026876383999866e+00,5.372984805106000294e+00,1.728951880989999967e+00,2.181938971489252071e+04,1.038057377080950881e-02,1.526032255110695735e+00
2.225301561570000031e-01,4.179849475214999721e+00,2.863080412003999875e+00,1.140864277529614128e+03,4.539750283231943490e-02,2.891166389799864397e-03
2.069666279055999869e+00,4.615648406823000371e+00,2.100145234806999994e+00,1.658481865424702119e+04,1.340239822705669229e-02,3.137817654110503796e+01
3.775464921599999690e-02,4.256437191234000217e+00,1.233078170044999977e+00,1.734892137841635815e+02,3.733333345043367713e-04,1.442590201835720063e-04
1.802215216463000091e+00,5.350752883533999693e+00,1.874694948431999908e+00,1.398545370238554642e+04,6.118151272266374868e-03,1.330967489057940656e-01
2.463359551639999978e+00,3.030650982814000027e+00,6.782964055979999740e-01,2.051964056528929723e+04,1.140292520542750127e-01,7.188774349670511432e-01
1.701397062450000108e+00,3.864747571530000037e-01,1.761690652201999940e+00,1.302390993494705981e+04,2.292946736362136972e-01,2.902399868160900382e+02
1.148486687436000020e+00,5.266295576709999482e-01,9.959564632490000013e-01,7.984046762755480813e+03,2.444910596448089668e-02,1.489162496482431264e-01
