2.441953370190000083e-01,3.413027779854000077e+00,1.323650984114999929e+00,1.265978413895675203e+03,7.490937561773097775e-02,4.012830406530411231e+00
1.410076969232999966e+00,1.359136826047000035e+00,1.829063999599999990e+00,1.031266283235450101e+04,7.268774096460760281e-02,5.341257603599871118e+00
2.156465186145000157e+00,5.250707991990999801e+00,2.684108046467999831e+00,1.744203974268824459e+04,8.405681000014648963e-02,2.419180085808011693e+00
2.655145418706999827e+00,6.169154567008000356e+00,1.860952173068000093e+00,2.247610924424378027e+04,4.932945005858877657e-02,1.756847964156346364e+00
3.454329501510000067e-01,3.950933637651000030e+00,6.625783723329999875e-01,1.879344253766635802e+03,2.870287231607807164e-03,2.205740364597036374e-02
8.320460305929999745e-01,5.135876594131000061e+00,6.099744117919999598e-01,5.354191868615813291e+03,4.047746123022104014e-01,2.370971478300201625e+02
2.608969454433000212e+00,3.338360758811000029e+00,1.917116824580999968e+00,2.200290312219713451e+04,6.434672068860823949e-03,6.760081564645165075e-02
1.075872781820000013e+00,4.875214305665999781e+00,6.146213775019999659e-01,7.359925036085620377e+03,3.699032733329599698e-01,1.683729997884308034e+02
2.931856033988999855e+00,7.351254485960000418e-01,2.018299282815000151e+00,2.533826958193447354e+04,2.384440389515319128e-03,1.770846839145721538e-02
1.193605015693000038e+00,4.327135144967999558e+00,1.383698939122999905e+00,8.377132555812799183e+03,1.326572059418321212e-03,3.698541710893303580e-02
2.877456320054000205e+00,5.526035097429000231e+00,1.518425095758000110e+00,2.477215004556999338e+04,5.066335369474787506e-03,4.750572754947741672e-01
3.121300685799999891e-02,1.475825916148999939e+00,1.638026902928999995e+00,1.427974884060052432e+02,7.166151629732497863e-04,8.163175535015156688e-04
2.503057900191000051e+00,3.051365168189999810e+00,2.035248494030999833e+00,2.092264980089177334e+04,4.365032974064530884e-03,1.386490672445888528e+00
2.533332932063999898e+00,2.561441074514000160e+00,7.194427442799999906e-01,2.123069996203548726e+04,9.904694198688258899e-03,7.688718575207592609e-01
9.565571577560000316e-01,6.065940632436999991e+00,1.077542493988999928e+00,6.359613001471478128e+03,1.610782656407979893e-02,1.319597674770708107e+00
1.997604745200000018e-02,3.580167523330000101e+00,2.552301738111999896e+00,9.068991267029882408e+01,4.501419662296763866e-04,7.028925185834218560e-04
2.276219437089999964e+00,3.718264771203999786e+00,1.729611797413000085e+00,1.863463178685713501e+04,2.617418501265539668e-02,3.378734947285289447e+00
2.769778540377000109e+00,4.014292254765999601e+00,1.837982909760000061e-01,2.365645489047287992e+04,1.168154928596893891e-02,5.429084150185863322e-01
2.605072221418000211e+00,3.847188802869999869e+00,6.762366812200000243e-01,2.196302567970672681e+04,3.108272785681365225e-02,4.796314979119766342e+00
8.840215882109999646e-01,5.675960636894999745e+00,1.611052928062000067e+00,5.768693005099214133e+03,1.522196214544401091e-03,7.398294944808198048e-01
1.216532017814000000e+00,3.676413466339000014e+00,1.482847733225000075e+00,8.578347709305888202e+03,1.454632753249199620e-02,8.193390094880874663e-01
1.399010569662999970e+00,5.256998219867999644e+00,2.362661961993000048e+00,1.021190414945100929e+04,8.485981360689127950e-03,4.124029845600958866e-01
1.912590409846999906e+00,2.920299256939999921e+00,1.837828095742999990e+00,1.505007776361198376e+04,2.056161909249166770e-03,4.491903847757845736e-02
1.732936310354999954e+00,5.074360561171999962e+00,2.053615175733999987e+00,1.332354212941728110e+04,8.891560890429691527e-03,1.022451348937176152e-01
2.648935956408999814e+00,4.536992930224999832e+00,2.367058536749000019e+00,2.241239794956138940e+04,8.979403585206824356e-03,5.698550602051751790e-01
1.269920014910999928e+00,5.602628165691999840e+00,2.686422113688999858e+00,9.050553430556215972e+03,1.140989273641756924e-01,8.553949351440516580e+01
9.138342210969999657e-01,9.149743059149999524e-01,2.816926219902999851e+00,6.009874355095962528e+03,2.105571781704090872e-02,1.100611085578194537e+00
1.034211655203999936e+00,2.555432967909999853e+00,2.010609215409999984e-01,7.006910595487910541e+03,9.210480323762958166e-02,4.832851912604338551e+00
1.511588737269000005e+00,7.604259865900000470e-01,1.136924447566999952e+00,1.124505623843061585e+04,7.815285472324870128e-03,2.976403008745113210e-01
2.185981538692999937e+00,1.175635165602000098e+00,1.702433060214000093e+00,1.773494829299451521e+04,1.256831417764065102e-02,3.706070134955988249e-01
1.654082882241000085e+00,3.101807049259999727e-01,6.219750536279999853e-01,1.257649018340245311e+04,1.892813643098122459e-02,1.436638285733536691e+00
1.502385421142000022e+00,4.240919386539999891e+00,1.856165428568000042e+00,1.115993895317005445e+04,5.468009264189352056e-03,4.521528574916467563e-02
2.935253920536999850e+00,6.008209097285000411e+00,1.698343303609999966e+00,2.537368165689754460e+04,1.787816710906275641e-01,8.260918981324014254e+00
2.953930858264000037e+00,6.255973264066000183e+00,1.597966439326000021e+00,2.556845007450645062e+04,3.371874451306953735e-01,2.046148405487598154e+01
3.446964845109999898e-01,4.009702836287999617e+00,2.810627913769999875e+00,1.874719536445183167e+03,2.888729945815176614e-01,1.299309930300452542e+01
6.678700710849999611e-01,3.062181002930000062e-01,2.116911520026000026e+00,4.098374998603892891e+03,2.325607613139862584e-01,1.693818620179211587e-01
2.477154480887000076e+00,1.616945183616999904e+00,2.278915221726999896e+00,2.065956374719804080e+04,1.917202297797897248e-02,6.368800298258559422e+00
1.229428283837999958e+00,1.808242845530000087e-01,1.594973331347000034e+00,8.691950592309898639e+03,9.140362438707005585e-04,4.341024993780036312e-03
1.202146847592999945e+00,2.894574363293000108e+00,2.360987029897999800e+00,8.451985449979692930e+03,1.425226195618730651e-01,4.941871638576645687e+00
7.652919445800000497e-01,1.334676842237999983e+00,1.244074151249999982e+00,4.833776738395187749e+03,2.604558876889873642e-01,1.140669946868748852e+01
8.949365098900000093e-02,5.635528165278000046e+00,1.210007061728999966e+00,4.252503089377244123e+02,1.641803143305229718e-03,4.285763736388975564e-03
2.594940694815000004e+00,2.745886893692000008e+00,2.622610919763999959e+00,2.185940204323026046e+04,1.112122997153873749e-01,3.820843595027583461e+01
4.349052072829999727e-01,2.329973964870999836e+00,1.169096598926000041e+00,2.457632249770847011e+03,6.184141320747802220e-04,3.468966832064268157e-03
4.618039271499999737e-02,2.517026810943999937e+00,1.347068348345000111e+00,2.134039981021629728e+02,7.952019909239960507e-03,8.765968235262233677e-01
2.481309892046000165e+00,3.202287863293999948e+00,2.558195155172999780e+00,2.070173757226183079e+04,3.557522138252092875e-02,1.377525278785035834e+00
