5.678344430470000370e-01,4.001457471701000301e+00,2.703310548455000184e+00,3.371962005915145710e+03,1.673848379560967381e-02,1.606525973504874694e+00
5.177212995490000358e-01,4.739270513450000166e+00,2.234711291841000147e+00,3.020039081484319013e+03,1.464504037563661102e-03,1.103000056182284888e-01
1.174062942141999910e+00,2.411409408337000126e+00,2.580150496956000072e+00,8.206397418425094656e+03,9.280705957908680359e-02,1.659240130509262778e+00
2.962649624682999860e+00,2.121849005676999855e+00,1.517785736078999914e+00,2.565943571002077806e+04,3.283966446947545609e-02,2.340298266149310180e+01
2.519129005046000014e+00,2.649567099860000163e-01,2.142400296891000089e+00,2.108609902849675200e+04,6.796080255264977388e-02,4.031711781947974416e+00
1.349916005782000106e+00,2.265087903392000168e+00,2.623590165996000145e+00,9.767123815540733631e+03,4.896549474500731108e-02,1.515486215050647267e+01
1.958788268209000094e+00,4.689028530714000276e+00,1.536852331643999925e+00,1.549915247688727504e+04,1.211965946210424167e-02,3.529268592045361697e+00
1.664325294378000031e+00,4.018116754199999724e-02,1.917789135265000056e+00,1.267313050713748817e+04,4.298594954027877280e-01,2.542767968670828793e+01
1.981672344513000006e+00,3.974004666627000137e+00,2.026004769351999801e+00,1.572232869499095978e+04,9.867262029219599218e-02,3.311008130636583058e+00
1.899986494121000069e+00,4.425526954880000252e-01,1.564704355609999986e+00,1.492790635791236673e+04,1.320571318791824086e-02,4.080446258136411625e-02
1.952435363913999966e+00,1.140011191399999957e+00,1.215986747069000007e+00,1.543728065540755233e+04,3.258959915700287806e-03,1.502243770417715507e-01
2.333672531149999951e+00,1.330621159774000084e+00,1.076196462616999971e+00,1.921065990509976837e+04,5.656386804381926536e-01,1.895249399233128074e+01
1.144075017667999905e+00,2.561248775745000206e+00,2.381790017180999808e+00,7.945822428175911227e+03,5.606255998842146065e-02,3.006917609542994541e+01
6.664508469190000284e-01,6.070013653303999668e+00,1.133886789681000096e+00,4.087858841046201633e+03,9.068818985124333931e-01,3.788454466135922960e+00
2.577665058635000062e+00,2.766542120953999984e+00,7.947226715159999566e-01,2.168286000483808675e+04,1.407100967414201022e-02,5.106834922066302296e-01
7.987952441519999836e-01,6.070107540433999915e+00,1.450425752289999926e+00,5.093222131428655302e+03,3.391453763654155851e-01,4.695771022306691833e+01
2.900650222986000060e+00,6.057829954632000025e+00,2.268666147604999850e+00,2.501332262383663328e+04,2.249426992414200466e-01,8.925248820545917283e+00
