2.815985693277999857e+00,8.898147009589999490e-01,2.224888003479999821e+00,2.413442054644972086e+04,2.662888591299278351e-02,6.621120029210794122e-01
1.820400999077999904e+00,4.272910717131000347e+00,2.674142035561999808e+00,1.416003229789585566e+04,8.487565934653737432e-02,6.331824979010971521e-01
2.143710919455999786e+00,9.014365053259999483e-01,1.895916524363999933e+00,1.731569730365830037e+04,1.847143527645523364e-01,1.050561754976921502e+00
6.351458109800000029e-01,4.173733336730999888e+00,1.415732017302999912e+00,3.857395805991049201e+03,6.115523779860969622e-01,3.130383435429607619e+00
2.623174748127000022e+00,1.901428991468000040e+00,1.638387492684000080e+00,2.214833590401862966e+04,3.841070134852950669e-03,5.433967596504380992e-01
1.142441086660999972e+00,1.055489148484999973e+00,2.800879032963000004e+00,7.931675197110562294e+03,6.593860901326092754e-03,6.317586799368109240e-02
2.253704527035000016e+00,2.309789420030000096e-01,2.252921998508000012e+00,1.840957015838314328e+04,7.982783013564562907e-03,4.843902976185723852e-02
2.289180029879999800e+00,2.562826434020000210e+00,1.703390170845999974e+00,1.876436094310338012e+04,6.017243716786604274e-02,1.436449014915249336e+02
1.296071948687000042e+00,1.809774211883000028e+00,1.983811510281999979e+00,9.283655906963558664e+03,2.065816441463587307e-03,4.991589533181623600e-02
1.717695078193999914e+00,6.227375784317000118e+00,1.033766277660000066e+00,1.317860984458228631e+04,3.594182760243395600e-03,3.651192244613540860e-02
