2.227242773876000115e+00,1.291342653207000035e+00,1.861654768023000006e+00,1.814554967537627817e+04,3.537394541824233178e-03,7.536637515230781847e-02
9.730606674499999720e-01,1.250346622989999990e+00,1.579211693703000075e+00,6.495960319524220722e+03,6.010217479868556339e-02,3.933469741140184883e+00
1.566793029842000085e+00,1.355240995103000001e+00,1.390036255010000055e+00,1.175790302343086296e+04,2.192799327710910108e-03,9.955001092351582759e-02
2.797895965597000156e+00,4.667458729154000174e+00,1.425195771355999952e+00,2.394715446965966476e+04,1.830371644601709036e-01,2.539124570554094760e+02
1.889683495649000067e+00,2.084697519636999896e+00,1.171245244562999943e+00,1.482815105264621161e+04,3.481032173271497027e-02,3.400205772188839237e+00
1.378572653111999946e+00,5.037330973675000045e+00,1.256381718542000092e+00,1.002629804537481505e+04,1.454115807835756891e-02,3.401025892824122110e+01
2.720079831462999920e+00,3.915791328651000214e+00,1.863821429963000043e+00,2.314375768508223337e+04,3.003080284748340344e-03,3.057567036835407218e-02
1.736540011395000027e+00,1.308814833309999981e-01,2.293659055868999985e+00,1.335784737059206236e+04,1.880461298994038841e-02,1.396063539799752284e-01
2.757146873282999788e+00,3.261088713498999869e+00,2.827679204599999885e+00,2.352600741518990617e+04,3.631788145251538952e-02,4.637735993717461147e-01
1.481935425379999893e+00,3.611742805731000150e+00,5.083037784699999673e-01,1.097121322033562319e+04,7.216743453389201472e-03,3.072776288983711940e-02
2.661376971361999910e+00,1.366348086903000025e+00,8.056122890389999514e-01,2.254006976226150073e+04,1.456070333477088238e-02,1.498323587040802096e-01
2.580243545055000087e+00,3.352149179482000196e+00,2.579983322998999906e+00,2.170919787410867866e+04,4.747061789690312610e-03,3.309885564491762966e-02
