1.122677583955999925e+00,2.923651580756999824e+00,1.713712313222000017e+00,7.760977394068813737e+03,6.693842959164180567e-03,1.620942632053659904e-01
2.855045683679000135e+00,4.271912653961999595e+00,1.211428247203000019e+00,2.453940484588990512e+04,3.177170553985090296e-01,2.377701728716688834e+00
1.787980923297000091e+00,1.788987673994000049e+00,1.945126736998000094e+00,1.384904469051202250e+04,1.785559188566312235e-03,2.021997169692259927e-02
1.354582776395000021e+00,3.559280079151000198e+00,2.628568890797999824e+00,9.809244193511151025e+03,3.538371332896183934e-03,1.037472410649427183e-02
1.162009934622000085e+00,5.046798137616000268e+00,2.820826932896999928e+00,8.101455026984567667e+03,6.971381841661643394e-04,1.907109520113203739e-03
2.215365650498999806e+00,5.838661944791000202e+00,1.423605027046999982e+00,1.802722139084557421e+04,7.746864453778672631e-03,1.111840417527829361e+00
1.792207492311000072e+00,6.167510719438999978e+00,1.092295937655000104e+00,1.388952657255312806e+04,2.675964971777577972e-03,4.372487306987952321e-02
2.626394795043999864e+00,5.237222821089999591e-01,2.468812374895999806e+00,2.218132004312121353e+04,1.574016128292056449e-01,2.418966264186627857e+00
5.719692948200000293e-01,1.046541957165999959e+00,3.015764087192000176e+00,3.401369490314765699e+03,3.742367188819037144e-03,7.502358440276900298e-02
2.657757566973999896e+00,3.889080660706000003e+00,1.167901157665999889e+00,2.250291705526832448e+04,5.541833460402683341e-03,8.494609838500545573e-02
2.108757728796000208e+00,6.250563176023000267e+00,8.531555028120000328e-01,1.697011518934564447e+04,1.686061513740782503e-01,2.066497020802695594e+00
2.203307662883000173e+00,5.647411279665999650e+00,4.431350222730000010e-01,1.790720320963138147e+04,1.672924537392943972e-02,1.884949530040154642e+00
2.196727915779999873e-01,2.573834977424000137e+00,1.162351174447999957e+00,1.124533370205417896e+03,7.305386004963777520e-04,2.726537962211218052e-02
1.561167316818000028e+00,4.333581521632999589e+00,2.293711470701000010e+00,1.170546367276089040e+04,1.324256962535161862e-02,1.940840224505163969e-01
1.343074648396999971e+00,2.392228145643000126e+00,2.458849059435999962e+00,9.705438269489963204e+03,2.178710102680995325e-02,4.856551586918122609e+00
1.318569273270000064e+00,3.823461676167999812e+00,2.624824093775000033e+00,9.485091850483819144e+03,3.236688855936292915e-03,1.833189127629652332e-02
1.626039702973999912e+00,1.293787324281999940e+00,2.634689327654000213e+00,1.231251647520952429e+04,5.757001862299621769e-03,1.076645126198868263e-01
2.143960135699999991e+00,4.287263463070999592e+00,1.570087478598999997e+00,1.731816488370839943e+04,1.722725345235612826e-01,8.576444749277206370e+01
2.462182749880000021e-01,5.788437033643000440e+00,1.031902381836000027e+00,1.277775746925979320e+03,1.411935977824171472e-03,2.333495225801833495e-03
1.200713590991000057e+00,4.195240242924000107e+00,2.619915966105000216e+00,8.439416231274864913e+03,1.617029421547461210e-02,1.999722728263540195e-01
2.594764671304000014e+00,5.625746615549999774e+00,1.172612788581000043e+00,2.185760227373012822e+04,3.676040157462956079e-03,1.846403605563864403e+01
2.437155633903000052e+00,1.271603223470999966e+00,2.350364037317000054e+00,2.025420810242980224e+04,3.141529480626035348e-02,1.233848588117218759e+00
1.578230823009000083e+00,4.597338510375999832e+00,2.483324218153999841e+00,1.186464018103913804e+04,5.104113845675637418e-01,1.743906844492681216e+02
2.657495000582999811e+00,3.595690383886000152e+00,7.368003250419999928e-01,2.250022215389538178e+04,5.269907299948362912e-03,5.858416765209507188e-02
2.229262512390000062e+00,5.695929438779000265e+00,2.937219560676000096e+00,1.816568257101089694e+04,4.730149711940506881e-03,1.408949215387641889e-02
1.392384354065999919e+00,4.827218102713000114e+00,2.657603069878000213e+00,1.015165986655537381e+04,3.467774418968086643e-03,3.746562558620167294e-02
2.850902469284999796e+00,3.645776045170999957e+00,2.093159410244000096e+00,2.449640616955322184e+04,6.132566278516035641e-03,6.250863843673593045e-02
2.618337510472000140e+00,6.123224572317999659e+00,1.451120217181000038e+00,2.209879844495352881e+04,1.686114697219174841e-01,2.223060836909163740e+01
2.043888146353999957e+00,2.650303333645000148e+00,2.314285599749000166e+00,1.633145052284932171e+04,2.398726531073460885e-02,2.224269256813725448e+00
9.079912955009999953e-01,1.739497520280000042e+00,1.889307181901000110e+00,5.962415575324619567e+03,5.059703967054466484e-03,7.793463977285378652e-01
1.084672934314999893e+00,1.018529485318999894e+00,1.334000143913999903e+00,7.434978129445561535e+03,2.066947669804519109e-03,3.142134513611875846e-02
2.663103795592999923e+00,4.544129822910999650e+00,7.360567687200000320e-01,2.255779825857248215e+04,3.656713458298212899e-02,1.658286850454299355e+00
1.215727782049999955e-01,2.093846870490000178e+00,1.638578011117999944e+00,5.891089955640417202e+02,1.075026612761631695e-04,4.107900567060275847e-04
2.738152834744000064e+00,4.553815057219999574e+00,1.782058194129999995e+00,2.333003226051746969e+04,8.244756094596189522e-02,4.952033770121274614e+01
2.601558969201999805e+00,2.569893498199999904e+00,1.461362084736000044e+00,2.192708472787668870e+04,2.089962453895435890e-02,6.412705430678967033e+00
1.940907407804000062e+00,5.189078009316999918e+00,1.790825440134000024e+00,1.532510319238325428e+04,2.533996911222013981e-02,4.699673998224299432e+00
2.019510961812000183e+00,3.190097355713000127e+00,1.799560303118999949e+00,1.609238018655981250e+04,1.248968208379740326e-02,4.699214771139675340e-01
1.335196922440000100e-01,5.265052969741000233e+00,1.477064788797000094e+00,6.515956658900172442e+02,1.692445163239609867e-03,8.025052723180668979e-01
1.802538224699000047e+00,5.606613748630000504e-01,2.338149079401000030e+00,1.398855153792745296e+04,5.674361476777768643e-02,3.381561365844540035e+00
2.366584379732000087e+00,4.051550021883000063e+00,1.570466645885999935e+00,1.954172562044513688e+04,1.944480715965555022e-03,1.982247475593951549e-02
5.390550300369999492e-01,3.667057970111000209e+00,1.693022802041000086e+00,3.168830328984549851e+03,7.151483555134897918e-02,3.439455895435388211e-01
2.074337055074999991e+00,6.757230867350000336e-01,1.486552021607000063e+00,1.663078749914555738e+04,9.176237692125287226e-02,2.464801500159581327e+00
1.995316770455999977e+00,2.427681468523999797e+00,1.657024883342999910e+00,1.585562049741803457e+04,5.575962335470424289e-03,2.905464190748323627e+00
1.995987481840000077e+00,1.658368251338999899e+00,1.546727087162999892e+00,1.586217696061966308e+04,1.748384703197506523e-02,3.349916926094012037e+00
1.930082646218000075e+00,1.541785099995000019e+00,2.880566227016000180e+00,1.521988052745029927e+04,2.953471776118672398e-01,4.737304384094712439e+00
