2.447117163625999847e+00,2.388805187555000042e+00,1.254167528898999961e+00,2.035505803526647287e+04,8.523328310704490762e-02,1.239311606892115414e+01
2.550007493532000069e+00,2.366718823945999972e+00,3.080485317050000171e-01,2.140062100926065614e+04,3.113956051957211466e-02,3.312430014960734859e+00
2.076117540265999928e+00,4.119042150022999671e+00,2.132407088388999838e+00,1.664831553931930466e+04,6.655449912115526390e-01,2.280562026507354290e+01
2.536176352328999961e+00,1.345463501518999960e+00,1.796660285128999890e+00,2.125966271014469748e+04,1.034232020131712476e-01,6.540192432776342457e+01
2.153541325351000069e+00,5.591531417651999902e+00,7.802107267150000247e-01,1.741306994557902726e+04,5.218182182139020214e-02,2.234203219050708356e+01
8.139983565409999455e-01,5.762290974455000381e+00,1.548152827987999913e+00,5.212123821202184445e+03,5.409871341189010328e-03,1.074593013624555171e-01
2.805923655900000036e+00,1.224360103785999909e+00,1.231754887039000046e+00,2.403023453132820578e+04,1.932863025663139889e-01,9.135030249697990712e+01
2.530527987594000106e+00,3.413442191200000142e+00,2.785933204656000139e+00,2.120213420616694930e+04,4.139948301447299861e-01,1.477931893378498707e+01
1.173469520368999985e+00,2.811399652666000115e+00,1.380465470302000064e+00,8.201224128300616940e+03,9.779203838104053026e-02,3.289792879338440557e+00
2.476142199621000017e+00,2.623669909625999885e+00,1.381026027387000088e+00,2.064929169461773927e+04,6.527438696080192608e-03,7.924204552756521913e-01
2.631975268880000218e+00,5.407419151250000056e+00,1.061739989637999981e+00,2.223849825880608114e+04,5.888106008513444879e-03,2.018091098632341041e+00
1.770452470618000040e+00,1.596144620840000083e+00,8.089098344459999534e-01,1.368135500681133090e+04,2.990615216018673028e-02,7.790969052077660884e-01
2.828380799470000095e+00,6.259837572424999941e+00,2.061495293300999787e+00,2.426284293816439094e+04,5.176339649139863330e-02,1.677674212059157011e+00
2.891496485160000018e-01,3.596652822808000138e+00,2.385100212704000189e+00,1.532655073483812657e+03,1.085064442686741459e-01,1.910794908866364938e+00
2.877134422056999874e+00,4.792967608639999710e+00,9.874114720379999488e-01,2.476880501670066951e+04,6.206593281724002986e-02,4.515692584703579371e+01
1.019768474758999899e+00,2.636173615680000193e+00,1.358659564901999905e+00,6.885437167511589905e+03,1.592213183712349045e-01,6.032109105862505372e-01
2.703539757194000082e+00,7.937907698989999927e-01,2.338951087679999874e-01,2.297345297557635422e+04,6.214140664312467824e-03,5.173600335200043143e-02
1.575965557466000089e+00,1.140816435130000001e-01,2.621168386338999845e+00,1.184348795296535900e+04,4.565018570909729761e-03,4.800838871589682699e-02
1.721854838272000032e+00,1.320388348600000095e-01,7.406626979539999711e-01,1.321814083228844902e+04,9.515808564346570075e-02,1.838712684408842790e+01
2.191986570239000010e+00,4.366729259493999926e+00,2.827445613361000198e+00,1.779462307244842304e+04,1.547749881175995157e-01,1.515896928503217111e+01
1.365104792954999979e+00,3.252409722024999894e+00,1.994003231465999892e+00,9.904335648465010308e+03,1.422996562033546596e-02,8.454520188467177233e-01
1.974078017579999900e-01,9.460612124700000514e-02,1.848262981239999991e+00,9.986639174991082655e+02,6.579065210340820369e-02,3.017065003710602600e+00
1.556206656005999944e+00,2.019160139389000186e+00,1.058469995709999889e+00,1.165925631096161851e+04,7.902702106357736150e-03,1.107465674793434118e+01
1.243320149847999989e+00,5.771942633302000303e+00,4.308375459830000032e-01,8.814656215517541568e+03,2.521109254357137633e-02,2.036887138289157351e-01
2.873482729302000216e+00,6.367698178930000230e-01,3.364915416909999846e-01,2.473086246486994423e+04,2.082683991949616994e-02,2.727395270100156477e+00
2.056007080404000043e+00,5.757806393645999776e+00,2.164337051193999883e+00,1.645049415122819119e+04,1.565787569378258512e-02,9.054102753665486114e-01
1.864772510926000049e+00,6.265990364620999564e+00,1.071579808662000088e+00,1.458738110113264884e+04,1.526303343565946768e-01,2.693920860319924060e+00
1.826151113382000091e+00,4.928297851474000346e+00,1.219522895422999964e+00,1.421530167939955572e+04,1.435504891400166128e-01,1.757106186122117037e+02
2.535212620060999900e+00,3.935943668829000153e+00,1.395827664722000039e+00,2.124984576179552823e+04,4.940997906808124174e-03,5.833959380716334520e-02
2.446849689508999948e+00,3.926323689251999927e+00,1.957977816265999982e+00,2.035234925535833099e+04,5.358922693623022204e-03,1.777246339594531210e-01
1.693802637646999898e+00,1.488927226026000028e+00,1.442905535096000058e+00,1.295192439325638043e+04,1.654285663414687465e-03,2.070543236060905790e-01
9.777640084319999536e-01,1.051543222038999970e+00,5.598698357950000482e-01,6.534941547082054058e+03,8.627702497618598351e-03,7.647092389433438053e-02
1.673576134845000007e+00,4.912851368652000339e+00,1.608456855450999923e+00,1.276051820738238530e+04,4.981396465003339880e-01,2.163026015146740200e+00
2.108708248644000083e+00,2.772918076423999789e+00,2.947434706753000011e+00,1.696962668736444175e+04,2.236956808310250344e-03,1.814290623019899212e-02
9.287379632999999413e-02,3.141038253906999866e+00,2.355123280269999952e+00,4.422418908089160254e+02,6.060022118366968549e-04,2.842410541729127778e-03
2.628587227434000084e+00,6.118949848508999700e+00,2.152814823476000061e+00,2.220378157739552989e+04,1.042264223797374594e-02,1.975209729303195050e-01
2.217779770429999964e+00,5.078754239731999576e+00,8.134080875879999839e-01,1.805126371679076692e+04,3.084722044229461502e-01,1.243693766291735692e+01
