1.872488773963999931e+00,3.457167582342000056e+00,2.167488174394999856e+00,1.466189601945280992e+04,3.657080892925272941e-01,1.123900290151986336e+00
4.890068265220000043e-01,9.663555093569999865e-01,2.242577201227999861e+00,2.822248302514369698e+03,1.484678096209762072e-02,8.551026542227834204e-01
9.132069399779999541e-01,5.318830934535999866e+00,9.064166989020000509e-01,6.004774924431887484e+03,3.504483456424415267e-03,1.845349485511554588e-01
1.703354849849999963e+00,4.639916287519000093e+00,1.060437254101000093e+00,1.304247761818951949e+04,1.756529552692205317e-03,2.427136184002655697e-02
1.658966533892000106e+00,2.979751704879999963e+00,1.225607190092000032e+00,1.262255392809110526e+04,1.639523783245364552e-03,3.320633045973035019e-02
1.063365480057999912e+00,2.728744380010000192e+00,1.558764183185999963e+00,7.253542680180857133e+03,5.212887014106547777e-03,1.314337302084887193e+00
1.605784151491999934e+00,4.154786037304999624e+00,2.222716949804000031e+00,1.212242519210526916e+04,1.430195867971215942e-03,1.545861573916173723e-02
7.444081452600000148e-02,2.248651534181000056e+00,2.417987659488999963e+00,3.503799264088354448e+02,5.736593117716830108e-03,3.435275708172679243e-01
1.225936708334999903e+00,5.758815885751999986e+00,2.131607333683000149e+00,8.661163850178874782e+03,1.665142373739658330e-02,1.046433907051985557e+01
2.263018774375999964e+00,2.885540630076000035e+00,5.281427838500000194e-01,1.850262976272882952e+04,1.543905011090833668e-01,7.712635714567943612e-01
8.897744250439999503e-01,6.532853744019999631e-01,1.813408247841999943e+00,5.815043480550347340e+03,2.265174806775384353e-03,3.385185229567935772e-02
2.572274642540000045e+00,2.329457447770000023e-01,1.239313083876000032e+00,2.162781349739766301e+04,4.546027910671936526e-03,9.518375532003688078e-02
6.929090049289999831e-01,8.069974840879999833e-01,1.837000752997999919e+00,4.284858060473091427e+03,1.978336353809309958e-02,6.783784273531385800e-01
2.393839973003000221e+00,2.200216217098000193e+00,9.696898039489999510e-01,1.981648145548582033e+04,8.593410899987656559e-03,2.874789340600564236e-01
2.867991054328999923e+00,1.389328067512000109e+00,2.827368244855999802e+00,2.467381467453701043e+04,1.869116964067277578e-02,3.817131437460944188e+00
3.451930944930000078e-01,1.025105030888999957e+00,1.013908585583999988e+00,1.877837802315006911e+03,4.435558938522479733e-02,2.067125592590220506e+01
2.215722406823999791e+00,3.412066607347000069e+00,1.968205883628000086e+00,1.803077405722458570e+04,3.823621957887398011e-03,3.326483057307508956e-02
