2.208692646589000219e+00,2.231045675014000196e+00,2.130023944416000070e+00,1.796078814696462359e+04,4.116569083116012467e-02,2.604623862361751208e+02
2.549864626273000034e+00,3.432827199913000005e+00,1.500858806095000109e+00,2.139916436356495615e+04,4.866886984446895659e-02,3.919096756936175097e-01
1.161346761848000009e+00,4.193901071880000053e+00,2.541229527452999903e+00,8.095689100819936357e+03,2.649899608382540791e-03,2.058294657559608942e-02
2.039539597620000144e+00,3.679172872120000104e+00,1.599319963369999931e+00,1.628876582049359240e+04,1.752800704115103914e-02,9.134392550935032107e-01
5.223838205690000125e-01,2.446216038833000095e+00,8.490477263429999644e-01,3.052425406053464030e+03,6.962517655023185981e-01,2.348405635255404889e+02
2.813463737776999984e+00,8.207902225340000246e-01,6.581661830360000520e-01,2.410830179997995583e+04,3.995173164945905325e-02,2.627475675090098939e+00
2.609608280924000212e+00,4.762908296274000364e+00,1.134779191075999893e+00,2.200944066028740053e+04,7.624505001021400497e-02,5.877825774674163029e+01
2.598836827783999937e+00,3.162571848979999878e+00,1.675747240241999947e+00,2.189924408830808170e+04,2.145411147546742378e-02,4.431005748196404248e+00
9.040797599999999331e-05,4.469208537883999632e+00,2.243707666850999871e+00,4.047794478926912687e-01,9.288891448808252407e-07,1.066140135540566804e-10
1.606338722792999940e+00,4.395958102918999799e+00,2.292732542407000196e+00,1.212762312067773382e+04,4.173914167930682928e-01,2.270959824854421161e+00
2.171584207366000108e+00,2.914854025408000204e+00,2.334154101239999779e+00,1.759199142595968442e+04,2.156675242881347671e-03,5.932656654764854876e-02
1.980730625986000026e+00,1.938728038483999994e+00,9.272719265779999498e-01,1.571313526962835385e+04,4.561310457558240966e-02,7.439116770744760743e+01
2.102826810810999980e+00,3.391066966622000134e+00,1.615605026209000039e+00,1.691157608602444088e+04,6.468999704472185031e-02,5.651360898858694970e-01
