1.533804558019999931e-01,2.252604039316000062e+00,1.695671015884000044e+00,7.571873246734578515e+02,5.349016636285262166e-04,2.283950589710039697e-02
2.912843767251000138e+00,2.563291600002000070e+00,1.007464835443999895e+00,2.514023045282954263e+04,4.367574083786189554e-02,1.659966358238310136e+01
2.286683735512000215e+00,1.918824672139000098e+00,7.108147552200000385e-01,1.873936451683995256e+04,4.675617769649698108e-03,1.557761777137466608e-01
2.923700700038999845e+00,3.752682052112000122e+00,2.331896640915000152e+00,2.525329537998150408e+04,5.096158804235541989e-02,1.094476236204294750e+01
2.630609370794999791e+00,2.940593651699999755e-01,1.492484760866999993e+00,2.222450128131669044e+04,2.029054283042046151e-03,1.523116657416338955e-02
2.716041986726000168e+00,4.812553572950999836e+00,1.829397336358999926e+00,2.310216700119450252e+04,2.787514407174789821e-01,2.105063137775824202e+02
2.813805559332999806e+00,6.144105457210000232e+00,1.459862692606999968e+00,2.411184166701075446e+04,2.614054346965185779e-02,7.518149466154621763e+00
2.242593117384000134e+00,3.532919838409000146e+00,1.611122368436000096e+00,1.829864155203614064e+04,2.518987851146066263e-03,8.488947211171500584e-03
1.915469344599000090e+00,2.575419159104999967e+00,1.754748391898000026e+00,1.507800469294210416e+04,1.131588438350263591e-02,1.119842231809638378e+00
2.738137841087000091e+00,5.923691257443000069e+00,1.107287105763999913e+00,2.332987764408141447e+04,5.081146000138389227e-03,1.520500926521868301e-01
4.788372266909999841e-01,2.483897413929000209e+00,1.583291813540000037e+00,2.752896012227821302e+03,2.801947616417216260e-03,3.501571191791871929e+00
2.707454483674999857e+00,3.270369417632999820e+00,1.399851265706000047e+00,2.301374613855448843e+04,9.318813569329310875e-02,1.275883722340084745e+02
2.193351728626999897e+00,5.112628329022999907e+00,1.540108832950000117e-01,1.780819329570341506e+04,1.047380357070022000e-01,7.501230401116397672e+01
5.438678592600000306e-01,4.821302644515999880e+00,2.029245737519999870e-01,3.202609520686664382e+03,4.704005810808152555e-02,3.004334078281877679e-02
