2.232642659575000188e+00,1.479854866324999962e+00,1.304207070104000055e+00,1.819938304420571149e+04,7.179992534879837962e-03,8.360082548628041677e-01
2.634958743398000180e+00,7.670828263129999547e-01,1.287428888303999930e+00,2.226907520288046726e+04,3.764921879734862975e-02,2.439990777041479486e+00
3.528235858539999770e-01,4.747070926029000049e+00,9.196419972980000024e-01,1.925880929288087827e+03,2.434410168358899437e-02,2.071955843649965434e+00
1.532190369190999935e+00,1.885794254504999934e+00,1.419918576639999930e-01,1.143598943635673277e+04,2.112791389802476036e-03,5.791179840320442168e-03
3.579732865560000254e-01,1.308068273768999923e+00,1.665531857848999930e+00,1.958442231216204164e+03,2.217457653994121813e-02,5.089683077251191179e+00
3.722158192289999890e-01,6.187260946661999661e+00,1.665911504472000093e+00,2.049068873131935561e+03,2.507643224185516703e-02,2.867997051118388097e+00
1.910569618150000037e+00,3.410102066888000216e+00,2.014001275741000185e+00,1.503047985090130169e+04,5.849608363745315183e-03,1.808778184793309318e-01
2.653205866342999819e+00,5.906914014445000305e+00,2.099092458812000128e+00,2.245620575663897762e+04,3.769548580676371913e-02,7.050855756827643095e-01
8.147820322829999462e-01,2.493542110394999956e+00,2.078237732029999840e+00,5.218272202197039405e+03,3.913162519801061667e-01,6.739493792957418350e+00
6.533684437950000312e-01,1.132370271682999974e+00,2.519107682247999858e+00,3.991196969098410591e+03,2.222068669965726953e-02,2.185996813013740478e-02
2.776372890053000031e+00,8.951336054870000503e-01,1.862585010524999918e+00,2.372459089159916766e+04,1.011784897615532614e-01,2.091033270574436997e+00
7.349043011739999631e-01,3.600748643619999800e-01,2.310844748642999935e+00,4.601562131249528647e+03,3.278509935450277801e-01,8.476893365167148531e-01
