1.347999197323999976e+00,5.900463125014000276e+00,2.742155058709999871e+00,9.749833336736293859e+03,1.915084587752905604e-02,1.070185599271886279e+00
1.624368467135999916e+00,3.036026037400000099e+00,1.449189381525999964e+00,1.229681384900864941e+04,1.891926355011355754e-01,6.843963349914925232e+01
2.936551247955999866e+00,5.638130142066000161e+00,1.779437464451000039e+00,2.538720448126380870e+04,2.953197004811239368e-03,4.334757643195981669e-01
2.035301111661000029e+00,3.207121790223999902e+00,1.783030344546000068e+00,1.624717729981652155e+04,1.714639205833918545e-01,2.545335768031013401e+01
1.159906755925999899e+00,4.469775570152999755e+00,2.938362697836999882e+00,8.083171930969684581e+03,2.775655780443722631e-02,2.162781645580877488e+00
2.766421635026000025e+00,6.097296293380000343e+00,1.866484343932999890e+00,2.362177858364894200e+04,1.990898416815277752e-02,9.422350068471424533e-01
8.540123426079999636e-01,3.603403909873000188e+00,2.695008285855000185e+00,5.528418965501752609e+03,7.109981746196875063e-01,4.501897589452214277e+01
9.989917626980000520e-01,7.588025885019999972e-01,5.513245502079999749e-01,6.711545992197204214e+03,7.246216621164989873e-03,2.098792442185690721e-01
1.558937620160000037e+00,3.424641591240999983e+00,1.292238994902999982e+00,1.168469077928915794e+04,5.702431635303049084e-01,1.458730671705284898e+01
1.394369026836999925e+00,5.174992316662000214e+00,1.884158606840000028e+00,1.016969726765690029e+04,1.356805709600065746e-01,1.751756689165241632e+00
1.880851821857999928e+00,4.621412342389999983e-01,1.316452195414000048e+00,1.474272228416363214e+04,5.465400974354904517e-03,1.138747642200474142e-01
1.622894648623000036e+00,1.139840023137000058e+00,1.805066289156999959e+00,1.228296924343698629e+04,8.979104474413368564e-01,6.740912606019477380e+02
2.754099383807000034e+00,7.453631962400000255e-01,2.632233189904999993e+00,2.349455002577450068e+04,2.128357321962967130e-03,1.227143120904196534e-02
2.568630377089000216e+00,1.218815769819999950e+00,1.562629214656999999e+00,2.159060908900036156e+04,6.534584507451426764e-03,2.749336913405230343e-01
2.292502483204999830e+00,3.849876046662000117e+00,9.308460788929999730e-01,1.879763741083824789e+04,1.358590673595470215e-03,8.766189992571242831e-03
2.320094980636000059e+00,5.644880673413999794e+00,1.468808202671999963e+00,1.907431033947284232e+04,9.308948621487917602e-03,7.770029215771747655e-01
8.431112957799999363e-02,4.263410299362000444e+00,1.200053695442999890e+00,3.993255997352405871e+02,7.622169705411209473e-02,1.300231151222874457e-02
1.708251139307999988e+00,4.186579844717999599e+00,1.937853790873999893e+00,1.308893278018872843e+04,5.937042232864670269e-03,1.893350646870597398e-01
1.925335238208000010e+00,3.876826757502000120e+00,1.703532472720000079e+00,1.517376743575996079e+04,9.432506941913217785e-03,6.358668926239231523e-01
2.180536595321000082e+00,3.352354364913999962e+00,1.415188305627000043e+00,1.768086394581131754e+04,2.854659123230524152e-03,3.436129079552504434e-02
2.002517748068000092e+00,2.470129304853999841e+00,2.331460138679999794e+00,1.592603364241221061e+04,1.063232207291687180e-02,6.327065534802013280e-01
1.498550519734999975e+00,3.518414175535999888e+00,1.119591274010000026e+00,1.112450539378212852e+04,8.262586954392373007e-04,1.891101847023406342e-03
2.588313167363999856e+00,6.041143900319999815e+00,2.894323794905000025e+00,2.179165212227317534e+04,1.968671388109216255e-02,1.955497841818046867e+00
1.229595791209999955e+00,2.757517116342000030e+00,1.123430473370000016e+00,8.693428120190801565e+03,7.812363529139544349e-01,1.009471199267308066e+02
9.651414338360000400e-01,1.798032826502999892e+00,1.765714380691999930e+00,6.430449170054929709e+03,1.964019115498706093e-03,8.367037197828772199e-02
2.624695833236000198e+00,1.535270436288000084e+00,1.437726994264000080e+00,2.216391613606495230e+04,4.835539051857634316e-03,3.126227838678748316e+00
2.180769349948000091e+00,4.246486339806000210e+00,5.910628874100000152e-01,1.768317540708825618e+04,4.133773401752372130e-03,3.653496580820748962e-02
2.431022195749999781e+00,2.788724618708000147e+00,2.816885151049000058e+00,2.019214747394448204e+04,3.488706040573391620e-01,2.695532643245213578e+00
1.784847992818999973e+00,2.512379927270000035e+00,9.880623283430000070e-01,1.381904953335269784e+04,6.197837782091658240e-03,4.573693692336950889e-01
2.247535348182000181e+00,4.697457886549000428e+00,1.277844166481999943e+00,1.834796972978621125e+04,2.159724418133547336e-03,7.718377364120991846e-01
1.710810468339999946e-01,5.558036894086000324e+00,1.989541656993000007e+00,8.530617980678158574e+02,4.609904059205983604e-03,3.780307413238315206e-01
1.733304070439999900e-01,3.466584373058999802e+00,9.979165208639999562e-01,8.653627890705251957e+02,4.803929083832160218e-01,1.671570881572333889e+01
8.290912918139999865e-01,1.242419706883000075e+00,3.840157734080000274e-01,5.330865338491344119e+03,1.368703273877729387e-01,1.987162515657931579e+02
6.900557532169999675e-01,3.796398239616999959e+00,1.387802078787000015e+00,4.263517877269384371e+03,1.418705615064074898e-03,1.412065477677025213e-02
2.957828412791000172e+00,3.841738112470000077e-01,5.916874733839999623e-01,2.560911839059253180e+04,6.030646954188525685e-03,3.587617473953446101e-01
2.863933634502000114e+00,3.548918124901999871e+00,2.044040235215999868e+00,2.463167705473752358e+04,3.854766541487510828e-02,5.080902603244233262e+00
2.754479393507000218e+00,4.735620318309999854e-01,1.431932613200000093e+00,2.349847234817655044e+04,6.165062814032338731e-03,2.091692686029084092e-02
7.546890922610000052e-01,3.645934467688999980e+00,1.697814481143000043e+00,4.752429878615831512e+03,3.988671873286582861e-03,1.682576641004224216e-02
2.033872129581999921e+00,5.577254909038999564e+00,1.230393463153000022e+00,1.623315946572160465e+04,1.096141119076943782e-01,1.148084824672737270e+01
2.514479559089000116e+00,4.181813317759999760e-01,1.189493083979999977e+00,2.103879487337813043e+04,7.054453036480859973e-01,1.752535147351577649e+01
2.208185458971999804e+00,2.070031735525000194e+00,1.250173486126999967e+00,1.795574025657135280e+04,4.858515468696118084e-02,2.521043873923352052e+00
1.527855227062999921e+00,5.961106655573000346e+00,1.678842755190000036e+00,1.139576652005568576e+04,1.412274256428033576e-03,3.016097543031187045e-01
2.831668421900999988e+00,2.962066937052000082e+00,2.234080585042999889e+00,2.429691973377664544e+04,3.603524516025851526e-02,4.286565718129050140e+01
2.864026905984999871e+00,3.902491017892999903e+00,1.483525489992000068e+00,2.463264560580336911e+04,1.774400068190201338e-02,5.089942326081511315e-01
