1.666059626183999942e+00,3.002643193319999848e-01,6.630943333080000501e-01,1.268950636729320831e+04,1.861980882763387274e-02,1.154598354448357900e-01
2.246385555248000099e+00,1.471444000730000035e+00,2.516408579129000067e+00,1.833649193002283573e+04,8.561394113583812443e-03,9.289161795845939373e-01
6.527251670620000112e-01,4.850353048736000261e+00,7.911218689440000507e-01,3.986456913962339513e+03,3.587494633319138117e-03,7.964557907905887857e-02
1.692970241705999968e+00,5.591687615377000320e+00,2.070427722619000210e+00,1.294403832985289773e+04,1.070916194999484324e-02,9.037865477456095142e-01
2.268742135032999929e+00,4.759182103689999721e+00,6.567322913419999519e-01,1.855984516101082772e+04,5.055417666470960435e-03,7.757975435768924011e-02
2.862668412291000219e+00,2.502633843133999836e+00,2.163545428344999966e+00,2.461853915352057447e+04,5.048330211298897828e-03,8.420669747347281353e-01
2.660889729665000036e+00,1.734475236643999940e+00,8.807709060099999654e-01,2.253506782310338531e+04,9.970393000014437374e-03,1.134706864505509394e+00
1.762896804136000029e+00,9.103256722889999653e-01,5.470533020090000420e-01,1.360917278703703050e+04,1.716510366487349884e-03,6.537824989953013033e-03
2.318252283449000029e+00,1.379558946693999921e+00,1.961992988011999950e+00,1.905581590587707615e+04,2.171835938800408677e-02,4.065988402450749994e+00
2.214411734909000007e+00,8.812404448499999710e-02,3.333444952599999844e-01,1.801772255105050499e+04,1.496507739534160475e-03,7.290192424660976549e-03
3.569655733020000166e-01,4.914397560590000325e+00,1.032737485963999946e+00,1.952061816094656251e+03,2.431633709221903855e-04,2.992548513945919174e-04
