5.577125046730000424e-01,2.327375102097000159e+00,1.446687077373000063e+00,3.300208245036867993e+03,6.913153754531000186e-03,4.692731698557730535e-01
2.116764465214000079e+00,6.060204114103999729e+00,8.041634761420000110e-01,1.704918917992431307e+04,9.628378318848891670e-02,8.070173122871769911e-01
2.627770681943999875e+00,4.420229857556000397e+00,6.455963618719999797e-01,2.219541566204556875e+04,1.798157565851415257e-02,2.067401667417848810e+00
2.751330679530000212e-01,5.310221468836999748e+00,1.612781679170999904e+00,1.448504017988363785e+03,2.625145263753406546e-04,1.060850712808146610e-03
2.342819426413000006e+00,6.777646981660000458e-01,1.816060659724000104e+00,1.930259152636384897e+04,1.726395550841854365e-01,5.164598789580737703e-01
2.632939766959999872e+00,4.057124473153000288e+00,7.416903138070000123e-01,2.224837601888790596e+04,2.333348655909937841e-02,5.031067064866109328e-01
2.469825986951999841e+00,3.929597398774999917e+00,5.428744508630000132e-01,2.058521419653857811e+04,4.151520834351492099e-03,7.518174262424580367e-02
1.783335019160000035e-01,3.860759525125999847e+00,1.180677698091000094e+00,8.928170380495895415e+02,1.758959299113733721e-01,2.177867722686989183e+01
2.373360187179000214e+00,3.894759370261000164e+00,5.179950778090000041e-01,1.960998126327887076e+04,1.521378851711293386e-03,9.527846271613266138e-03
2.509560515377999845e+00,2.268465346700999863e+00,2.339361638648000064e+00,2.098876326870800040e+04,3.495191993812801941e-03,5.119504032948508643e-01
2.601601105787000101e+00,5.244357722482999584e+00,1.335428109693999943e+00,2.192752435030651031e+04,3.324844764287199911e-03,8.390176283701261672e-02
2.496207028300999831e+00,2.333998436647000130e+00,2.090533828573000186e+00,2.085302584211231442e+04,2.278145743382011534e-01,6.626927755486475391e+00
1.313397988104999969e+00,3.796949533534999865e+00,1.666361035191999962e+00,9.438716154526924583e+03,1.702080797853790933e-02,9.252491950254166930e-01
1.196970992268000078e+00,8.883375220079999801e-01,2.524068231099000137e+00,8.406612759591565919e+03,1.817346809487343506e-01,2.357623019134560682e-01
1.250949120845999962e+00,5.919501620079000048e+00,2.148320253950000147e+00,8.882187020263814702e+03,2.684781557420372246e-03,2.778082577729799191e-02
2.517296531481000077e+00,2.473504762711999927e+00,1.801022819958999932e+00,2.106745346842026993e+04,7.647313457232221903e-03,3.551902695480442795e-01
2.405215939262999925e+00,5.318565567901000435e+00,3.022658488049999814e+00,1.993131467435572631e+04,1.413135322504368088e-02,7.914993465812601714e-02
1.867762620072999979e+00,2.411672874670000022e-01,1.739813451509000020e+00,1.461624931671753257e+04,1.917750164474248207e-03,1.966035212136582611e-02
1.941691596150000088e+00,2.063629896961999943e+00,1.077638954613000077e+00,1.533273010963526576e+04,8.702637880846356144e-02,8.785142879200907373e+01
1.401884796365000074e+00,3.123156119974999978e+00,8.186271641860000114e-01,1.023805635313787025e+04,3.288016629676210334e-02,2.447246494508766634e+00
2.266395120617000103e+00,1.101879205254000071e+00,8.704603256930000255e-01,1.853637943715878646e+04,4.049719521213710448e-03,5.591834310619607507e-02
1.849449993679999904e-01,2.928806295935999948e+00,9.301779822460000124e-01,9.292951887314642363e+02,8.549145236528767240e-04,5.830992115358354932e-03
1.443631933752999918e+00,5.150476466431999967e+00,1.361444872337000067e+00,1.061926857392710190e+04,3.263901945106050667e-02,3.249922011867364802e+01
8.857759139119999459e-01,2.461047681343000004e+00,2.322999501661000110e+00,5.782817844345950107e+03,1.502061183624136230e-02,4.393474809195882513e-01
1.843061787229000048e+00,1.636944517779999886e-01,1.439034852203000092e+00,1.437803720069300834e+04,1.279429599754284587e-02,7.402778552303307391e-02
2.230733309159000033e+00,3.482165040794999999e+00,1.767815283798999992e+00,1.818034555290131175e+04,3.327010984506037494e-02,6.052394815572733622e-01
2.651993910462000059e+00,1.535362267915999945e+00,1.704236646955000101e+00,2.244377036254824270e+04,1.294504737309710822e-02,6.293086158295969623e-01
1.907635897570000072e+00,5.248943064710999806e+00,2.463346044295999793e+00,1.500203513818437750e+04,9.153589477107667571e-01,1.259853463156466091e+01
1.528581145368000049e+00,5.700049387057999795e+00,1.916219392092000096e+00,1.140250025007698787e+04,1.219254947429540548e-01,2.213474427173180459e+01
2.251167708797999989e+00,6.963270999830000196e-01,2.409087225697000179e+00,1.838423593323847308e+04,2.494719582138642533e-01,1.166943235492304609e+02
9.033184413070000085e-01,3.795449111857999824e+00,2.741017809060000143e+00,5.924526719396837507e+03,2.543948823960669459e-01,5.883950964411484463e+00
6.702237913890000121e-01,3.778487439786000213e+00,2.394361902215000004e+00,4.115828418489789328e+03,1.975225168941300343e-03,1.514927811726578429e-02
1.888219216189999938e-01,5.862658764139999867e+00,6.999052682709999695e-01,9.507897791954883360e+02,2.037488256268098381e-03,5.939325513744176527e-02
5.153561279970000353e-01,5.633689291153999967e+00,9.226528231189999874e-01,3.003638910350488914e+03,1.343644288632659875e-02,3.096620864883162572e+00
5.167236681839999513e-01,1.808179708658000040e+00,2.685849895804000020e+00,3.013119127627719081e+03,1.086886241834376108e-03,8.690148222987298735e-03
7.753196430950000106e-01,3.872584294316999909e+00,1.698800485997999932e+00,4.911051002011696255e+03,1.861610700450259731e-03,1.764713838853881195e-02
2.674944636511999985e+00,3.818686657544000163e+00,1.311472182566000066e+00,2.267941149062525801e+04,3.595136491232644310e-02,5.535557926988880162e+00
2.834947990143999785e+00,3.533233626762999791e+00,5.957673398199999637e-01,2.433091914256968448e+04,1.869956938706215932e-02,1.712073401451427723e-01
2.599091419455000107e+00,1.209996082739999979e-01,1.580983547793999966e+00,2.190184722119757862e+04,1.261527025752488540e-01,2.077108187167077347e+00
1.613837490444000045e+00,1.567658596615999933e+00,1.872901129306999923e+00,1.219794436619603221e+04,5.119496825121507000e-02,1.350617944294274508e+00
1.305874644330000112e-01,5.072475037945999965e+00,7.278576876150000263e-01,6.361867463739208688e+02,3.164132959075595906e-03,5.235933969210737615e-01
2.120320401769999918e+00,1.078938746478999899e+00,1.538320722397999996e+00,1.708432433503527136e+04,1.260145210259160792e-02,6.166588058633843517e+00
1.372537455235999904e+00,1.237831287854999962e+00,1.764436280920000100e-01,9.971610189038476165e+03,1.057079576035531154e-01,2.265289048455747967e+00
