6.385559171599999861e-02,8.452418386800000238e-01,9.355097582439999560e-01,2.985205134660788531e+02,3.729312818921509676e-02,5.255694475105042755e-04
5.675327766850000177e-01,2.109236731319000135e+00,2.597066549271000113e+00,3.369818690710768806e+03,1.380901021912223471e-03,3.710419783878458194e-02
1.547934690978000072e+00,2.466858795978000174e+00,2.987640602133000201e+00,1.158227357283805759e+04,2.019040676016119751e-01,2.518240301939335679e-01
2.420345185059999960e+00,6.025755875200999867e+00,1.808391046297000093e+00,2.008417502850722303e+04,2.083391955802297024e-01,2.754114733851309325e+02
1.431867875220999897e+00,1.230971021468000082e+00,3.849423588970000143e-01,1.051159082481011865e+04,1.084190698004021264e-01,7.584321524603117837e+01
2.628822591300000178e-01,2.798974112519999835e+00,5.764095170740000107e-01,1.375692293673436097e+03,4.575624572515138953e-03,2.502815971898254832e-03
2.826893517513000109e+00,4.183599881680000188e+00,5.926869646560000149e-01,2.424742900436620403e+04,1.406435729764510256e-03,2.319851454637523319e-02
8.977986557629999975e-01,2.071731510979999857e+00,9.559982725510000057e-01,5.879846937321722180e+03,1.337834357026737031e-01,1.425078786386370950e+02
1.598055222151999910e+00,3.838147596604000178e+00,1.398632845987999973e+00,1.205002143352982603e+04,1.498210366632290458e-01,8.952153822972019270e+01
4.143379653009999775e-01,2.501409617979000188e+00,9.132691800890000433e-01,2.321892709889493744e+03,7.162160680182138028e-01,9.465482761183349680e+01
1.935945417301000004e+00,4.454465133025999890e+00,1.569041146285000021e+00,1.527685629210306070e+04,1.902892564870737463e-02,6.190713695559146856e-01
1.595371725032000088e+00,5.067446856821000267e+00,1.418667511158000050e+00,1.202489955925933464e+04,9.598735874473866099e-04,7.639425070854839739e-02
2.807529896625000188e+00,3.203562834585000019e+00,8.881455059480000136e-01,2.404686227450710430e+04,9.636203417236265112e-02,6.173955633801711684e+01
