2.020439275625999898e+00,6.042240435444999669e+00,4.570686276600000042e-01,1.610147475848836621e+04,1.257189014981941189e-01,3.535797268695579731e+01
2.170476655298000157e+00,4.712217080341999598e+00,1.630005972528000058e+00,1.758100096376818692e+04,1.561777422239857827e-01,4.571836807160990475e+02
2.133378690479999840e+00,6.241068385301000276e+00,7.847176096110000110e-01,1.721343841084214364e+04,3.031945986647922951e-03,2.797888702822421553e-02
2.749424669135000165e+00,1.602437026739000014e+00,2.391013874928999972e+00,2.344630638797003121e+04,2.182450082949411729e-01,1.743372792942681997e+02
1.427048451949999963e+00,7.352891353099999527e-02,1.183525845354000072e+00,1.046753532907512999e+04,3.475787820256957816e-02,9.448878471662773393e+00
8.957561866659999872e-01,1.182523017997000103e+00,6.738035700340000433e-01,5.863335264410072341e+03,5.317121916840506467e-03,1.003828381396988378e-01
2.254562250712000004e+00,5.285298537696999865e+00,1.116936775250999991e+00,1.841813698744498470e+04,3.998718993619162360e-02,1.336792176458515158e+01
1.489505360049000027e+00,1.343782157910000108e-01,1.196574902735999979e+00,1.104100776067887818e+04,1.604601346263342639e-03,3.493102005122140225e-02
1.684139099734000000e+00,4.659496389946999884e+00,1.144594399727999923e+00,1.286041955888853590e+04,1.738585397605079408e-01,2.576138246098198579e+02
2.260588167275999982e+00,9.283591080890000180e-01,2.419643197559999959e-01,1.847833892989235392e+04,7.039186350584739071e-02,1.051977224709845515e+01
1.843259471934000082e+00,4.980147815229999941e-01,1.026504605911999990e+00,1.437994126779043290e+04,4.142857224022202661e-02,2.996348876523330418e+01
2.121571873758000049e+00,6.166447147173999888e+00,1.181247220993999925e+00,1.709669223171722479e+04,1.354591684833566893e-02,2.326176926939480083e+00
1.607634057732999944e+00,3.343722438546000042e+00,1.650049979120999932e+00,1.213976558383989322e+04,1.923990941166354995e-02,2.525729175154027395e+00
2.961160817846999915e+00,1.112166656330999981e+00,7.245917637209999818e-01,2.564389621901920691e+04,8.197165058740884733e-03,1.070883670044548847e-01
