7.765628307180000300e-01,5.304036257952000177e+00,6.090317119150000513e-01,4.920653967656202440e+03,2.381281218585616991e-02,2.372079775395417034e+00
2.623376424238999860e+00,2.938045190407999829e+00,1.994786153134000095e+00,2.215040151582801263e+04,1.284281877636961056e-01,7.336309337653435136e+01
3.714279871789999965e-01,1.671017665633000027e+00,1.106344387135000051e+00,2.044034037183403370e+03,8.704633053919778873e-02,2.554170667006528106e+01
8.064167914799999504e-02,5.890397438955999654e+00,1.267248596853000064e+00,3.810633296677136173e+02,7.209847419380779367e-03,5.821479390558144118e-01
2.651264693921000060e+00,3.658361871404999910e+00,1.904995606369999983e+00,2.243628855884272343e+04,2.157102147352201460e-01,9.038147519631905880e+01
1.272679813079000022e+00,2.992916451315000170e+00,1.514744503636000106e+00,9.075098094634724475e+03,1.029894066586389302e-02,1.364468836727435463e-01
2.514292302468999818e+00,4.630023117037000091e+00,1.880904773167000110e+00,2.103689000319893239e+04,1.781841651090328160e-01,2.628988005131069983e+01
1.053390995351999981e+00,4.699416640468999873e+00,2.262333081132000157e+00,7.168948737838159104e+03,4.435692021361877652e-02,1.777977678429233777e+01
1.425083180454000065e+00,5.990038259044999869e+00,2.557554154447000183e+00,1.044957992508658936e+04,9.426153430102103548e-02,1.840431802187002575e+01
2.253577325781999985e+00,1.075561680205000092e+00,1.699454299279000047e+00,1.840829973073505607e+04,1.294877553529949765e-01,2.918244258428260878e+02
5.642676484590000152e-01,5.914868118460000490e-01,1.778707595765000038e+00,3.346639126206714991e+03,4.406862753907458963e-01,1.585881720347881618e+01
1.426581616024999999e+00,4.020156460009999821e-01,1.705783638583000084e+00,1.046326964828613927e+04,1.927595611901631867e-01,5.775057106891907655e-01
1.795172135125999935e+00,1.285864315945000058e+00,2.603479615290000271e-01,1.391793266201714505e+04,1.836535495034122278e-01,7.981855369871719574e+01
1.046482512255999975e+00,8.952029591119999852e-01,2.257567932749999784e+00,7.110486844354151799e+03,4.782725238814264368e-02,2.242347083998213009e+01
2.926173407124999848e+00,6.065536666064000215e+00,2.768327740704000117e+00,2.527905523419339443e+04,8.730368163602730824e-03,4.045813389005591953e-01
2.167325026841000035e+00,2.994048083911000191e+00,3.011425166600000258e-01,1.754973196715615268e+04,7.751283988416005598e-03,2.563828675732060525e-02
9.976234545159999856e-01,2.078676043469999790e+00,1.732835534424000068e+00,6.700129655014841774e+03,3.270760520668446886e-03,3.989028241665963648e-02
