1.918470786415999996e+00,2.980391369828999881e+00,6.248355238510000520e-01,1.510712834858179667e+04,7.539565946605446267e-02,2.244554573440853684e-01
1.001230136847000018e+00,5.104794842898000340e+00,1.781098095079999943e+00,6.730231207508271837e+03,1.202763942205336591e-02,2.505801682812577091e+00
2.549279881908999901e+00,1.847860202830000076e-01,1.761430126170000054e+00,2.139320258975676188e+04,1.747823659541135888e-01,2.489406360356351513e+02
2.143604784344999903e+00,3.622563703868999951e+00,2.271595758995999859e+00,1.731464643411505313e+04,7.785986400116291783e-02,2.698048842314731033e+01
1.390385602033000101e+00,5.278910737596000047e+00,1.635609012683999941e+00,1.013350046839984498e+04,1.118037009133545159e-02,4.885730357350250408e+00
2.826162176820000038e+00,3.037316664661000143e+00,2.021909743164000073e+00,2.423984996551112272e+04,2.442499147109604071e-02,4.700558404668344181e+00
2.444400386023999783e+00,4.859936405285999683e+00,2.155154476648000195e+00,2.032754682466934901e+04,6.644939952355694013e-02,1.784094569020044574e+01
1.708873941563000098e+00,1.383399395450000124e-01,2.011146863188999934e+00,1.309484370923105052e+04,1.829078798690123575e-01,5.807381458182701905e+00
2.631051005270999887e+00,1.716649517563999972e+00,1.805032624489999904e+00,2.222902678015582205e+04,4.716160095825672541e-03,1.871149091651362895e+00
1.663129187873999992e+00,5.933384747489999889e+00,1.749526040499999935e+00,1.266183865937055270e+04,5.440599947196154279e-02,8.284272917208856768e+01
2.250641095774000178e+00,5.460569410137999569e+00,1.724119274406000102e+00,1.837897757481860754e+04,8.223730166904428054e-03,3.126907742317168726e-01
8.897518791280000228e-01,2.569719805276999836e+00,2.590929963540000158e-01,5.814861651255937431e+03,3.613051675654312817e-02,2.899976754854835526e-02
2.687856259459000086e+00,6.065471072881999604e+00,2.845919854273000205e+00,2.281211961047738805e+04,8.869244471743637295e-03,2.177766043372710292e-01
