2.886411172278999793e+00,3.454681306212000091e+00,1.667685400444999910e+00,2.486522840749894021e+04,7.079733848750890957e-02,2.785840519254572811e+01
1.621940016441000054e+00,4.944770570835999912e+00,2.127263472801999900e+00,1.227400295402568554e+04,1.822841153110070847e-02,9.043351161062272325e+00
1.121441508765000039e+00,5.328649216677000311e+00,7.220936545449999633e-01,7.750327556490646202e+03,1.996177666393051438e-03,3.276986523555716624e-02
1.160719069810999926e+00,2.893058999870000148e-01,2.150091667738999845e+00,8.090232428829250239e+03,1.394762002478250372e-03,9.990476268810204868e-03
9.502793570159999703e-01,3.241897567490000243e-01,2.414596109151000203e+00,6.307926945679129858e+03,1.037927852077921145e-03,2.463524639214548402e-03
2.295793000877000001e+00,5.181894495562000102e+00,1.011977397594000072e+00,1.883060010666398011e+04,1.059177897759801257e-01,8.926454010851836074e+01
1.890451700377999922e+00,3.656338167042000098e+00,5.331362915280000170e-01,1.483558543126082077e+04,6.848690927503611192e-01,1.415168597545424056e+01
1.288164778585999981e+00,1.126224860193000055e+00,1.940815351933000033e+00,9.213055096619946198e+03,3.339110347675772455e-03,4.804817550437502638e-02
2.136604787391000126e+00,1.683084842108000023e+00,1.654705000984000085e+00,1.724535805851249825e+04,1.810448099044466297e-02,1.217325261650095491e+01
7.261272715240000286e-01,2.309402986219999843e+00,1.652217270718000064e+00,4.534972090749411109e+03,4.851020388785213383e-03,4.858141485453946751e-01
2.091202047075999992e+00,2.625144060326999984e+00,2.793922324158999881e+00,1.679692284635711621e+04,5.360839663139735020e-03,6.706957077554200064e-02
2.311986706668000213e+00,1.634811230019000083e+00,2.134113818394999917e+00,1.899294937198549451e+04,1.207351064296292506e-02,1.927136717700287827e+00
1.243087494604999899e+00,2.446319817725000068e+00,1.916526646744000084e+00,8.812598381827130652e+03,4.501207981393225144e-02,3.085067265826000593e+01
2.505356533420000087e+00,4.473773307004000443e+00,1.288452389556000055e+00,2.094601735254821688e+04,2.564928835490468823e-02,3.647893515316521285e+00
