1.696921599066999908e+00,5.558426808511000239e+00,1.379525145966999933e+00,1.298148047941888217e+04,6.694843321017988069e-01,1.898414444346331109e+01
1.864793092760000048e+00,6.269232518489999961e+00,3.681191190279999859e-01,1.458757977893284442e+04,2.394408549632210878e-02,3.039483186823980887e+00
2.730251310183000157e+00,3.834385975581000139e+00,2.348721826694999848e+00,2.324856914946732286e+04,2.336435934650917257e-01,2.412454821041805175e+01
1.289127520600000069e-02,1.419683614326999965e+00,7.850441942110000237e-01,5.823904293284012823e+01,1.825295062768714054e-03,4.616179769106158872e-05
8.826361524539999559e-01,5.341860771287000098e+00,5.446310780190000145e-01,5.757544309719198282e+03,2.039928905415031024e-03,1.597625627086219358e-01
1.158596897882999910e+00,2.063336115400999926e+00,1.877156870179000014e+00,8.071789560645392157e+03,8.085041817876625903e-01,2.665571781652035455e+01
2.451855523259999892e+00,5.191754259838999630e+00,3.076472134652000090e+00,2.040305284327336267e+04,1.432997421161044845e-02,9.296735552932470226e-01
1.017902928035999910e+00,3.146094665469000073e+00,1.515185587880000018e+00,6.869782158024336240e+03,1.825627415240954924e-03,2.559346625838036793e-02
2.451051899613000185e+00,7.429686609740000502e-01,8.253441118280000488e-01,2.039491187006782638e+04,4.857445110551278367e-03,2.750840581826334910e-02
7.136911830069999629e-01,2.778020359510000148e+00,2.431113332311999997e+00,4.440979376305658661e+03,1.120957400636510195e-03,1.262849405437637892e-02
2.286652804754000012e+00,1.169231911952999914e+00,2.476843862231000060e+00,1.873905482126116840e+04,2.102367645792698192e-01,6.225265589753602669e+00
2.668116811971000146e+00,4.140104556818999804e+00,1.884898451620999893e+00,2.260927479388459687e+04,6.582289481754743585e-03,9.835427994073245306e-02
