2.538165809842999998e+00,2.916616155177000014e+00,1.089777372011000001e+00,2.127993048296135385e+04,1.146738089041708479e-02,5.725908892082117729e-01
1.120618450377000030e+00,5.230874560054999733e+00,2.074549472569000130e+00,7.743237934195052731e+03,7.517841717476206331e-02,3.872137942828913215e-01
5.595957059480000106e-01,1.847182209899999872e-01,1.216939822213999989e+00,3.313532804056892928e+03,5.136665575604557749e-02,7.871285525368917901e-02
2.697476124681000176e+00,9.692891607389999553e-01,1.468639194044000007e+00,2.291105989117725039e+04,6.543918023312424170e-02,2.050188868142023946e+00
2.977914292913999894e+00,8.802328673489999700e-01,1.603890572931000014e+00,2.581882945563889371e+04,5.311974684601507984e-03,7.560682354055005272e-02
1.144335195320999921e+00,2.128076656483000040e+00,1.494393279717000089e+00,7.948075622431614647e+03,9.549282040119266499e-03,2.769683134186795126e+00
1.545085175075000095e+00,9.829037560290000419e-01,1.957983441689000070e+00,1.155577486380999107e+04,4.852167167983230736e-03,1.752257193659346179e-01
1.667645920790000069e+00,5.059194261344000410e+00,1.444455273888999969e+00,1.270448746165953344e+04,5.172129739578718022e-02,2.007573121837862402e+02
1.092941193420000068e-01,1.338211411662999950e+00,2.078469831712999927e+00,5.257077678397540694e+02,3.851496194945897900e-04,7.373631678311637827e-04
2.948586996196000065e+00,3.733981135072999891e+00,1.034588702133000027e+00,2.551270354471229439e+04,3.093425634187818227e-02,9.828768694586983434e-01
1.683391344107999954e+00,1.605582690954000080e+00,1.315621255376999921e+00,1.285334340930207509e+04,1.735308359336496797e-01,1.266548062469539770e+00
2.699615267716000133e+00,9.252095783220000147e-01,1.481242673893000017e+00,2.293306855404098314e+04,5.895948384896008282e-02,6.058746240605844546e-01
1.535811717439000024e+00,5.585028530934000202e+00,2.235450600730000126e+00,1.146960832093387762e+04,2.393081206318738510e-02,2.830174467468368871e+00
2.569479618364999940e+00,9.994933631700000376e-01,2.296790529593999874e+00,2.159927825290228066e+04,2.292761609789402497e-03,1.841822292542018985e-02
2.460641496625000091e+00,2.624441247120000154e-01,2.645309515540000267e-01,2.049208625089221459e+04,9.001108531523769329e-01,4.869987312937676727e+00
1.901323831907999917e+00,4.556431512902999970e+00,1.085186177366999960e+00,1.494086242031870643e+04,7.984602048675175368e-03,2.201002879069475782e-01
3.780189258760000004e-01,9.020000681230000428e-01,1.854522070445000059e+00,2.086233034815307747e+03,9.270858716897438512e-02,2.895261357643106237e+01
1.840968078533000041e+00,5.044429010886999798e+00,1.875616910161999940e+00,1.435787345405211272e+04,1.503913720992834397e-03,2.554715235952009778e-02
2.795428028523999853e+00,4.585442632372999761e+00,1.651365232819000051e+00,2.392162077112757834e+04,1.418747610590922748e-01,4.702406607827059304e+01
1.813776905646000026e+00,2.192826300207999957e+00,1.779377234156999998e+00,1.409640385425199020e+04,1.586072490873945444e-03,2.780597513960067838e-02
1.308246243988999913e+00,3.953410394311000164e+00,1.409139908073999914e+00,9.392558942862773620e+03,3.840397727097483865e-02,7.987985865870933511e-01
2.603717700144000169e+00,1.868974338637999999e+00,3.656133582960000017e-01,2.194916814435283595e+04,4.973958647285581583e-03,1.540710316276144853e-01
1.313298453282000011e+00,1.689409228051999889e+00,8.669519029479999528e-01,9.437823971866737338e+03,2.492740746798923768e-01,4.497082010706361643e+01
1.451837687190999926e+00,1.850934314340000109e+00,7.738214014490000237e-01,1.069449313975704172e+04,1.358329865411983528e-02,4.750918310056775340e-01
1.793185680002999938e+00,5.168518281070000331e-01,1.366440266636000045e+00,1.389889830780928969e+04,7.288281100218166331e-02,3.332110034228087159e+00
2.294069820694999873e+00,4.537058245289999903e-01,2.681644242737999839e+00,1.881333800282379161e+04,3.716815583173956744e-02,6.111830591279622027e+00
7.796623695009999855e-01,4.080418443705999820e+00,1.573937186943999977e+00,4.944617768804351726e+03,4.549579390820882030e-01,2.066703373251603466e+02
2.554142715141999975e+00,3.760863053705000070e+00,2.807717234151000163e+00,2.144278867215555147e+04,8.665786229357236303e-03,5.535646462413834623e-01
2.745132870326000063e+00,2.545513645484999810e+00,1.128547875089999986e+00,2.340202567106359493e+04,2.341882543943367423e-01,4.765887796764713613e+01
8.208521564720000496e-01,2.952054583733000115e+00,1.716013917868000060e+00,5.265959379089386857e+03,4.155359264101046550e-03,1.893099541460348811e-01
1.090843056581999981e+00,4.944175488890000025e+00,1.706779694988000085e+00,7.487699239623414542e+03,5.870626413072399519e-02,7.439020219966516834e+01
1.787205771363999940e+00,6.297594686480000314e-01,1.483904259550000049e+00,1.384162232601166215e+04,4.357920713337317675e-01,5.809521984235524350e+00
2.494533009314999994e+00,5.466581516966999565e+00,2.996252354930999839e+00,2.083601791087130914e+04,1.413120743324555728e-02,7.095754042426752894e-01
2.974233800173999853e+00,1.211455836512000062e+00,1.655627010409999933e+00,2.578038634398724753e+04,1.249064137226124638e-02,4.358182721912062796e+00
2.403847508754000106e+00,6.269438611078999912e+00,1.521040913493000080e+00,1.991749640107724917e+04,3.374589623080317957e-01,3.994823289987738235e+02
2.262031366585000036e+00,2.655300876590999781e+00,5.346092691770000238e-01,1.849276133802735058e+04,1.315049937860305685e-03,1.396411767386381876e-02
2.847240586843999832e+00,7.050054268100000576e-02,1.231019037153999962e+00,2.445841083903146500e+04,8.686062286760026785e-01,4.968519049130264165e+01
1.329934254931999904e+00,3.829496957167000115e+00,1.654934426442000062e+00,9.587163813392173324e+03,1.917712742939294349e-02,1.170704062397774914e+00
2.971459152835000062e+00,4.982676086189999687e+00,1.117465091041000003e+00,2.575140934707185079e+04,6.037880549424563120e-02,5.483724351297286859e+01
2.953908533158000171e+00,1.954240614680000099e-01,1.335803981258999906e+00,2.556821715071157450e+04,1.488269494512992758e-02,2.302159502673382097e+00
1.529000431815999983e+00,1.715020146387000066e+00,2.043580953141999945e+00,1.140638981760532079e+04,1.515683803801529637e-02,7.273467243716205566e+00
3.768671576789999755e-01,4.473703317255999679e+00,1.707022394051999958e+00,2.078846002193613003e+03,1.427095361470903101e-01,6.091503395179280744e+00
1.859962703175999987e+00,2.776710003688999784e+00,2.427211913633999796e+00,1.454096291030922657e+04,4.751635052794149494e-02,7.673617367442763459e+00
2.520856136878999898e+00,1.903624570330999966e+00,4.956084419019999854e-01,2.110367476280441406e+04,1.192384356419077390e-02,4.394616845269169736e-01
1.266848552116000004e+00,4.031957491795999715e+00,2.314128853814000131e+00,9.023252214532243670e+03,8.125124148757415510e-01,2.790654991190419665e+01
8.837326227149999713e-01,4.831429040410999853e+00,1.047146550579999946e+00,5.766367267052592979e+03,4.629175550670570627e-01,2.265705159229158596e+02
3.692889409610000118e-01,2.334078599639999863e-01,1.491464659809000004e+00,2.030376739699961036e+03,1.267885197350371784e-03,5.250871104047376454e-03
2.126363354771000136e+00,1.123804903549000089e+00,1.014362131644999998e+00,1.714405681636180816e+04,3.130004288765537990e-02,2.455953435572099330e+00
3.334000964130000022e-01,7.440204383709999592e-01,2.133067754537000038e+00,1.804070816651466203e+03,8.905493390332750933e-03,1.232459512568446006e-02
2.905299465235000156e+00,5.198318105989999660e-01,1.322341367219999952e+00,2.506170136374119102e+04,6.363841318762991986e-03,9.992175653091568688e-02
1.831238330704999973e+00,8.907133218720000301e-01,6.788447738730000180e-01,1.426422710107746752e+04,2.658021795670456044e-01,5.043227933129366125e-01
