1.113914276258999969e+00,1.208422477757000069e+00,2.383401971655000118e+00,7.685541350759528541e+03,8.714731847458864755e-02,2.371642755646700351e+01
2.166859395867000160e+00,2.333203071063000067e+00,9.929796196400000330e-01,1.754511241572032304e+04,1.642078251011527476e-03,1.221332336274218583e-01
2.146201616871000084e+00,3.064648202807000121e+00,3.101905436430000051e+00,1.734036093140044613e+04,2.907841647659696327e-01,1.813818335430526396e+00
2.048192868232999952e+00,4.268799268771999778e+00,8.933708452140000089e-01,1.637372112562527400e+04,1.068524468576201661e-02,1.957561841091433885e-01
2.217890518444999959e+00,5.868155420359999930e+00,2.699712931459000043e+00,1.805236677214526571e+04,1.517893614299594962e-01,8.077610005542238403e-01
1.789909632175000098e+00,1.598309209548999910e+00,1.819323115767000010e+00,1.386751550360383408e+04,6.298142182900151251e-03,2.440616228272499688e-01
1.697629389622000051e+00,2.168734824701000097e+00,2.031674444977999983e+00,1.298818919672655466e+04,1.824435718898714809e-01,1.138269798684545577e+02
1.225441502311999997e+00,1.332552538200000025e-01,1.265942620694999965e+00,8.656799168253543030e+03,1.461569300426698581e-01,1.943033572059457299e+02
2.329978362539999903e+00,4.320047578889999684e+00,3.980881786609999917e-01,1.917354868460147918e+04,3.517341160072920414e-02,1.960297653717412603e+00
2.470586492298000092e+00,2.417297814933999867e+00,1.594773221230000093e+00,2.059292799747466415e+04,1.888924033586496243e-01,1.840916078864240690e+00
7.519103558999999659e-02,3.869417565791000158e+00,1.805922627291999927e+00,3.540803161013040494e+02,2.487753582334660193e-03,2.645914611020019902e-02
6.353286505180000265e-01,9.370396390320000490e-01,2.008057953502000004e+00,3.858733404333457202e+03,3.834543129103440418e-02,8.609260687797691547e-02
2.170670955997000107e+00,2.809544780158999888e+00,5.754973074310000269e-01,1.758292898452464215e+04,2.881369990503509452e-03,2.741258523108930367e-02
1.520880489048999973e+00,6.230532973547999731e+00,1.975185054773999971e+00,1.133110300949074190e+04,1.068082787081388041e-01,1.474337649034366748e+01
6.512411347000000017e-01,1.099354490800000077e-02,1.639774868976999977e+00,3.975526304771000923e+03,6.440618297341986487e-03,4.640037343661003455e-02
7.131946546280000243e-01,4.640990387130000117e-01,9.302183621690000015e-01,4.437235370292141852e+03,2.422285520230429848e-04,2.238507566019366400e-04
1.706326575187999905e+00,5.172456376828000302e+00,1.788882880288999999e+00,1.307066977719641909e+04,7.493110300150848668e-02,5.862256213145497696e+01
2.553117483822000100e+00,4.885199366896999962e+00,1.198305717400000026e+00,2.143233316320866288e+04,2.099076591903765998e-02,1.552479721461075179e+01
2.180688096852999802e+00,7.266868121300000538e-02,1.821867528410999970e+00,1.768236848327534972e+04,6.114514955194395585e-01,6.784826528382572519e+01
6.822672584619999814e-01,6.017904076790000500e-01,1.403979176663000095e+00,4.205382923572969958e+03,8.766603193472929934e-03,1.555535266020169338e-01
1.984590236862000090e+00,1.848327186871000061e+00,2.392725861310000202e+00,1.575081951815359389e+04,1.405887396810498804e-02,1.585206145549979295e+00
2.758713852331000194e+00,3.371681739388999954e+00,1.274907200598000001e+00,2.354218452972840532e+04,2.228738700464194186e-02,2.390629004225913457e-01
2.608168457754000080e+00,3.269527035270999971e+00,1.613184737334000030e+00,2.199470634314925701e+04,8.729059019087593435e-03,2.367270290047867043e-01
2.684582861507999851e+00,6.124297760354999731e+00,2.120203340513000079e+00,2.277846540858607477e+04,6.843260041371965197e-03,2.492384528128799848e-01
2.209014921580000124e+00,5.207260781375000036e+00,2.383804183061000170e+00,1.796399581944836245e+04,9.713866799429199742e-03,1.464320970196414962e+01
6.598060067769999648e-01,1.037029123988000068e+00,1.680226456048999895e+00,4.038699724525244619e+03,4.921339543246409931e-02,3.385717882424277847e-01
2.769897504283000078e+00,2.914694162417000189e+00,2.381824555315999792e+00,2.365768390537028245e+04,2.987961736423177563e-03,8.460622797118974581e-02
2.922827523934000027e+00,4.825093595242999633e+00,2.070190140584000194e+00,2.524419969444202070e+04,6.923457515117192006e-03,6.105505681537263252e-01
1.818411620763999981e+00,5.192157606510000356e+00,1.185791705278000041e+00,1.414091847340740424e+04,2.039457726947177529e-03,6.155572851974108750e-02
2.068687112182999943e+00,1.439000160856999999e+00,2.623996897897999947e+00,1.657518426082292717e+04,8.827135849821529101e-01,3.746834506779168805e+01
4.953035048000000162e-01,3.628227846855000216e+00,1.195793273275999935e+00,2.865373523015959108e+03,8.810449444764438531e-02,6.267773711543128679e-02
2.479147459009999999e+00,2.654500673709999869e+00,1.151351115503000067e+00,2.067978928564353919e+04,8.157404426487016025e-01,6.248217424084726872e+02
1.902491798895999953e+00,6.274264562205999596e+00,2.686201526195000078e+00,1.495217880143630464e+04,4.547287128629510233e-01,1.266907221198426825e+01
2.899620726001999937e+00,5.648230875888000213e+00,1.249278732707999939e+00,2.500261143143071968e+04,8.862159949927778460e-03,3.480460751059279989e+00
8.475909935669999618e-01,3.482980948450999925e+00,1.779358042221000025e+00,5.477340961815703849e+03,3.638084349612608591e-03,4.484712401822931599e-02
3.254058925100000027e-02,1.320688484608000035e+00,9.934043246050000553e-01,1.490050169180981356e+02,9.368479726283300188e-05,1.578493257648909734e-04
2.568390199373999927e+00,5.199718730776000442e+00,1.264347987812000085e+00,2.158815740872014794e+04,3.142995862171545779e-02,3.747217884458748216e+01
1.777919927242000098e+00,3.535358279246000102e+00,2.524024564981000029e+00,1.375275539806164306e+04,6.671431577087910680e-03,5.192657626644592989e-02
1.530921531609999997e+00,4.129409378536999853e+00,4.100641740459999851e-01,1.142421439272390853e+04,1.793732783225052835e-02,2.578784102779845711e+00
