1.154819486565999975e+00,3.940255566558000133e+00,1.431896088705000070e+00,8.038983417854762592e+03,3.001462351208139187e-02,1.677954038970842987e+01
2.688158137918000179e+00,2.760170596423999978e+00,1.389475475395000048e+00,2.281522276932104432e+04,4.295859875645947207e-02,1.037682953788459983e+00
7.040822503070000016e-01,3.031251563182999931e+00,2.406553526540999854e+00,4.368645278362924728e+03,3.878233136154397021e-01,3.780216318687086527e+02
2.998386842940000130e-01,3.055231548161000177e+00,2.653088614711000215e+00,1.597425497994377793e+03,2.187870279394264848e-03,4.363100724089506027e-02
2.881265881111000127e+00,4.424752977129999820e-01,1.297354107554000047e+00,2.481174208322480263e+04,5.115946589713876724e-02,1.226238666177226433e+00
2.636675446069999817e-01,5.485009932638999608e+00,1.304876200712999923e+00,1.380338710010790464e+03,1.433918958089434783e-03,9.786195775045847950e-03
6.284151913999999617e-02,6.246466305352000425e+00,3.038527306514000159e+00,2.935869283010763411e+02,1.117331540304435100e-02,6.017122842051331189e-01
3.215042614659999742e-01,6.800613730140000479e-01,6.469955389339999696e-01,1.730263689804544356e+03,2.997010960666408874e-03,1.214585928109375434e-01
2.286275724529000186e+00,5.577588658095000262e+00,6.828940955150000214e-01,1.873527896727977713e+04,3.272226558517579882e-03,2.970806337301720168e-01
2.438622647750000039e-01,1.724437090821999918e+00,2.601811716142000019e+00,1.264037877654521253e+03,3.368957925828346828e-02,1.560296912323436425e-01
1.472710242913999990e+00,1.273114590519000000e+00,1.224650253564999902e+00,1.088626324621400272e+04,1.262172261008073226e-01,2.292820416781340143e+01
2.194036847939999924e-01,3.074990955169000006e+00,2.135349206077000073e+00,1.122997386717693416e+03,2.442561527637324426e-01,9.678513597989085611e+02
2.108631003610999866e+00,5.093748375566000242e+00,2.473705407264000122e+00,1.696886407967130799e+04,4.133821688133942351e-01,1.630271616470231066e+01
2.247861349217000093e+00,3.314856464032999828e+00,1.790631302753999954e+00,1.835122418686314631e+04,1.070329743386051139e-03,3.684028910693346471e-03
3.559040333699999697e-02,5.032116353600000341e-02,9.516278258670000101e-01,1.633062074077095076e+02,2.688983229733468705e-01,3.424952731243465109e+02
2.353451033888000143e+00,4.959091648189999924e-01,1.928975854818999913e+00,1.940952137368719195e+04,2.038809093558117264e-02,5.779119706258859512e-01
2.308718981007999993e+00,2.010684543651000133e+00,1.945771124258000029e+00,1.896017368920042645e+04,2.480577894324876020e-01,6.696100894852495600e+00
6.281909878539999603e-01,6.990234554709999770e-01,3.074047988321999991e+00,3.806591130385790166e+03,1.033191075148458265e-04,4.181936845821495122e-04
