7.757281363050000378e-01,5.876412727652000179e+00,1.844745520747999912e+00,4.914205811565973818e+03,3.740607507515190666e-01,1.053973587102615141e+02
1.465799736071000003e+00,1.302675209960000080e+00,2.608408931426000166e+00,1.082270468715914103e+04,5.840396040198911343e-03,1.256987849157139847e-01
5.817706384640000117e-01,4.222250820814999805e+00,2.264884949339000197e+00,3.471297545652164445e+03,9.628118821754084664e-03,6.677895186338204947e-02
1.288214563289000081e+00,6.460599702620000162e-01,2.232037563643999967e+00,9.213499283150211340e+03,1.242269371987554660e-01,2.905891609011475030e+00
2.102499931460999782e+00,1.765214754997999957e+00,1.673154675172999983e+00,1.690835057308047544e+04,1.442227726519797193e-01,1.920014578950824102e+02
1.008459113538000107e+00,4.080921046908000172e+00,2.912504984041000000e+00,6.790657426920854959e+03,1.709655950411120492e-02,1.424241786023066336e-01
2.430253707508999828e+00,4.194217151046999881e+00,1.703063170370999968e+00,2.018437339215539396e+04,1.017109217075572863e-01,2.842257008333457691e+01
3.179086718329999783e-01,5.010664299797999988e+00,2.059655872866000159e+00,1.708075553281011025e+03,5.210286325044485162e-02,2.185517750720595842e+01
1.871218626801999907e+00,2.427219652270999894e+00,1.955823992747999895e+00,1.464962641150521267e+04,9.852420625756405648e-03,1.257533746363204696e-01
6.275003221149999533e-01,2.810858570830999881e+00,7.197089166829999662e-01,3.801553816386588096e+03,1.052250479722109666e-02,2.159351369727779135e-01
2.609758231630999958e+00,3.969310530340000032e-01,1.887416256407000059e+00,2.201097524340742530e+04,1.963980441560920359e-02,6.671401473701087381e-01
1.483311399740999903e+00,5.671494988955999794e+00,2.168410788107999920e+00,1.098389385309010140e+04,5.427106325482218552e-03,8.589652151208158545e-03
1.234606782681000103e+00,4.735075551050999643e+00,1.783693809796000007e+00,8.737651771527514938e+03,1.711079710126209297e-02,2.857072538372618653e-01
1.840459722437999934e+00,1.704118916809000073e+00,4.764054896020000207e-01,1.435297830967729169e+04,9.061723263725919575e-02,1.995148813712902225e+01
1.025179415211999956e+00,5.118128814331000420e+00,6.479111324699999841e-01,6.930889402335453269e+03,9.083860786680256118e-04,3.116508931090087448e-03
1.689897009010000062e+00,3.130069940582000054e+00,7.643847730499999660e-01,1.291492913015410340e+04,2.169611976827633126e-02,1.550162880924411013e+00
