2.894511496913000137e+00,4.150739737139000241e+00,1.907305832725000094e+00,2.494946267117825118e+04,1.487936452121755649e-03,6.156414747312125187e-03
4.066054582520000071e-01,3.620657349747999909e+00,2.324901851018999821e+00,2.271282630287820666e+03,9.233657777337376475e-04,1.427533458686149103e-03
2.438908556698999863e+00,1.042888636840000105e+00,9.312627253640000102e-01,2.027194963146913142e+04,2.825316119123471963e-03,1.293278844560233169e-02
1.884991303442999921e+00,3.402936711720999874e+00,5.235969320359999957e-01,1.478275409897328245e+04,6.457614338213008356e-04,1.632465465470489671e-03
1.749222470039999977e-01,8.899902545069999782e-01,2.284735468178999973e+00,8.740838883075990680e+02,2.264030514180293875e-04,5.007925694079408678e-05
2.199375622475999936e+00,1.367328645064000092e+00,1.170270613815000083e+00,1.786809047020391881e+04,1.011179128917504139e-01,7.577845085245451529e-01
1.368888360878999899e+00,2.016431658585999820e+00,8.708048324349999536e-01,9.938570927990880591e+03,9.971870206681474752e-03,6.766872946015933810e-02
1.899310195696999992e+00,3.157921437485000205e+00,1.310911776983999966e+00,1.492135547102167402e+04,4.720849930309108378e-01,6.127999360875136290e+02
2.496749405221000195e+00,5.693541590898999694e+00,1.641027612015000026e+00,2.085853660575956383e+04,7.637199573649877497e-03,8.307464461667946054e-02
1.276163152484999896e+00,5.356246685820000408e+00,1.416759290396000015e+00,9.106096254608788513e+03,6.791208365619068321e-02,2.631669572655577127e+01
1.961239342554000009e+00,8.867467960689999762e-01,1.190302999820000096e+00,1.552303371340355989e+04,2.964390063878281911e-03,2.480746852264711574e-02
2.751570192831000128e+00,5.882001839760000461e-01,1.388058113229999890e-01,2.346844685421152462e+04,7.076994057982496054e-03,1.164947206556039699e-01
1.105547654670000046e+00,3.725189431515000038e+00,1.036372326064000093e+00,7.613667225366890307e+03,1.468577770339319841e-02,4.929649472419726508e-01
1.724085288124999948e+00,8.239807348790000319e-01,1.535945644646000030e+00,1.323934498433296358e+04,4.339067191724524548e-04,9.338934535602127010e-04
2.331682727817999901e+00,1.731338397865000100e+00,1.607854974112000068e+00,1.919066932391742012e+04,9.658979533038751855e-03,2.403737529433087883e-01
2.030336582553999847e+00,3.038542851197000072e+00,4.402935702149999853e-01,1.619848436524702447e+04,5.656083088129008063e-01,2.113041828793836174e+01
2.187943547375999831e+00,5.665855873005999577e+00,1.011694308787000063e+00,1.775444256293315630e+04,7.154090179582725311e-04,2.619495651788746569e-03
2.932302603532999985e+00,3.107699919438000169e+00,1.887708582894999987e+00,2.534292086982130058e+04,6.530663784370262237e-02,1.865306734407858258e+01
9.517071123770000085e-01,1.081260718772000029e+00,4.424646488410000078e-01,6.319673101388229952e+03,1.113239169584541860e-01,1.440168732250028540e+02
2.169858410869999865e+00,5.843089974424000133e+00,8.399990715670000441e-01,1.757486640018475009e+04,1.566509361882363486e-04,5.958928225693771886e-04
6.616557057449999890e-01,4.360181285409000296e+00,5.048615504140000487e-01,4.052371057785879202e+03,9.923904256111676370e-02,5.760074801994666416e+01
2.656518387530000247e-01,8.719888396010000431e-01,8.406302025930000310e-01,1.392092265633547868e+03,1.393206780130362976e-01,7.211203014024610525e+01
1.530166780300000084e+00,6.097044972425000431e+00,2.449073443581999854e+00,1.141721096909646985e+04,1.268174646580512823e-03,7.266159320840955699e-04
2.742156953692000076e+00,5.135719330158000417e+00,2.578378523050000037e-01,2.337132785563892321e+04,3.621585409609404636e-03,2.488288616523623431e-02
1.977509622689999913e-01,2.530049413517999835e+00,1.591148138489999919e+00,1.000585099081775184e+03,6.923725026378795278e-01,9.098095481160472673e+02
5.516383051969999674e-01,2.963457204002999834e+00,1.887650402226999979e+00,3.257309761434411485e+03,4.974763752783274429e-01,2.791807246995344940e+02
1.383304325579999938e+00,1.479030127816000073e+00,1.582742375815999969e+00,1.006921267993187394e+04,1.318450760523067096e-02,1.556516404476541160e+00
1.422405168694000022e+00,4.028252148680000033e+00,1.805662787493000021e+00,1.042512166407326549e+04,1.227261857390797399e-02,9.065849977857205477e-01
4.644783282719999740e-01,2.263033315243000221e+00,1.272691506092999969e+00,2.655609193091005636e+03,1.625145611480920127e-01,5.160563086526924792e+01
2.276357540624000197e+00,3.754143702184999931e+00,6.155122829970000042e-01,1.863601347204609556e+04,1.881492297532293134e-01,1.389894648864983537e+02
2.563424221820000071e+00,2.319846997560000013e+00,1.756150288773000057e+00,2.153747415135980918e+04,5.440225413236323554e-03,1.502558220676246115e-01
2.569561273489000097e+00,9.013376222000000007e-03,3.832038871119999857e-01,2.160011182357884536e+04,6.587731312717341747e-02,2.705417768131637501e+01
2.295710620142000113e+00,5.639024530070999575e+00,2.445540384272999912e+00,1.882977471389686616e+04,4.526209166459868247e-03,4.668286122668868082e-02
2.707667437297999857e+00,4.851424106875000142e+00,2.342673679350999905e+00,2.301593826586107389e+04,9.412401997244213350e-03,4.135212555037918319e-02
1.765460447211999906e+00,5.422665336338000408e+00,2.750099828939999824e+00,1.363365790302254209e+04,1.479740171947561229e-03,2.975706610617431455e-03
1.486004357757999994e+00,3.800090673015999787e+00,7.469289730710000352e-01,1.100872095044109301e+04,1.399186880174626765e-02,5.594671087679361499e-01
1.749845334204999991e+00,1.303781767380000067e+00,2.764230074892000122e+00,1.348462772160915301e+04,6.475306834421512558e-01,3.091753005253946753e+02
2.184703074208000029e+00,3.655298905008999899e+00,1.855874747090999977e+00,1.772224725272514843e+04,1.429327833294321117e-03,6.719221957854657618e-03
2.862770970181999886e+00,1.056896905185999991e+00,6.086182587170000380e-01,2.461960406274431807e+04,1.164789727340702075e-01,4.485576371148521702e+01
1.795107092750000133e-01,5.739768826030999804e+00,1.625342198915000091e+00,8.992956959877996042e+02,5.805887294862836431e-03,3.839452853563998791e-02
2.307940504498000145e+00,4.352455563359000301e+00,1.537283623765999918e+00,1.895236663061256331e+04,1.181839674172518867e-01,1.899733477307637308e+00
2.860971263335999826e+00,1.003091223368000051e+00,1.126637335322999922e+00,2.460091736517224126e+04,1.860858373346564384e-02,1.002914773145051175e+00
2.342209884024000210e+00,2.831816306979999975e+00,2.761052325542999952e+00,1.929646328088461087e+04,1.356193615234128945e-03,1.165462591562321272e-02
2.237976851255000010e+00,3.368014067574999881e+00,1.650799627028999961e+00,1.825258365993109692e+04,2.445081796580844333e-02,3.464606407823865641e+00
1.156190556117999924e+00,4.789982603129000260e+00,2.005708630728999964e+00,8.050887692186216555e+03,4.266399289633775876e-03,2.130578215713708687e-02
1.336447064047999955e+00,1.907878232609000024e+00,5.131339318350000012e-01,9.645750188754373085e+03,9.273991648041606363e-04,1.135955309825381187e-03
1.752528496273999981e+00,2.547086054568000080e+00,5.508700118120000155e-01,1.351021729703816163e+04,5.243929080298154188e-01,4.631572985454071727e+02
1.012344786809000086e+00,1.517651009029999942e+00,1.174643459451000016e+00,6.823188184259606714e+03,2.926872311209802353e-04,1.828755390489524609e-04
5.150200283460000250e-01,5.328505475717999929e+00,1.307884305613000064e+00,3.001309948601524866e+03,7.232385895053075608e-02,2.711359622798809710e+01
1.996084647728000094e+00,5.177032969763000203e+00,1.280293254542000048e+00,1.586312683216298319e+04,1.114425978222067853e-03,1.377773438616163894e-03
1.458257564449999988e+00,5.185021442913999579e+00,1.487085776964000017e+00,1.075341217512401090e+04,8.176221788310168020e-03,9.754471951516642536e-02
1.637861908229999997e-01,5.788895996631000074e+00,2.121519987602999979e+00,8.133501365782492485e+02,1.160016570059906846e-04,3.779637743710315308e-05
1.415216959432000099e+00,5.450334025079000000e+00,2.034046760059999848e+00,1.035952331267367117e+04,1.146460625544825675e-02,2.799884630644804417e-01
2.662790685609000008e+00,3.728202730699999717e-02,1.560444440738999905e+00,2.255458357422977861e+04,1.339341292765662810e-03,2.609852665932139038e-03
2.578719115934000161e+00,4.348984734010000186e-01,2.123352258590999853e+00,2.169362609613495442e+04,6.537488920302780837e-02,2.618728694789148825e+00
2.224489761841999869e+00,6.012026142343000146e+00,1.427392196533999957e+00,1.811811251319109942e+04,9.349393967911118555e-03,4.869183514534283219e-01
2.660737027242999986e+00,6.088142357163000007e+00,3.662437575990000194e-01,2.253350022997356427e+04,1.577855702342690902e-01,4.678107792286652256e+01
2.738503852081000112e+00,3.695510481981000073e+00,1.702811178256999902e+00,2.333365202988537931e+04,1.527867823350390411e-02,4.506791828349892004e-01
2.485693294653999796e+00,2.668818197584000185e+00,1.026641183191000062e+00,2.074623790520923285e+04,3.658392238569997418e-03,1.026407352584375182e-01
9.772398060979999856e-01,3.710250747528000215e+00,1.280677485383000080e+00,6.530594270739745298e+03,6.866779142211485581e-04,7.211975610261935196e-04
