8.491674591760000057e-01,9.755846276039999987e-01,2.706943637591999963e+00,5.489869669381024323e+03,1.245790031048427809e-02,2.497355699679529306e-01
2.926816629180999829e+00,5.510101698861999964e+00,1.356921473130999978e+00,2.528575666520610321e+04,7.482626016197248438e-03,1.176374102583336301e+00
1.766336153738000014e+00,2.357159809740000167e+00,6.727754773980000325e-01,1.364202326464679027e+04,4.779017484936659566e-02,4.150006792815554491e+01
2.035081337150000114e-01,2.125446537806999991e+00,1.160946304082000058e+00,1.032904866210833006e+03,4.501734879975269376e-04,2.157195654903722875e-04
1.544274030785000029e+00,2.528133831306000001e+00,1.876954035999000014e+00,1.154823351012758394e+04,4.859282749720567757e-02,1.276299618675502323e+01
1.138740909313999961e+00,9.432316689700000201e-02,1.257365426115000018e+00,7.899658211818506061e+03,2.631139135636815715e-02,1.804132017702571922e+00
1.078423524079000106e+00,5.123929101112000062e+00,1.438509911536000052e+00,7.381662235349397633e+03,1.319156827339491300e-01,1.881501697435466802e+00
9.640913724099999804e-01,4.433027587486000343e+00,1.207910074788000054e+00,6.421774272984624986e+03,5.969708138333886666e-02,8.657299759904223180e+00
1.904454315408999898e+00,5.449627815164999944e+00,1.011964553042000059e+00,1.497119645241386934e+04,1.625669092714472075e-01,5.846018318781053935e+00
2.872205351384999883e+00,3.435547777406999792e+00,1.825077979697000030e+00,2.471759127766529127e+04,9.444119887005421043e-01,2.889924709195219634e+02
2.941154671116999797e+00,5.004841190397000261e+00,1.397341633686999929e+00,2.543519595826782461e+04,1.624647302997629314e-02,5.742740885876703949e+00
1.419327103249000022e+00,5.337452166401999598e+00,1.191040936197000022e+00,1.039702256507719176e+04,4.214203939072736493e-01,9.545786623154947748e+00
1.490932412362999893e+00,4.142469471410000215e-01,1.980950567799999895e+00,1.105417388583075081e+04,3.104615554616284561e-03,3.931631847464049645e-02
1.077765289398999959e+00,3.216554481433000046e+00,9.470616381019999475e-01,7.376051476506193467e+03,8.648518309931292336e-01,4.099757834762961579e+02
2.311952195479999972e+00,2.399304704163999880e+00,1.831580477036000021e+00,1.899260317963645866e+04,1.690598388204475611e-02,3.347032798565412470e-01
1.131329025906000041e+00,5.783116164899999578e-01,4.487887424290000205e-01,7.835603549629760892e+03,1.840946765855481504e-01,7.428462481565442310e+00
2.410126517391999901e+00,2.950742091006000045e+00,1.506516650982000050e+00,1.998091192695518112e+04,1.089751325475523704e-02,1.348665209318942459e-01
1.626660215745000082e+00,5.219985001160999616e+00,1.233600799878999954e+00,1.231834742590286078e+04,7.495644647405648453e-02,4.925152320581561582e+01
2.401661614782999887e+00,1.738401443347999953e+00,1.289534694532000092e+00,1.989542621929872985e+04,1.302943871409800169e-01,4.269504666990540542e+00
2.898541224219999823e-01,5.279101960109999769e-01,1.764567966590000037e+00,1.536908042784152713e+03,2.089290128794801249e-01,8.725139344963344001e+01
3.288381670839999882e-01,4.641636649008000326e+00,2.370419440230000063e+00,1.775694473073419886e+03,7.503777405869382910e-02,1.150112085022109376e+01
2.479995899217000144e+00,5.906723371867999894e+00,2.001430631129000215e+00,2.068840042254036234e+04,5.684856522282332250e-03,2.604970268268361200e-01
7.923749468730000300e-01,4.946900581497000182e+00,2.027811437042999820e+00,5.043226432096140343e+03,1.071134528377283290e-01,7.532406837877737571e-01
2.587072762322999875e+00,1.258434973181000061e+00,2.304684180721999986e+00,2.177897514100050466e+04,7.443642948478494843e-03,1.172145321550358832e-01
2.973421417975000036e+00,5.899930149811000391e+00,1.182389189628000103e+00,2.577190191799916283e+04,6.171739843016819417e-03,6.048156813907899776e-02
2.185579391572999963e+00,1.852408056337000009e+00,1.383822869582999937e+00,1.773095305001289671e+04,2.368523463320943226e-02,5.123797554289678535e-01
2.847113610755999780e+00,1.372903421059000095e+00,1.289642855911000030e+00,2.445709348254617726e+04,4.330087037216684203e-04,1.397520788370354775e-02
1.775388892972999955e+00,2.363773524501000090e+00,1.928307948710000108e+00,1.372854861587927735e+04,1.542028678290403420e-03,1.450657853270988402e-02
9.736083687290000288e-01,2.423270584522000171e+00,2.383297878311000151e+00,6.500496859773605138e+03,2.410584215466341634e-02,7.934955730173309796e-01
2.039357328873999897e+00,1.661559828029999908e+00,1.720629861292999996e+00,1.628697705579602007e+04,5.974084529546305408e-03,2.133867653353803961e-01
1.257882215301999951e+00,2.134061858238000209e+00,1.948256914407000107e+00,8.943646065380347864e+03,8.715139715841238935e-04,2.786889860270876096e-03
2.186133116776999952e+00,5.745990308174000027e+00,2.074956977753999787e+00,1.773645420740203554e+04,2.052321784587190015e-02,7.792515612847962236e-01
2.022082202740000056e+00,9.497729559000000696e-03,1.508371091065999980e+00,1.611757217384525211e+04,1.674084925087815324e-03,8.844690475786761655e-04
4.257941746100000202e-01,2.795158345688999901e+00,1.909217095293999966e+00,2.397301153799518943e+03,1.236612458830547018e-01,2.289563426530863808e+02
2.145521786336999970e+00,1.362181579957000066e+00,1.044030733208000106e+00,1.733362928534908497e+04,2.389963632541766345e-02,1.344342549155438382e+00
1.555624856596999894e+00,4.442112602179999925e+00,1.028025272780000110e+00,1.165383901220804364e+04,6.102528091915497424e-04,1.606619990475455012e-03
2.666681004533999921e+00,5.936213503682999715e+00,1.771520069699999977e+00,2.259452724344308808e+04,1.041432161313595416e-03,1.422640853471379479e-03
4.535781558499999977e-01,4.884962323937999784e+00,1.403945702562999998e+00,2.582259645926868416e+03,8.089363784388861611e-03,4.474915588527170196e-01
1.556789280305000078e+00,4.281566476220000084e+00,2.290351984732999835e+00,1.166468171911415993e+04,8.438281954546907049e-02,2.441372937492764628e+00
2.295168471215999872e+00,1.948002782184000026e+00,1.273221865777000028e+00,1.882434488954533663e+04,2.841665960071784736e-01,5.516580420550236141e+01
3.969849625529999759e-01,5.913415244510000335e+00,1.539319177557000096e+00,2.208642969300530694e+03,4.180346497841957586e-04,7.399460708284291742e-04
2.696304045924999837e+00,5.806310099434999650e+00,1.686298879241999948e+00,2.289900204743524955e+04,1.213479518551830979e-03,1.238081214224125148e-02
2.140096715355999990e+00,9.015364682809999808e-01,2.854337946780000079e-01,1.727991740925886552e+04,2.349254786878099757e-02,5.871803262459968087e-01
1.900959932711999922e+00,1.853943904692999967e+00,1.767927896058999915e+00,1.493733688450310729e+04,8.722998009291108024e-02,5.453741973959515121e+01
1.013366290015000004e+00,2.087726423383000185e+00,1.001966223624999985e+00,6.831746058408967656e+03,5.372398585043557454e-03,1.663218718178873234e-01
1.566758277514999964e+00,1.821783636329000089e+00,1.112808353958999907e+00,1.175757896284737581e+04,1.052120964062109448e-02,1.735695559559616852e-01
2.472708375440999973e+00,3.708977844896999887e+00,2.372508615652999975e+00,2.061445242230298390e+04,8.970520599169021312e-05,6.025332503637518405e-03
1.089450740351000091e+00,6.131396930714999804e+00,2.168983511743999948e+00,7.475795426095050971e+03,3.129374966651874302e-03,3.104742168473389498e-04
2.186789769889999846e+00,2.945931924429999738e-01,7.630061857319999641e-01,1.774297838187920934e+04,5.446898184862337608e-03,1.235644438391187427e-01
2.957687159794999854e+00,6.148875151513999882e+00,5.361959009200000237e-01,2.560764439757536456e+04,1.231710042766595049e-02,4.167425860325718601e-01
2.124018539380999826e+00,1.037038321102000005e+00,2.076519923171999960e+00,1.712087557189512881e+04,3.806546686125730512e-03,3.875087196836151521e-02
1.846008953831000055e+00,3.911748835396000157e+00,1.844039156300000037e+00,1.440642771205852296e+04,7.304306774129673552e-03,2.491451924698846465e-01
2.787042180614000220e+00,5.836439278801000441e+00,1.947045496060999970e+00,2.383488519244823328e+04,3.171833901559575463e-03,2.589122944201845133e-02
1.459843418309000107e+00,1.962834649326999914e+00,2.250434451059000196e+00,1.076797534550248201e+04,3.702065730449246271e-03,6.107305915157931579e-03
7.816213813929999699e-01,4.550233876831000224e+00,1.205958772298999948e+00,4.959779702386676036e+03,1.377198761187239662e-01,1.678554251717177337e+01
1.697951948525000088e+00,1.284863151579000107e+00,7.906435077090000485e-01,1.299124666469713520e+04,3.331034979710757737e-02,3.199333045977927892e+00
1.485823795089000088e+00,4.862392930380999623e+00,1.615130319571999928e+00,1.100705414615851078e+04,1.004728948282448530e-03,2.542067677852968485e-03
2.730619045181000182e+00,3.956989793823999957e+00,9.686820544099999930e-01,2.325235960497617634e+04,5.202649437174250956e-03,8.789016333688755289e-02
1.097759642123999901e+00,3.265923159476999960e+00,1.113160006917000011e+00,7.546894233788773818e+03,8.658218007567036051e-03,2.155709482099110375e+01
8.043758226389999821e-01,2.540316820721999935e+00,1.403204810199000008e+00,5.136783804195722041e+03,3.972203571099423608e-04,4.297368296062287186e-04
