1.692852939593000094e+00,3.177871106906999810e+00,5.940577200509999933e-01,1.294292706835008357e+04,3.802250773719735490e-03,5.643297379039736300e-02
2.360107442459999927e-01,4.469355337749999713e+00,5.669630000590000218e-01,1.218447202981612691e+03,1.488733813819112690e-02,3.734883262205642568e-02
8.713095201380000043e-01,4.566672404972999644e+00,1.106446204860999982e+00,5.666599724052009151e+03,5.412911790177522831e-02,2.919911942990755627e+00
1.366622930711999917e+00,3.037824267073999884e+00,1.459038824465000106e+00,9.918069738962576594e+03,4.522507603900755013e-01,1.332897406478240327e+02
2.213533438594000202e+00,1.249320521398000094e+00,2.729586487106999915e+00,1.800897730516808588e+04,1.896910625357394464e-01,3.491833990886422878e+00
2.911377817881999785e+00,3.955396491863000019e+00,6.750481850599999722e-01,2.512496884499673251e+04,2.097278387781189787e-02,1.261299378577232178e+00
1.009191239213000024e+00,5.473975426856999782e+00,2.405234706822000135e+00,6.796784055682176586e+03,5.350302859406533829e-01,5.012483245514958980e+02
1.074453897414000103e+00,7.808027154650000190e-01,2.590347572787000008e+00,7.347839484701446054e+03,1.006069831785765846e-02,1.075664457364226001e+00
2.522065209137000164e+00,4.605189293815000084e+00,1.536883215380000056e+00,2.111597978118864194e+04,2.664745968854569450e-02,7.562020320002773577e-01
1.513068175841999929e+00,1.372182267107999953e+00,1.586648983539999946e+00,1.125874913439497504e+04,5.782977539289118063e-01,4.259931194124353055e+02
5.088973994150000069e-01,4.625554419762999636e+00,2.385868286901000168e+00,2.958952265408724543e+03,5.494933425899033441e-01,6.484779774958155940e+01
1.123495221429999941e-01,2.615040539249000151e+00,2.510491778532999874e+00,5.414060420719131344e+02,2.407845551183978305e-01,1.419998024436434747e+01
1.794548416969999893e-01,4.957843786437000411e+00,2.293473721013000066e+00,8.989880722699164153e+02,5.623577379099153374e-03,1.071098693404595736e-01
5.767741632889999970e-01,5.732092604287999826e+00,1.465870299706999891e+00,3.435611487836117249e+03,8.848395135636602862e-03,1.291661879052516670e-01
1.224863152409999961e-01,2.764283358370999810e+00,1.969890273227999922e+00,5.938594624667266544e+02,4.746389388598511866e-02,4.345305648991691361e-01
1.664074077818000097e+00,3.998381275754999908e+00,1.783516866303999970e+00,1.267075876285985578e+04,2.059760983788002774e-03,7.186471102745982560e-03
2.297387108119000043e+00,4.312537575600000395e+00,2.333286599996000188e+00,1.884657502279160326e+04,2.670094337930538075e-01,6.079364794629889701e+01
2.211854424263000052e+00,2.829984254081999939e+00,2.354365209955000093e+00,1.799226101125973582e+04,2.728932486641774124e-01,4.154643580180211515e+00
1.055050232569999968e+00,2.000449943969000000e+00,1.184898358597000101e+00,7.183005561374853642e+03,4.876086872425543922e-02,1.499720694508066110e+00
2.352318918776000078e+00,1.214793642999999923e+00,2.913216910331000165e+00,1.939813097273856329e+04,1.994408806900060255e-02,2.717388267202722751e+00
