7.724986323920000064e-01,2.291061030892000083e+00,2.294573019853999973e+00,4.889278915732464156e+03,7.243717618711392747e-02,7.633468512826345886e+02
5.562875469800000472e-01,2.200825465719999929e+00,2.404062156173000009e+00,3.290133711815102743e+03,1.068468036622093314e-03,4.584934452100213748e-03
1.556469797499999919e+00,9.666944422240000279e-01,1.364510826826000001e+00,1.166170663070469345e+04,3.518253490303552278e-02,1.858882246292890006e+00
2.171153804129999920e-01,6.824387880990000488e-01,2.071383297230000031e-01,1.109950785493277863e+03,9.846678840316862302e-03,8.923784882580440558e-02
2.482283226220999950e+00,2.764707874169999968e+00,6.240948740459999478e-01,2.071161785006580976e+04,6.451918086115853226e-03,5.750292691915755844e-02
1.333001678912000054e+00,1.093092009670999953e+00,1.392035743464000053e+00,9.614748543025512845e+03,2.907647864009728204e-04,2.177478469843497494e-04
1.659057233875000037e+00,5.887545046998000409e+00,6.174313176829999694e-01,1.262340967383288626e+04,9.711871921780109232e-03,3.772158960933408856e-01
2.639380670290000008e+00,3.617232959888000199e+00,8.548160980779999640e-01,2.231440502378050223e+04,2.284578342559790212e-02,3.776255649850685181e+00
1.504578859953999981e+00,5.974806053783000337e+00,2.624310361027000216e+00,1.118021553593663157e+04,4.178872935009793343e-02,1.204458306377462229e+01
1.619813388560999989e+00,2.312271238830000186e+00,3.478306478829999993e-01,1.225403267407904787e+04,2.925934125029384675e-03,2.603438362463479996e-02
2.551572614148000184e+00,4.513189020150000230e-01,2.224011683415000107e+00,2.141657953217555405e+04,9.947452958409690182e-02,2.363767442653588091e+01
2.587335058968000201e+00,3.167961441517999965e+00,1.500924488666000034e+00,2.178165574108887085e+04,5.959240741454236746e-03,2.725439830762344529e-01
9.097288514999999492e-03,4.420217300491000145e+00,1.719960550966000090e+00,4.099020080642452513e+01,5.337308952681427687e-01,1.002612114415233918e+03
1.484675688187000020e+00,2.690829853356000001e+00,2.279079547948999807e+00,1.099646933946885292e+04,4.671774277249009927e-02,1.250271425315431451e+01
