1.414922982769999948e-01,5.862297949232000427e+00,1.614925186193999940e+00,6.937278499388941100e+02,1.848716537253231951e-03,1.056116013168725831e-01
2.154765107460999918e+00,5.739620737142000273e+00,1.725966827546000060e+00,1.742519726215937771e+04,6.937147429551501418e-03,1.967595027932491636e-01
1.386623002864000087e+00,3.887856426408999866e+00,2.083542613720999803e+00,1.009933210553154640e+04,7.130608579707946315e-02,1.182316312044275008e+01
2.031432628011000219e+00,4.896948534219999871e+00,2.556931560589999819e+00,1.620923332230895721e+04,2.538351143085820424e-02,4.359706324648018327e-01
2.248166170518000051e+00,3.361470417146999790e+00,4.282331320250000184e-01,1.835426727849855888e+04,1.271216138434980159e-02,5.473941232614559782e-01
2.142155076742000119e+00,1.676905149033999898e+00,2.235451065376000024e+00,1.730029353368184093e+04,5.622247910791139478e-04,1.377632482503323211e-04
1.927323946942999910e+00,2.404410121443000037e+00,2.826756424468999995e+00,1.519308178835247600e+04,9.684384189665157586e-03,1.240473366813888562e-01
1.147746778070000001e-01,2.044358635082000220e+00,2.194254025584000178e+00,5.539032571499785718e+02,4.062495507529784264e-05,4.919186915819174375e-06
8.066887142830000412e-01,2.387290898679999884e+00,1.244907035011999952e+00,5.154866540674157477e+03,4.067654544466804516e-03,1.182133850660928437e-01
9.595892838099999433e-02,5.463744745207000264e+00,2.449479632950000152e+00,4.578073905203785330e+02,5.289259525753445268e-04,8.068939722637543570e-05
1.753239620590000047e+00,5.435139838163999926e+00,1.568662878787999926e+00,1.351700066077780139e+04,3.097324055548609698e-04,9.007135011976268382e-03
2.178680985735999887e+00,1.966872523539000106e+00,4.612366216500000116e-01,1.766243764001440650e+04,2.325081318440502462e-02,7.340785935904369230e-01
1.928064309849999991e-01,2.539539660290000000e-01,1.003036295006999978e+00,9.729606144463261899e+02,4.771520261224464904e-02,3.324835372397759170e-01
2.471985833744000161e+00,2.159927511630000130e-01,7.944402342259999639e-01,2.060712262148597802e+04,3.470244682777957196e-02,1.384008420648697557e+00
5.142410953949999586e-01,3.540247686284000217e+00,1.872397346269000007e+00,2.995913924893671265e+03,1.518259568696561992e-02,1.372101540540080933e+00
1.412375108558000081e+00,5.682098810743999806e+00,2.754602967414999881e+00,1.033360980734414807e+04,1.429025855089312508e-03,2.093123727447800120e-02
2.285503106042999999e+00,4.363238215979999834e-01,1.289492998147999892e+00,1.872754394700812918e+04,2.904750224250926202e-02,1.155055173776096122e+00
2.553728769129999798e-01,2.928458839199000074e+00,1.832098064129999981e+00,1.331405908895198763e+03,6.238328421108554345e-01,3.968101819064330726e+01
