1.818146361221000040e+00,4.826447744803999740e+00,2.644708643193999897e+00,1.413837017107645261e+04,4.031744432470570072e-03,1.476050646626718976e-01
9.297041114030000220e-01,6.173311564999999813e-03,3.442891444749999752e-01,6.139234458342460130e+03,1.033394534772448525e-03,2.646119748096105190e-03
1.616711066186000023e+00,1.994949623998000021e+00,1.083490191080000026e-01,1.222490974851218016e+04,1.249576446044697690e-02,4.887129922860757314e-01
2.382669498533000141e+00,1.566792774350999951e+00,2.530225149136000162e+00,1.970381135417961195e+04,7.922909137689405912e-02,4.931678849100875617e+00
2.397829685089999940e-01,6.718756273779999955e-01,1.612643673637000008e+00,1.240314162870223072e+03,2.608693726652566020e-02,8.493127255768152528e-01
2.498691922806000054e+00,5.412671303896000374e+00,1.077921660421000016e+00,2.087827569987319657e+04,1.262852848976714305e-03,4.652511713561162214e-03
5.268174653639999816e-01,2.747029874502000091e+00,1.729739985901000088e+00,3.083290872975798266e+03,1.114994136492672289e-01,3.584159717556402391e+00
2.563028369565000020e+00,4.670342687377000424e+00,2.428362104901999885e+00,2.153343471074682020e+04,2.069390233309211652e-02,2.137237901210117252e-01
1.930473360449000086e+00,2.190631981109000037e+00,1.068493659472000035e+00,1.522367647768081224e+04,6.235686485282290747e-02,4.752852376271187396e+00
2.206338074002000216e+00,3.359715798956000032e+00,2.891217862913999959e+00,1.793735547674703776e+04,4.520249773618503081e-02,5.710824897228524044e+00
1.510706710231999983e+00,6.177585583399999858e-02,1.820498091114000072e+00,1.123689403597786622e+04,1.077929323015927631e-03,3.251768729696529370e-04
8.432012049499999773e-02,1.136116098837999910e+00,1.184551512274000018e+00,3.993704415408079740e+02,1.484353879647695995e-01,5.351179190964278405e+02
2.808713426110999833e+00,6.119302168699999989e+00,1.606078293328000006e+00,2.405911502585343260e+04,4.770168091119974391e-02,7.372003501801083303e+01
3.333578376610000227e-01,1.580702560076999941e+00,1.823332619824999945e+00,1.803807547114907265e+03,3.841522104340608923e-01,1.273850774570249911e+02
8.378369579029999459e-01,3.406740163299999680e-02,2.014539758848000073e+00,5.399984659795590233e+03,5.760273555321489746e-04,9.887119489649781861e-04
2.601268605930000088e+00,2.905333698896999994e+00,1.542354334983000008e+00,2.192411467504122993e+04,3.191875189361636448e-04,1.869353224403977635e-03
9.417105404119999745e-01,2.872001391348999899e+00,1.589713894463000043e+00,6.237540418807564492e+03,4.335346783809027604e-01,1.609029950383012988e+02
2.548126645662999845e+00,4.717104623710000055e-01,1.615968896592999915e+00,2.138144531395472586e+04,6.316902241970316911e-01,6.657513849838215947e+02
1.081037978151000001e+00,4.753435563368999972e+00,2.614299230419999898e+00,7.403956888132755012e+03,3.977167641535340678e-03,3.403057822641476771e-02
1.471032139647999948e+00,3.340908597129999880e+00,1.857620243421000072e+00,1.087082301023295076e+04,1.091491074763675058e-03,1.597467572423453023e-03
1.907867951820000074e-01,3.933651200643999868e+00,1.868336191397999890e+00,9.617127607252757571e+02,3.995293641457819175e-04,6.156348063589833775e-04
1.470248266697999906e+00,2.548468917771999909e+00,5.617379545870000435e-01,1.086361193291168092e+04,9.049274670120451003e-02,5.432501576977140090e+00
1.883297463711000042e+00,3.904821743499999886e-01,2.264215978139000107e+00,1.476637144380545033e+04,5.836381639367164541e-04,3.574362114150573741e-04
2.681174685959999859e+00,1.546673300636000059e+00,6.166322918030000544e-01,2.274343243466961576e+04,1.228006815154967374e-02,4.025942023853689156e-01
1.972102738377000009e+00,2.498504534579999881e+00,1.510855420319000109e+00,1.562894348355054353e+04,9.043890934297654609e-04,9.632467316128970683e-04
1.771574934768000098e+00,4.459146827997000351e+00,1.501159279591999907e+00,1.369208461985156828e+04,3.144736552816206759e-02,3.485459524327771952e+00
1.707654939153999907e+00,1.936460165949999979e-01,1.811938495973999919e+00,1.308327473463401657e+04,7.778846120305679679e-02,3.151041074264226154e+02
1.992970773701000065e+00,1.471769757296000014e+00,1.968025127765000049e+00,1.583269067782931415e+04,3.117831856026520229e-03,1.718715187053328208e-02
1.141229221092000090e+00,3.202981134460999968e+00,2.405361948139999928e+00,7.921185806312918430e+03,6.732615222956556816e-03,1.951569931212834286e-01
2.757265484991000104e+00,4.217513910793999621e+00,1.670051361339000007e+00,2.352723189025279862e+04,2.475126159669308740e-02,3.233466397701078687e+00
2.505346734635999884e+00,1.005269720740999961e+00,6.831421877300000167e-01,2.094591773240123803e+04,5.097497123948730585e-02,1.504255013101864491e-01
1.643607514631000077e+00,5.067931112850000197e+00,2.105386832394000152e+00,1.247777702637931725e+04,1.367892851569538493e-01,2.137886626619106778e+01
1.304005116816000065e+00,1.505458621480999959e+00,2.557753972908999973e+00,9.354592999654749292e+03,7.352680838997590696e-04,2.006111662789365150e-03
2.302978708666000074e+00,5.752798882861999807e+00,2.449899042075000200e+00,1.890261723788428935e+04,1.017603996465655247e-01,2.546758240595886402e+00
2.846919683628999831e+00,5.477591885846999631e+00,2.047042594091000201e+00,2.445508153480591500e+04,1.581048669796871614e-02,1.224470633691699811e-01
7.909434132399999484e-01,6.021324557466000371e+00,1.333104623112999931e+00,5.032096629560271140e+03,3.625578327269102837e-03,5.272764607515414981e-02
5.017130653920000016e-01,1.116080189422999913e+00,2.125933491339000003e+00,2.909415554765720572e+03,8.490852457594140201e-01,5.017001697122039445e+02
2.793520452556999878e+00,1.618268431905999893e+00,3.918454350910000050e-01,2.390188698245868000e+04,2.355378750140667016e-03,4.444844675188702569e-03
1.705734309035999985e+00,5.154691890417000266e+00,1.748294755974000081e+00,1.306505023624619571e+04,1.808319051465947375e-02,2.445201775305953229e-01
2.293176098866000157e+00,6.227478076269999718e+00,2.436513871468999781e+00,1.880438507808144277e+04,3.661572917728367783e-03,1.473137335532781998e-02
2.196876830134999903e+00,1.611816973562000044e+00,1.522216119909999943e+00,1.784324040317890103e+04,4.305554679036488995e-03,3.041897821700909402e-02
2.371124762835000066e+00,6.012189040984000421e+00,1.067777390152000017e+00,1.958745923200877587e+04,1.504140551561426254e-03,1.598896569598958319e-03
2.829660419752999978e+00,2.070256281437000023e+00,8.705177441260000260e-01,2.427610570513441417e+04,8.297537883113490983e-03,1.567310302999666283e-01
2.211562674231999814e+00,4.720420781929999809e-01,1.242578058891000037e+00,1.798935657257937419e+04,1.428559998184300572e-01,6.100765211349311556e+01
2.823091180037000214e+00,3.372215424600999878e+00,1.765823599051000059e+00,2.420802837030298906e+04,1.636471075860024662e-03,2.220818726334662305e-02
1.936600050270000040e+00,5.471095511631999919e+00,1.997032979384000040e+00,1.528322016740779145e+04,1.421656301647550996e-03,8.969105427124967125e-03
2.012530615319000127e+00,4.025783428979000433e+00,1.075203139397999941e+00,1.602401972000801470e+04,2.272886720884628904e-03,4.506416091140366155e-03
2.658488489020000012e-01,4.764500833701999838e+00,4.752025337279999762e-01,1.393260213009752988e+03,1.542607578166702053e-04,3.422361012608499733e-05
2.896604321414999905e+00,5.978317932016000036e+00,1.399695662722999945e+00,2.497123155240466440e+04,2.782527741108204930e-02,1.789026181416368266e-01
