2.851286416483000075e+00,3.623515987943000116e+00,2.203764470811000020e+00,2.450039042633269855e+04,1.198971862502075386e-04,5.979910870072253730e-05
2.940541639309000033e+00,7.350890460260000037e-01,1.967006093628999919e+00,2.542880437546305984e+04,1.306076412040754579e-02,1.790671204394307381e-01
1.119791028482000073e+00,6.023664214353999569e+00,1.583673936502999924e+00,7.736112119908867498e+03,1.179037428988742170e-01,6.324960733081002928e+01
2.797652866873999944e+00,5.278640943942000341e+00,1.753526015899999901e+00,2.394463919471944610e+04,2.893587046514229516e-03,1.512744277521907606e-02
1.925626558569000002e+00,1.804571486300000083e-01,1.696892185805999986e+00,1.517659642975939641e+04,1.343863387608476047e-02,2.949826227545753743e-01
2.449246933174999974e+00,5.921530332993000023e+00,2.301812772100999993e+00,2.037662856279017069e+04,4.302643499885058787e-03,1.121897101395530512e-02
8.974048237099999659e-01,5.428553728245000265e+00,1.221535676615999932e+00,5.876662244515344355e+03,1.171525172538340036e-02,2.622354426495205892e-01
2.215008300949000031e+00,3.383852235816999787e+00,7.174288081470000522e-01,1.802366293338932519e+04,9.830860377832371585e-03,1.840022690321771459e-01
1.351690922323999899e+00,4.485746376647999689e+00,1.045028908896000086e+00,9.783139486573880276e+03,2.237884648326785020e-01,1.673835592484525137e+01
5.085940336909999804e-01,3.089839822168999994e+00,1.268029217922999941e+00,2.956856892565695944e+03,4.324822554372781923e-03,3.698833541536158953e-02
2.084670784604000016e+00,1.661784008256999901e+00,2.268507915149999832e+00,1.673255557869341646e+04,5.261477240621900003e-02,5.720677147084045622e+00
1.458275929719999864e-01,2.860129991106000080e+00,1.276906408482000099e+00,7.167821841935304974e+02,4.361933062135063266e-01,4.502199691305659712e+02
1.837451265464000061e+00,2.500944402976000180e+00,2.940240080250000165e+00,1.432401410325867255e+04,9.454962839178165457e-04,2.008750715180581108e-03
2.416590797157999848e+00,2.126203881936000073e+00,2.033188072653000056e+00,2.004622720507293707e+04,3.699259957162240840e-03,1.165455235192409435e-02
2.437435494222000010e+00,2.567247753245000208e+00,1.218486314975999907e+00,2.025704046961553468e+04,1.005399783694988815e-03,2.084541041969515188e-03
7.206707703199999315e-02,2.979213121620000182e-01,1.896462560990000101e+00,3.386933369799873503e+02,1.020520088154496484e-02,7.495948840445334493e-01
2.912172803500999940e+00,3.628439170443999995e+00,2.450768186301000018e+00,2.513324508254038301e+04,1.305597977174327851e-01,5.919242326035963941e+01
1.820208821582999903e+00,2.760157543096000143e+00,2.504327344690000068e+00,1.415818568704310201e+04,3.433686277595245865e-03,2.658312225763620820e-02
2.628091503845999988e+00,2.000223235082000173e+00,2.111890096695999919e+00,2.219870258889848992e+04,1.504172807288623737e-01,1.972685823411166552e+02
2.432318016680000028e+00,1.231990079198000076e+00,1.461118266294000101e+00,2.020525694096767620e+04,5.365398313283523428e-04,1.293067476816242263e-03
8.662206164350000348e-01,3.961518757873999874e+00,1.759042353267999959e+00,5.625857483935965320e+03,7.022958358048891903e-03,1.875036547506611084e-01
2.453316671651999847e+00,4.004441523659999724e+00,1.720541994923000084e+00,2.041785589142793106e+04,3.214407334861376763e-03,1.345991541047651674e-01
7.205636065470000240e-01,3.092182293932999926e+00,1.797169863357999997e+00,4.492869399933195382e+03,3.715587738106797544e-01,5.297582628572548629e+02
7.717090800920000104e-01,1.052381906739999984e+00,1.712963476786999895e+00,4.883189913118271761e+03,9.011249773336930339e-04,2.820041972473624325e-03
2.667425582168000187e+00,1.091678117454000008e+00,2.327157860078000073e+00,2.260217591850419194e+04,1.525365953395425855e-01,3.693860081720956146e+02
2.478482591658000000e+00,1.456022155634999926e+00,2.074676778014000078e+00,2.067304152303394949e+04,1.259664322708596053e-02,1.891141991987579096e-01
1.509116232535999913e+00,6.055795714847000077e+00,8.100897295319999802e-01,1.122217842203126202e+04,1.916406603089888458e-02,1.262372368161898883e+01
2.902230856282999927e+00,4.260371551383999922e+00,1.626708763644000078e+00,2.502976879065667526e+04,3.253590124086915281e-01,5.390197511550775999e+01
1.703410585189000015e+00,5.222682181100000154e-01,8.467898853730000397e-01,1.304300627729472035e+04,7.002559801906665850e-04,3.994115853862641088e-04
6.721307561939999786e-01,5.288859360574000412e+00,2.075798404278999865e+00,4.129980757525855552e+03,8.525593668036013373e-03,1.738430860639429698e-01
2.233906376844000174e+00,5.359851558099999747e-02,2.453908978689999909e+00,1.821198316120819800e+04,1.076663696391935363e-02,3.944928251636746486e-02
2.200805283929999911e-01,6.090633421776000311e+00,1.200985511000000061e+00,1.126861290876919384e+03,7.800445350966041420e-03,2.590653136022396177e-02
1.504288857624000109e+00,3.645100059181999974e+00,2.048212048099999905e+00,1.117753442125247420e+04,1.502877715533040923e-03,6.378396205332553630e-03
1.627859658173000046e+00,4.896548012149999907e-01,1.101257250371999952e+00,1.232961997354219966e+04,4.466208804826853063e-02,5.048239496328938536e+00
1.120423926164999973e+00,9.353130021290000373e-01,8.791845055710000301e-01,7.741562565202132646e+03,4.173402934410900406e-02,4.955744119234045009e+00
4.221432437550000083e-01,6.075667118369999509e-01,9.199630794659999777e-01,2.373214630690461036e+03,8.004442917354686639e-04,1.395851426688550631e-03
1.309667383767999960e+00,1.875188723544999991e+00,2.150157913211999894e+00,9.405287362999450124e+03,3.702656212555427602e-03,4.559902697308615416e-02
9.374610736930000243e-01,2.864096055860000156e+00,1.043111444311999980e+00,6.202704054048483158e+03,2.033091032962499808e-02,2.804340918135594496e+00
1.699827043883999966e+00,4.734889877951999893e+00,1.068352034107999948e+00,1.300902289989991732e+04,5.187541984166410200e-03,1.061826320962354006e-02
1.688596215513000098e+00,5.411496962526999965e+00,1.315470703471999903e+00,1.290261140888054979e+04,1.880599345141563492e-03,2.951212509235480105e-02
1.260776002630999981e+00,4.701397547196999760e+00,1.219764360739000075e+00,8.969322943762397699e+03,3.715751238202937186e-04,1.364562233429304425e-02
1.565721600630000099e-01,5.548131625181000004e+00,4.718863647329999966e-01,7.743530604287882397e+02,4.920863952372117513e-04,6.069703852841823498e-04
2.726142583928000018e+00,5.364449605903000240e+00,1.102842077779000007e+00,2.320622358558279302e+04,1.438352808725120169e-01,1.702425322026239840e+01
2.211930121558999929e+00,1.297245896890000028e+00,2.470597929176999941e+00,1.799301460709441744e+04,2.297434752861848926e-03,7.253441344889003002e-03
6.743646448529999615e-01,2.417910820938999894e+00,9.017273411699999741e-01,4.146572640583484826e+03,2.537525319613354881e-04,3.158826438434852221e-04
2.038304983338000032e+00,4.621145500037999732e+00,5.947338142700000496e-01,1.627665005173677673e+04,2.782089244323943632e-03,5.380484808282665760e-02
1.052317185779999970e-01,6.236790307675000200e+00,1.063536714667000060e+00,5.049166171673845156e+02,5.838316884871200957e-02,9.069907457942454343e+00
2.617450360137000054e+00,1.879626713616000089e+00,1.230796289893999917e+00,2.208971483849859578e+04,1.689078961005270607e-02,3.498165340827468772e-01
1.709525661710999955e+00,8.279103684049999856e-01,1.083252749121000003e+00,1.310102955841416588e+04,1.911307829601404870e-02,1.171994425342879564e+00
6.925740514699999517e-01,2.324235873395000151e+00,2.410317811456999859e+00,4.282351672125466393e+03,4.102961712939050265e-02,1.274371813157029631e+00
2.868662089245999969e+00,2.326339274397000167e+00,1.652379821718999997e+00,2.468078447844443508e+04,2.768375873997389654e-03,2.664321953417836397e-02
2.644603147760999917e+00,2.879595161835999839e+00,1.652861624357000014e+00,2.236795637617046305e+04,9.870200488193755367e-03,1.468627916372066376e-02
