1.175664039441000064e+00,1.537840020520000017e+00,1.047575575962000016e+00,8.220358699996675568e+03,1.497369743812281342e-02,3.308807258679327123e+00
1.651304291940000057e-01,3.551734582373000215e+00,2.106339159992999921e+00,8.206469737062298009e+02,1.316839508050812214e-02,1.229936706320041040e+00
2.583498058576000123e+00,3.306873590638999882e+00,6.971538339480000124e-01,2.174244705771729787e+04,6.302799261796734887e-03,1.442498577181238195e-01
2.863421311031999927e+00,4.432207787225999951e+00,2.019177165683999853e+00,2.462635705084315850e+04,1.608768875324272703e-03,6.947858043512476723e-04
1.406429484610000058e+00,5.165552685124000121e+00,1.493368976129999970e+00,1.027943281051333543e+04,5.182468188409692034e-05,4.323232710097526989e-04
3.265531466250000125e-01,1.221500481659999915e+00,2.282513887089999971e-01,1.761514709896759314e+03,4.910386204680059624e-02,2.826819468393054180e+01
1.993687687780000051e+00,1.547891558622999986e+00,2.398377807909000126e+00,1.583969727191982565e+04,5.600903698242851725e-01,9.577436931184061564e+01
4.978414043809999967e-01,6.036201801633000130e+00,2.801508208322999849e+00,2.882794923026921879e+03,5.412934732150154410e-04,2.244150684589240208e-04
1.685801065563000023e+00,2.862226451584000131e+00,2.680195770386999854e+00,1.287614944045810080e+04,1.266872799786530239e-03,7.448299787537323788e-04
2.221870895146000002e+00,5.923526628662999727e+00,2.521935118373999973e+00,1.809201771750485932e+04,4.507466836361970208e-01,2.070885281666274409e+02
2.431794698380000119e-01,3.564228404601000211e+00,7.393457631780000483e-01,1.260061450350258156e+03,6.642769964595432366e-04,5.555749734032289396e-03
2.021214041276000017e+00,6.252714069437000255e+00,3.133906928279999726e-01,1.610906563375580845e+04,3.475441049833540852e-01,5.672883404122929960e+02
1.749644296705999968e+00,1.596950933008999929e+00,1.859804750784000094e+00,1.348271073820262609e+04,6.967367929785282972e-03,9.176972825500251396e-02
1.146277396029000029e+00,5.852532517226999964e+00,2.141164361591000098e+00,7.964899842221902873e+03,9.069004516289325135e-02,2.987275879800856160e+01
1.332020235946999920e+00,2.041045634137999887e+00,1.156184428485000026e+00,9.605920988577616299e+03,9.784941959424529878e-02,4.955265210370843221e+01
2.935564876558999892e+00,3.780474945378999863e+00,3.736225293459999874e-01,2.537692286489950129e+04,1.547221025909969495e-02,2.167281851260948189e-01
1.533641806239999905e+00,4.408458920999999871e-03,2.072498505503999944e+00,1.144946205503069723e+04,8.672977913435347963e-02,3.996917025114515809e+01
7.595756443400000224e-01,2.592823738810000056e-01,2.594447998753000029e+00,4.789874071819724122e+03,1.865275021788218154e-03,2.991169936621332001e-02
2.840102535852000010e+00,5.309314796180000240e-01,2.827909062559999853e+00,2.438436875152620996e+04,8.134214244671329058e-03,3.935706033341553750e-02
2.333814255520000047e-01,1.421914055673999977e+00,1.313714995683999964e+00,1.203245959394849478e+03,1.145715866564367275e-01,3.708199520009356487e+00
2.707529039997000009e+00,2.343002508410000073e-01,1.851960326664999990e+00,2.301451361533877571e+04,3.149995546685752817e-04,3.061323371755426265e-03
2.676074152816000140e+00,4.370042900186000168e+00,2.953846250074999791e+00,2.269101683155395222e+04,7.363085921403629552e-02,4.049044602648025126e+00
1.521934309910000005e+00,2.056319819490000089e-01,1.731244821555000035e+00,1.134086904779948236e+04,9.609387931964949447e-02,1.142994292731111194e+01
2.140351372080000036e+00,4.093608482110999702e+00,1.381257702192999925e+00,1.728243811576181542e+04,4.171049217564497258e-03,2.182808092526944410e-02
1.199394405887000081e+00,5.081263864739000269e+00,8.800416136740000228e-01,8.427850758989095993e+03,5.512548211578695012e-01,3.305685553375061545e+02
2.238988647409999810e+00,4.483503991128999999e+00,1.541123835525999963e+00,1.826267728320404422e+04,2.424768284949387325e-03,1.743948849775057708e+00
2.993673446084000211e+00,3.647884777180999905e+00,1.991318606882999998e+00,2.598351375368038862e+04,4.833109382105634823e-03,1.430117081828510134e-02
1.370322385140000099e-01,2.072900077981000067e+00,2.456740842518999823e+00,6.701157216348602788e+02,5.772222827046132043e-02,5.790799951427855197e-01
1.450970879869999952e-01,3.696736481329999879e+00,2.314859797402999853e+00,7.128904153603360783e+02,1.030349029405613348e-01,3.637031475730718739e+02
2.806503845422999799e+00,1.753770485370000076e-01,4.886763658850000192e-01,2.403624044901226807e+04,1.606352524920907866e-03,1.345671933297903737e-02
3.777190130240000165e-01,2.314771031873999796e+00,1.222339218729000088e+00,2.084308981635386317e+03,8.383054884312352018e-02,1.853469970606667232e+02
1.499477927770999974e+00,4.957162862848999652e+00,2.027353178480999940e+00,1.113307297230143377e+04,5.272317806376332350e-03,3.929228879185204387e-02
8.082175420860000514e-01,5.066321717313999606e+00,8.430372979439999526e-01,5.166828384458866822e+03,1.559299472268191149e-02,1.775892933667535534e+00
2.801797033730999864e+00,3.303739644914999829e+00,4.947660419589999803e-01,2.398752270692281309e+04,5.963651441865915753e-03,4.092915983013292180e-01
1.300413634760000103e-01,4.493386957682999672e+00,2.059323180204000181e+00,6.333221531911704005e+02,1.676188699244191742e-03,1.888310608115465264e-02
1.835681253910000033e+00,6.089258842353999945e+00,1.391264654717000004e+00,1.430697737357463666e+04,9.208772388893802412e-04,1.220754492884065269e-03
2.231953376869999950e+00,5.037361048282000375e+00,1.963607891389000049e+00,1.819251008519140669e+04,4.144202579127120173e-02,5.111853121286523916e+00
1.667616903941999906e+00,4.777760361358000196e+00,2.156918221056999929e+00,1.270421339868212999e+04,6.707528642593286738e-01,8.891886236172956615e+02
3.102191351210000225e-01,3.479301586934000046e+00,1.412549880790000101e+00,1.660813470012620201e+03,6.136814159183799910e-01,2.199968406525071032e+02
2.194357806434000135e+00,3.995498866215999811e+00,1.262792519260000024e+00,1.781819498992818626e+04,1.939309237863408612e-03,9.312273219886677694e-03
1.925179605437000063e+00,4.420825434312000368e+00,2.876289310596999993e+00,1.517225608973840644e+04,3.893585940924006450e-01,2.145129726438204614e+02
1.400885675020999921e+00,2.460574367789999939e-01,8.717057542280000071e-01,1.022896408998958577e+04,4.486475788147553374e-04,3.764234891171860681e-04
2.238789482373999995e+00,5.104794842898000340e+00,6.658029510890000058e-01,1.826069035002464807e+04,6.479210607869336468e-03,2.092273966533576002e-01
6.474906377900000454e-01,5.652678056689000030e+00,1.003917772130000108e+00,3.947931054074150325e+03,2.006173350884579015e-02,5.435474518342495287e+01
1.004096488899999917e+00,6.297866272490000306e-01,1.244944114918999922e+00,6.754175950176188962e+03,1.735926402202607206e-03,6.303461692072559637e-03
2.782232362475999921e+00,3.332680920103999966e+00,2.665670761518000198e+00,2.378515543816706122e+04,5.239676918040099274e-01,5.007764956809553780e+01
2.846074785348999825e+00,3.580539874858000182e+00,1.909177446611999951e+00,2.444631619607540779e+04,1.217362565538669108e-03,8.291545492935325579e-04
2.151059571735999931e+00,3.850146805092999891e+00,1.525552000021999977e+00,1.738848016331332838e+04,2.394650482616501874e-01,6.861267705429160912e+01
2.557708330619999915e-01,1.900868605744999940e+00,2.088310086451000025e+00,1.333746212982332054e+03,1.673044785404602941e-01,3.721338933211907829e+01
1.365202748763999940e+00,4.150439983692000290e+00,1.864606497865000101e+00,9.905221715409421449e+03,3.629799293796531767e-02,3.103238045931030253e+00
1.428963264889000051e+00,6.209712604894000343e+00,1.343471884186999921e+00,1.048503508443532337e+04,2.783362453388640921e-04,7.015427481824917770e-05
2.892158560773999909e+00,3.452639120015999818e+00,1.830981722126000077e+00,2.492499104823032030e+04,1.193914258464996887e-02,2.380743790890914660e-02
1.417035092059000023e+00,2.114933014172999837e+00,5.880712282200000196e-01,1.037610814617100914e+04,9.867960525130139299e-03,1.322113816774662387e-01
2.582744324790000157e+00,2.092315686146999809e+00,1.669307072102999889e+00,2.173474604291848300e+04,1.210422671993450962e-03,6.248379723358620484e-03
9.937306669640000312e-01,3.335365018687999950e+00,1.184253454357999891e+00,6.667675085509184100e+03,4.018123088835004637e-03,1.379845264730198209e-02
1.387672055202999966e+00,5.565465961384999716e+00,1.449346965014000066e+00,1.010885646302589157e+04,1.991679011928462718e-04,3.599458246050802604e-04
2.325679940071000207e+00,1.129520147198999958e+00,1.722169555038999933e+00,1.913037994611169415e+04,3.207777701158332547e-03,2.734998466623426647e-02
