1.583301894527000098e+00,1.440681444331000094e+00,7.595069920289999610e-01,1.191201500490607214e+04,5.748852903940175896e-01,2.747148177145327850e+02
7.744668764709999875e-01,1.561810727394000065e+00,2.512185829531000003e+00,4.904466760026240991e+03,4.178316678302256004e-02,6.487907231062824742e+00
1.655624368895999954e+00,5.282172430528000007e+00,2.135648387745999965e+00,1.259102670190462595e+04,9.238212512176713354e-02,2.568014144358263362e+00
9.857721892800000441e-02,2.190423882090000163e+00,6.978817090619999775e-01,4.710599811429985948e+02,1.794333069675014273e-05,1.975847873479899077e-07
1.903806622273999993e+00,3.165043342776999946e+00,6.432026410569999797e-01,1.496491961093049576e+04,8.193825977232804814e-02,1.982514968840538216e+01
2.861091431939000174e+00,4.327632623027000136e+00,1.435379578292999891e+00,2.460216504793960848e+04,3.522983219784023290e-02,8.564123945889384748e-01
2.849852388473999909e+00,2.264430431102999908e+00,2.367351669166999795e+00,2.448551002705064457e+04,1.991860781944479117e-02,2.390063312286700992e+00
8.519127739089999984e-01,1.495687680412000065e+00,2.647531735638999795e+00,5.511704934763974052e+03,1.571851608847101844e-01,1.288308415416902442e+01
2.044861212547000040e+00,3.615410763753000190e+00,8.745186408459999505e-01,1.634100405033093739e+04,1.232401624392744479e-03,3.874371054373568300e-03
2.356498240699000046e+00,6.983550859139999734e-01,9.071025195580000311e-01,1.944018435646878788e+04,3.048944585630595388e-04,4.266247798380728203e-04
2.873227697631000055e+00,2.291047625308999969e+00,2.112452829530000020e+00,2.472821282588886243e+04,8.635403175523637120e-03,1.126057371380718986e-01
1.440132913015000016e+00,5.996206026161999603e+00,2.748980493797000157e+00,1.058722102361223551e+04,4.772458635055488486e-03,1.823672267009212866e-01
1.495116188467999985e+00,1.113955857299000041e+00,1.615651316694999950e+00,1.109278957602720038e+04,1.385994861669901171e-02,1.793781220034335488e+00
2.695702545869000044e+00,1.511460723642999993e+00,8.304627247239999566e-01,2.289281456656731098e+04,3.971027982052994718e-03,6.004476997730018306e-01
2.242861622081000039e+00,2.495462088804000000e+00,1.500075414707999988e+00,1.830132100552716656e+04,2.091173977515941099e-02,1.568521709461759839e-01
3.470658776639999887e-01,2.225875636947999947e+00,1.010221059625000084e+00,1.889606560823951440e+03,1.141764648555246633e-02,3.083961978559568995e-01
2.113224880689000162e+00,4.044685038161000001e+00,1.543125206955000106e+00,1.701422594549700807e+04,3.517824542357774701e-03,2.579718115020382049e-02
3.146450449900000113e-01,4.193167359618000134e+00,1.482704297373000024e+00,1.687984739687184401e+03,8.120105823167359004e-04,5.804838613802376646e-03
4.459064431020000052e-01,9.163026878029999489e-01,2.772561254673000075e+00,2.530898850045064592e+03,1.739411173491487838e-04,3.709367627059525813e-04
6.788882915709999466e-01,2.891244606537000106e+00,1.606202434302999915e+00,4.180215220992485229e+03,7.399059282124654515e-04,9.883465735162431497e-04
6.790021827890000417e-01,4.410469803309999826e-01,2.144674076878999802e+00,4.181062991265728670e+03,7.970557157662932699e-03,4.177901041260766446e-01
