2.823036673873000169e+00,4.434901479755000153e+00,1.841656676014000071e+00,2.420746362164801758e+04,7.044199930970911072e-02,1.991484381374388102e+00
2.557482955524999824e+00,2.296975876010999951e+00,2.358139701929999887e+00,2.147685777061415502e+04,3.829067354415449480e-03,7.289074620859243778e-03
2.254004072993999852e+00,4.275200207704999755e+00,1.939388436708999963e+00,1.841256191572259195e+04,5.162236810897826052e-03,1.356627465886086313e-02
1.056548320334999902e+00,2.469807854699999916e-02,7.180653073630000049e-01,7.195702384224129673e+03,5.379678931817081546e-03,1.480130277785997595e-01
1.840352062673999978e+00,8.019433602409999917e-01,6.178159372299999452e-01,1.435194165252929815e+04,1.672502179288027540e-03,6.342062717594905245e-03
5.129914227599999821e-01,4.483138261830999838e+00,1.944797696051999925e+00,2.987261248189507569e+03,2.803228618097700357e-04,1.757481838592245152e-04
1.062335449407000088e+00,3.654100587170999948e+00,2.104203484654000089e+00,7.244796822646975670e+03,4.335992573506764099e-03,2.160919249956997149e-02
2.068816086785000063e+00,2.601676880920000268e-01,1.030887636384000050e+00,1.657645323751182514e+04,9.683110092777979508e-04,4.981269334649628729e-04
1.715705540980000110e-01,2.054169374829999839e+00,6.385636071510000233e-01,8.557365098568606072e+02,1.409333054018173479e-04,6.318972228061202313e-05
1.772532938881999920e+00,2.599760484419999962e+00,7.097097652570000248e-01,1.370124228211963600e+04,3.075286164998380922e-02,5.918290116731760087e+00
2.874146143171000034e+00,3.637389178473999785e+00,2.621703832871999928e+00,2.473775521038649458e+04,4.044295075003207472e-03,5.723320568195508495e-02
2.280827413919999935e-01,4.576175772300000028e-02,1.389323103626999956e+00,1.172713452081856303e+03,1.595116599172991811e-01,2.260043243412061287e+01
