1.772405070455000065e+00,2.716661743802999851e+00,1.162351174447999957e+00,1.370001997167377885e+04,2.501544399282503162e-01,1.006828470116343688e+01
2.006053847060000006e+00,6.138076033828999911e+00,1.052055742367000057e+00,1.596062744574586577e+04,2.966912739206344352e-01,9.338486325323252402e+00
1.987892892729000049e+00,3.079826598299999912e-02,2.428841041669000056e+00,1.578307617215507344e+04,1.946772867862777909e-02,2.262941366500808460e+00
2.168342798846000008e+00,1.453727664397999941e+00,1.163451967322999936e+00,1.755982895200867279e+04,6.967960856425106653e-03,5.538480023553518650e-02
1.784018772587000035e+00,2.465853143287000115e+00,2.664506032064999808e+00,1.381111215326094680e+04,1.529427362937925416e-02,6.359941677152235462e-01
2.727871911870000110e-01,3.056515128483999977e+00,1.720783653847999917e+00,1.434507829666291400e+03,4.845305873595066783e-04,1.972072416341470909e-03
1.383139877087000036e+00,6.090468286950000421e-01,2.036699924620999802e+00,1.006772062465345698e+04,7.035929958232949033e-02,4.339894998180159114e+00
2.178990215040999878e+00,2.321120585301999828e+00,2.570884084359000177e+00,1.766550676156052577e+04,4.008494279540340127e-03,1.246987861797633768e-01
1.248107614440000068e+00,6.221320219624000281e+00,2.966070837779999914e-01,8.857022416907237130e+03,1.245661279169486650e-02,3.414774772680271853e-01
1.671368810551000061e+00,5.228637377976999900e+00,2.119838814622999834e+00,1.273965796564303309e+04,1.078719618696337120e-03,2.622728470590328809e-03
3.474244822429999879e-01,1.480098949250000073e+00,3.527089649879999733e-01,1.891861753817735689e+03,4.498808177433229472e-01,5.608211595727794929e+02
2.810583962931000102e+00,1.493215923494999986e+00,1.205442478971999964e+00,2.407848163169118197e+04,4.741101936622560929e-03,1.022227882936012529e-02
1.288921438608999992e+00,2.695659969988999816e+00,6.318830174870000427e-01,9.219806582056775369e+03,1.567878162908565576e-01,1.583883180502582206e+02
1.249371623005000043e+00,5.326675790161999657e+00,8.709726310119999537e-01,8.868214830675189660e+03,7.120630463184289939e-04,8.156743930963682382e-04
1.861997831604000009e+00,6.223588698246000028e+00,2.024566308862000064e+00,1.456060065336737534e+04,4.687463302109828259e-04,9.754728724306274299e-04
1.597053770262000016e+00,5.012356491355999921e+00,4.675063877530000189e-01,1.204064517435603011e+04,1.838138600471965825e-02,5.896464344182890116e-01
6.719749474049999671e-01,3.636330322640000112e-01,1.458332969761999998e+00,4.128824045928308806e+03,4.994493191045030296e-04,5.321610038778054825e-04
2.046824430540000073e+00,4.203318646219999621e+00,7.028942108619999907e-01,1.636027576863622744e+04,5.702285199994043541e-02,6.487908622908282741e-01
