1.091210341342000012e+00,3.156632758106999948e+00,2.942727315712999836e+00,7.490840081358032876e+03,1.638860148667868263e-02,2.977681745198917374e-01
1.978788522719000076e+00,2.252676913340999842e+00,7.348715578319999775e-01,1.569417814291900868e+04,1.121117860049876402e-03,2.278054719342560361e-02
2.611193543515999860e+00,5.963462235296000280e+00,1.003698411230000032e+00,2.202566482614796405e+04,5.771280285911876799e-03,3.020715658225816558e-01
2.510508261916999828e+00,2.379962004136999987e+00,1.330729194949000105e+00,2.099839899416425396e+04,5.041914126520696468e-03,3.268940692780171464e-02
4.181895667259999949e-01,2.047759986809999933e-01,2.579417038688999853e+00,2.347188642465693192e+03,8.905493452530037317e-04,3.901328999788568580e-04
1.817839102288000053e+00,1.777100265352999919e+00,2.378294178183999907e+00,1.413541847862328359e+04,6.439879428196093082e-03,9.293075719195696693e-02
1.089286285668999987e+00,4.328528342569999965e-01,1.127217867563000020e+00,7.474389674141413707e+03,1.264131910987465433e-02,1.373423317573151170e+00
8.358440417400000433e-01,4.327903465140000350e+00,6.670523211190000357e-01,5.384214049369341410e+03,1.158019247282609729e-02,4.465789349808525072e-02
2.081248887856999907e+00,2.914633968562999833e+00,2.661685276341000161e+00,1.669884625517002496e+04,2.454289876341214996e-03,1.130043505234959791e-02
2.246071664880000096e+00,6.275962810539000181e+00,5.810301502529999773e-01,1.833335872606722478e+04,7.050423756233079736e-04,8.328460061703778575e-03
2.970256913541999833e+00,2.748799147199000092e+00,1.010594808113000065e+00,2.573885553980873738e+04,3.709511621827422251e-02,3.623957319619001805e+00
2.519920999648999960e+00,2.607908998630999786e+00,2.880759996969999848e-01,2.109415833032435330e+04,8.028093493255644697e-03,4.886443112933758215e-01
2.570154391855000053e+00,1.058844479390000037e+00,7.008117163110000325e-01,2.160616679678688160e+04,3.108764920796329712e-01,3.346886663113291860e+00
9.471658362270000131e-01,5.801117325054000240e+00,2.458175104611000084e+00,6.282329962027401052e+03,1.804116940105717978e-02,2.905879066250178777e-01
2.907782081137999963e+00,2.519280362861000100e+00,8.490836657829999856e-01,2.508753959365891205e+04,7.636985577481817354e-03,2.124460694006395992e-02
5.924063259480000232e-01,5.342249906826999961e+00,1.404813593887999978e+00,3.547524907811065077e+03,1.430436648122774233e-02,1.682784228234049384e-01
2.270421052905000181e+00,5.250877006466000196e+00,1.800163942109000104e+00,1.857663366942030189e+04,2.032167796674147486e-02,8.247795077632649186e-01
