2.435304075518000211e+00,5.260019125694999964e+00,7.642626180279999959e-01,2.023547055274922968e+04,1.190193566641897967e-02,1.665153889744116766e-01
2.830259204039000220e+00,4.327569715825999808e+00,1.512932697507999968e+00,2.428231217434886275e+04,6.915170753694190042e-02,5.591262224090563393e+01
2.695110151183000013e+00,8.594983449500000205e-02,2.350603688631000221e+00,2.288672063961717868e+04,6.315515313761198291e-02,5.939575262520819798e+00
2.962157890543999805e+00,1.550281849309000037e+00,2.957036299624999920e+00,2.565430309320829110e+04,4.178201217597913436e-02,2.397140144634901215e+00
2.716550726647000147e+00,4.869232546211000212e+00,1.022259801441999905e+00,2.310740659804210736e+04,2.650372778052484390e-02,1.127369041048672305e+00
2.142167815335000114e+00,4.770102787252000098e+00,6.766893596099999852e-01,1.730041964618863494e+04,1.705707646659141916e-03,1.194073315450600373e-02
1.468343438850000071e+00,1.921193527070000073e-01,2.244097125162999973e+00,1.084609239885690840e+04,2.949701661871351015e-03,6.827958013880630617e-02
2.035945398605000012e+00,5.655381600713999646e+00,1.496783951917999955e+00,1.625349812158131135e+04,1.071355041920283267e-02,8.151987820408204133e-01
1.210953886196000084e+00,3.945753958859999910e-01,2.012162603869999955e-01,8.529303328142719693e+03,4.648124631729090850e-01,6.186010954959429000e+02
2.171194925995000080e+00,5.825533820190999634e+00,2.621275212406000144e+00,1.758812843527904624e+04,3.583640318745245912e-02,5.891517671122632471e-01
1.447702934415000087e+00,3.308565181382999931e+00,1.218568460868999948e+00,1.065657674740957373e+04,7.114280632388646393e-03,1.433772302944795518e+00
3.117061942600000135e-01,1.892635167718000000e+00,9.001918344629999957e-01,1.669933136085064234e+03,6.347261959318798320e-04,5.767390065938894379e-04
1.904430155712999895e+00,1.067735619780999956e+00,4.567420819210000205e-01,1.497096231174413515e+04,7.506658795974743836e-02,2.092361630138926998e+01
