2.522385741950000093e-01,8.973570679019999830e-01,1.980753383701999937e+00,1.312999728344662344e+03,2.688851256760816516e-03,7.982228734241638909e-03
2.659638416189999965e-01,5.982718090932999999e+00,2.118679382515999965e+00,1.393942014691690929e+03,1.361821436514620712e-03,7.209897142060628936e-04
2.342553635577000026e+00,3.173303800937000041e+00,1.884218615571999988e+00,1.929991932123899824e+04,9.705457668699091212e-02,7.812436300018910984e+00
1.394473278406999972e+00,4.951422194676999844e+00,1.775159703461999916e+00,1.017064490892878894e+04,1.295194733759277295e-01,7.567764529719407562e+01
2.395729712581000204e+00,2.260742050345999843e+00,5.645735256239999833e-01,1.983555091584444745e+04,1.584932676107102811e-01,2.746488688945077001e+02
1.944129280349999878e-01,3.491924060516999884e+00,2.189842132077000070e+00,9.819223606467872969e+02,3.918058198497351320e-05,7.482730910850558353e-06
2.619712153383999986e+00,5.768996725829000027e+00,2.349053797809999899e+00,2.211287451887867428e+04,4.240768067408110138e-03,5.416995317660573406e-01
3.550632058389999735e-01,2.917022236493000076e+00,1.635541004645000074e+00,1.940028349160147627e+03,8.077096242577545826e-02,4.725187775688785563e-01
7.376126788800000389e-01,4.474955557659000327e+00,1.249256070286000053e+00,4.622152049068514316e+03,4.318977462107816134e-02,5.294539286334463135e+00
2.091218636957000054e+00,2.444761281910000084e-01,1.483893972226000058e+00,1.679708638996102673e+04,4.007220988450434056e-03,2.051190614881962318e-02
1.222685689960999911e+00,4.592565022077000236e+00,1.776788536763000081e+00,8.632517873585771667e+03,5.572096038419794596e-03,6.683808460076126612e-02
6.118433880829999838e-01,3.932323198248000029e+00,1.199109536107000107e+00,3.687750940940328746e+03,3.795986476900222329e-03,2.860545616511709147e-02
4.752964355120000151e-01,4.215237002542999711e+00,2.099721852901999863e+00,2.728836449920969244e+03,2.823589258518657916e-04,8.018039694338486472e-04
1.621108105765000085e+00,4.743867152032000156e+00,1.070689564739000010e+00,1.226619018708049953e+04,4.587412725887914794e-03,2.650071628765882439e-02
1.988781019333000000e+00,2.707730213022999877e+00,2.318404518579999962e+00,1.579175219791118070e+04,7.143282827647470454e-03,8.369470974991247703e-01
2.690506542506000187e+00,2.032312830613999921e+00,3.604504755769999957e-01,2.283937216395225187e+04,7.692347838676265315e-02,3.720680208002707712e+00
1.956433414641000068e+00,4.050926999520999772e+00,2.106882763738000097e+00,1.547621389057061606e+04,4.662654627646565381e-03,4.979754917724903834e-02
1.073560867532000085e+00,5.413665181396000392e+00,1.955193577980999908e+00,7.340235213654043037e+03,4.219656948885100456e-01,1.619923754638014373e+02
2.848093362699999909e-01,6.202038739433000103e+00,1.487466791547999989e+00,1.506501731987062612e+03,5.605686709810852588e-04,2.098535702921246714e-03
2.781437038482000190e+00,3.370292183289000043e+00,1.394738295023000063e+00,2.377693366628744116e+04,1.106111971574097810e-02,1.126574524650299225e-01
5.641980574270000215e-01,4.137045071795999895e+00,8.450084769050000277e-01,3.346145467848579756e+03,1.595237852279665358e-01,9.671021706030434473e+01
3.865667932740000090e-01,5.990314622810000156e-01,1.460611718810999937e+00,2.141223712343173247e+03,4.694302723348922450e-03,5.895182491480927683e-02
