4.127484684359999934e-01,2.863275861545000023e+00,6.216632215009999518e-01,2.311470248944619925e+03,1.824499224387399112e-03,2.549001035376934343e+00
1.744986629630000063e+00,1.676006467207000084e+00,2.676870468139000092e+00,1.343830928790307553e+04,9.870013782228533646e-04,8.591337030548078929e-03
2.725425798154000212e+00,4.021254753182000208e+00,1.908716572249000043e+00,2.319883780221388952e+04,1.002141816535579988e-01,9.214925857618339933e+01
1.914081101232999904e+00,5.556647661598000276e+00,1.309125414518000019e+00,1.506453706257750127e+04,4.879460401909039430e-03,7.121514362431456691e-02
1.099695840257000068e+00,2.768890816999999838e-02,7.088056646979999931e-01,7.563483012482763115e+03,6.041188248379586456e-01,4.583832394934437389e+02
4.209631576599999758e-01,8.604036676640000048e-01,1.223103015453000042e+00,2.365440131517417285e+03,1.849927005462323319e-04,6.088041003980984524e-05
2.558466415454000220e+00,1.818833298749999994e+00,5.992870206129999877e-01,2.148689005100675422e+04,2.869151096237857954e-02,3.017544794966751542e+00
1.301173281045999941e+00,2.351378880726000098e+00,1.360773962913000013e+00,9.329259193976795359e+03,2.283170261944857810e-02,7.886038467904772364e-01
2.789160276690000106e+00,2.088934625917000076e+00,8.818765640879999701e-01,2.385678917885781993e+04,9.426382123210255010e-03,2.309426072142217734e-01
5.866007719560000222e-01,4.362397741976000276e+00,2.210753638458999859e+00,3.505871273874788130e+03,2.330001032664146335e-02,9.700002335913755047e+00
