1.908532818607999948e+00,5.128260647701999630e+00,2.355617860032999999e+00,1.501073062578421559e+04,5.347281505406646825e-03,1.705780289835673869e-01
9.840309879180000330e-01,3.742259478066999989e+00,2.071533947285999933e+00,6.586966303950116526e+03,6.451002499005408231e-01,1.074146443385863137e+02
5.097548876669999451e-01,1.033675400619999962e-01,1.647735731485000077e+00,2.964876737802608204e+03,1.001196758314705287e-03,6.756932456796164478e-03
8.026333859219999534e-01,5.385559172041999965e+00,1.041876645969999959e+00,5.123171987347490358e+03,7.002959838480597721e-02,2.547913261114752359e+01
8.148819165639999973e-01,7.417794935139999657e-01,1.393363701835999890e+00,5.219055989226926613e+03,2.667930008586868670e-02,1.501219740656232648e+00
2.147590649845999788e+00,2.630741645221000180e+00,2.050207288831999985e+00,1.735411768880725504e+04,1.167087386382116218e-03,6.632564425529253842e-03
2.660054079611999800e+00,2.643635895811999870e+00,9.747620098679999900e-01,2.252648953769740183e+04,6.138832164520351409e-01,3.837192833637872269e+01
1.631578291117000035e+00,1.599958146157999916e+00,1.716859691735999949e+00,1.236457892577645362e+04,8.116061724857294435e-02,1.972272909610189862e+00
4.325549399220000035e-01,5.311580119879000250e+00,1.315742901209999927e+00,2.442039085450926450e+03,8.228327605611497342e-01,3.246421818575071256e+02
2.417708765763999956e+00,3.436160318939999847e+00,1.379269615422000106e+00,2.005752616843844226e+04,2.986908729582732260e-03,7.104667729444552778e-03
2.420711819140000109e+00,3.682882292151000048e+00,2.746988525419999938e+00,2.008788136801533255e+04,3.998868387031560001e-01,4.102222718616915245e+02
1.655571375152000035e+00,3.994593560259999787e+00,2.578169209039999910e-01,1.259052690881944000e+04,8.781304763613499665e-04,4.484616457609392841e-04
1.346506737609000082e+00,3.553642698467000205e+00,1.182632735315999994e+00,9.736374660661407688e+03,3.262975350870812169e-02,1.843280559626270687e+00
1.122737933290999912e+00,3.931256140184999914e+00,1.159547294793999983e+00,7.761497480051866660e+03,6.153391632234348450e-03,6.717695828196736108e-02
2.444537396448000166e+00,2.863489629057000219e+00,1.424549088458000101e+00,2.032893413016833074e+04,2.012284048505323317e-02,1.182242279280504960e+00
5.821540287299999950e-01,1.621706042795999947e+00,1.342300333755999997e+00,3.474039109747865041e+03,1.527943709080242622e-02,7.056738055275481036e-01
1.778253735437999916e+00,4.666511371812999798e+00,1.693543085656999958e+00,1.375594843741046316e+04,1.246161060105388380e-01,1.288446800691973522e+02
1.871615823173000015e+00,3.515436305738000033e+00,2.491912761592999903e+00,1.465346316745773220e+04,1.255427990352452755e-02,3.117405265031119588e-01
2.736172648131999896e+00,4.713068875437000038e+00,8.361931297110000161e-01,2.330960740365209858e+04,9.045027789473798763e-02,4.737060497159446015e+01
2.028550442224000161e+00,9.570928001870000479e-01,2.030708402633000009e+00,1.618097103223273007e+04,1.280470705814078930e-02,1.175008265160933929e+00
9.410228422699999651e-02,3.303063386169000193e+00,2.117218798925000200e+00,4.484335174051144008e+02,2.337585559450893694e-03,1.171623312519173732e+00
1.415395590167999984e+00,1.528100387857999953e+00,2.042653310068000216e+00,1.036115251983114285e+04,1.485644093599781512e-03,6.125259412221888654e-03
2.610679185922999856e+00,5.038848114058000149e+00,2.264717708751000202e+00,2.202040048467415909e+04,1.613652150338135832e-02,2.833600363261192712e+01
1.473194629071999939e+00,1.075633497577999975e+00,1.384380541484999894e+00,1.089072078398487611e+04,1.353447392984986342e-01,8.559790590866067816e+01
2.288178076393999838e+00,4.683699171527000438e+00,1.421818800567999919e+00,1.875432746609782407e+04,8.424005140811476056e-02,6.319470149536252634e+00
2.728150113004999877e+00,2.663102754741999867e+00,7.095024020679999710e-01,2.322691243149504226e+04,2.985097588299260793e-02,1.273607997441559281e+00
1.934061294809999998e-01,3.505195678343000054e+00,2.479233213122999935e+00,9.763044673560932551e+02,8.175259724022147789e-02,7.974103193799505496e-01
2.048897973278999807e+00,5.611746514288999954e+00,2.361876073196000014e+00,1.638064645687982556e+04,5.233976034857862336e-01,9.134557365347923223e+02
5.939349333979999646e-01,5.952080031018000206e+00,2.362248781459999947e+00,3.558510042347727449e+03,4.512396951401675960e-02,5.320650643136101365e+00
2.534779232418999939e+00,3.425286251133000004e+00,2.703639393675000058e+00,2.124543123633321738e+04,3.813545412378793742e-02,1.516690637891461080e+00
1.324938691153999981e+00,4.034029526744999927e+00,1.125022076800000104e+00,9.542271711766183216e+03,6.163725474217378363e-04,1.682851454435289982e-04
2.356345754689999905e-01,5.884631883158999877e+00,2.017576505058999992e+00,1.216270364576208522e+03,1.259199708794606944e-02,3.794734774478390055e-02
2.206995153773999796e+00,2.852519377780000087e-01,2.331143107953999927e+00,1.794389429648829537e+04,1.231816607307032047e-01,8.666042134667012675e+00
1.277408570601999971e+00,4.153989533603000162e+00,1.299735129337000084e+00,9.117184088791766044e+03,2.584173225761272463e-03,3.028818692272093258e-02
2.132234183007999828e+00,1.772141491926999990e+00,6.429188679899999759e-01,1.720211656980588668e+04,5.550369397497096312e-03,2.198351539609023908e-02
2.134793326061999785e+00,5.979306393423000188e+00,4.708792794030000062e-01,1.722743411322287648e+04,2.530476976621767217e-03,3.380929647264643151e-02
2.138628126031000054e+00,5.048540948702999742e+00,5.238694985409999560e-01,1.726538169313057006e+04,4.761345638703035933e-03,4.121292951825070161e-02
2.349704896027000167e+00,6.012456244690000062e+00,1.740760660077999900e+00,1.937183438870644386e+04,9.178697942237956479e-04,6.112842402478332188e-03
7.122138840489999900e-01,3.408921084010000158e+00,4.893408446729999861e-01,4.429841993102359993e+03,2.301084588587967543e-03,5.181065580824233650e-03
1.481897500949000079e+00,1.553403019134999896e+00,2.266810904286999939e+00,1.097086375549212426e+04,3.170245369200826446e-01,6.015703499941571941e+00
2.126507891535999839e+00,1.680436053895000059e+00,1.252610472690000032e-01,1.714548587729937935e+04,5.056660490710771505e-01,1.424390711069196982e+02
1.435010857611999979e+00,4.573187719780000271e-01,5.022578880529999790e-01,1.054033954137352885e+04,1.593527278553212633e-04,1.675612343266339984e-03
2.117181216709000058e+00,5.859375040439999793e+00,8.687632031740000205e-01,1.705330645389751589e+04,4.376246284565259680e-03,6.183449068418107875e-02
2.624538018122999805e+00,1.727287652555999919e+00,1.586490618880000092e+00,2.216229959374756800e+04,5.992591463143875051e-03,1.740130719966936218e-02
2.187352539141000030e+00,3.902784098736999940e+00,1.529121226795000066e+00,1.774857001661604227e+04,1.508054268627819113e-02,4.774237449547514278e-01
2.369950414739999900e+00,4.045574323661999649e+00,1.573438644117000074e+00,1.957562906201174701e+04,1.494522683160992849e-01,7.130385672938222008e+00
2.080644946756999847e+00,1.605567558366000069e+00,1.324107217926000057e+00,1.669289781735178622e+04,9.747317007719826648e-03,2.087558423882839576e-01
2.184214789822000125e+00,1.991903903566000000e+00,5.929556246630000027e-01,1.771739669350669283e+04,2.310270433267327256e-02,9.114887701619114324e-01
2.506749946754999847e+00,1.146029937455999903e+00,2.346096319437999789e+00,2.096018418282287894e+04,7.870607276918203596e-03,1.881593446319607121e-01
2.452228845751999842e+00,3.348455118762999838e+00,2.039848778247999928e+00,2.040683486558033474e+04,3.393870355671740110e-03,2.287046590196985946e-02
1.740927728363999893e+00,6.233848972681999889e+00,2.029535552366999784e+00,1.339963491641643122e+04,1.135258213870179167e-01,8.902344213501371950e-01
3.744183207999999922e-03,4.165393974326000226e+00,1.137216236625999910e+00,1.680704401834351813e+01,3.551288995748850229e-03,5.030943697007375648e-02
1.753557092069000012e+00,4.653702358901999681e+00,5.558972699240000148e-01,1.352002911486545781e+04,3.021274970133224196e-03,3.480927129479772369e-02
