1.080840853800000070e-02,1.346439292864000103e+00,9.870711207279999622e-01,4.875839468565198587e+01,2.665101369065906323e-03,1.719270653970862706e-02
3.413814766489999819e-01,1.164053513997000078e+00,1.336959270441999914e+00,1.853930963380954609e+03,1.431517308870295345e-02,1.995027590476192936e+00
9.278507358630000423e-01,6.017535002615000295e+00,2.326185425733999779e+00,6.124092848977727954e+03,3.028027635891887212e-02,3.460612368226427371e+00
3.334525407130000119e-01,5.838780713790000299e+00,9.273962114439999738e-01,1.804397552181461606e+03,1.930913276401573508e-01,2.013179861058856446e+01
2.799699910075999831e+00,3.145424266835000093e+00,9.668261423420000389e-01,2.396582061536524998e+04,2.373522452201123640e-03,4.961851750708308473e-02
2.780660539573000190e+00,1.433916309126000099e+00,1.481946852200999976e+00,2.376890686371632182e+04,1.269816194400436027e-01,6.185363940645603797e+00
1.717350012840999973e+00,5.106808614446999961e+00,9.827611344809999983e-01,1.317533148976607481e+04,2.760701782236030244e-01,2.330796352176951984e+02
2.713721326699999992e+00,2.297565617392999915e+00,7.521914273249999949e-01,2.307826805893852361e+04,2.296195632201285253e-03,9.966355815580656488e-03
2.671015484718000099e+00,5.791113802897999818e+00,2.037840587310999929e+00,2.263904703908907686e+04,3.939437176622592046e-02,2.448745090465274554e+00
2.373495353959000020e+00,2.156785743143000200e+00,1.674693626365999943e+00,1.961134319192698604e+04,1.155987741174998445e-02,4.004945282928294437e-01
5.707861220280000536e-01,4.135951740996000048e+00,2.224125605386999993e+00,3.392948999362672112e+03,2.142069120961322907e-03,4.475572485222675118e-03
4.417185342989999874e-01,9.814058387820000506e-01,1.430772642566999986e+00,2.502954300928036901e+03,1.864385202980102518e-01,1.890902623961965290e+01
2.847926045049999910e-01,5.173021847379000171e+00,5.366654320239999665e-01,1.506401076817352987e+03,1.552713950714543223e-04,1.024176741445700071e-04
1.928235890966000010e+00,5.036512834247999670e+00,2.660284705545000072e+00,1.520193972237677917e+04,1.333036036397469357e-02,4.550423891282425193e-01
2.550576221497999896e+00,3.950484380215999902e+00,2.209919148233999930e+00,2.140641974882489740e+04,8.758406347051489807e-03,4.215335563432188737e-01
2.748776483818000216e+00,1.601221651716999927e+00,2.777429125898000173e+00,2.343961859416525840e+04,7.792938867580525772e-03,4.877209904209654084e-02
