2.530137343093000091e+00,5.434274508935000192e+00,1.473911794676999953e+00,2.119815624393791950e+04,8.907967519850150048e-03,2.944706725045582174e-01
1.753478681400999939e+00,7.617038616650000371e-01,6.933563956430000008e-01,1.351928111032988454e+04,1.381621855226752675e-02,2.300097547168981627e-01
2.557926232807000044e+00,1.928185316230000002e+00,1.675617451748999898e+00,2.148137956594240677e+04,8.471183153171486513e-01,1.180567871224346135e+02
1.921887684397999951e+00,4.861376090881999623e+00,2.088111159713999854e+00,1.514029355213169401e+04,6.646324416995653961e-02,1.386610796535159196e+01
2.864792189216000207e+00,4.515023993019999793e+00,1.879204156716999918e+00,2.464059262345967727e+04,2.571957562009737908e-01,6.013672059401986871e+02
2.786050908052000175e+00,3.680302771900000047e-02,8.091557179460000526e-01,2.382463528457318898e+04,9.346343056326164881e-04,5.194197778163441026e-03
1.508170854444000009e+00,5.707239946669999675e+00,1.731899805547000071e+00,1.121343308253673786e+04,6.503156092797114998e-03,3.514514771818907923e-02
5.862916825389999920e-01,1.417622394844999967e+00,2.392275448531000048e+00,3.503656614054134934e+03,5.882789574141800842e-02,5.412378973854470310e-01
1.639542280806999930e+00,1.644564656950000092e+00,1.304208363479999910e+00,1.243950319394073995e+04,1.349294787666311258e-04,8.878570266557675797e-04
2.117665266962999837e+00,5.903142413059000226e+00,1.658319044121999930e+00,1.705808874708156145e+04,5.848961630419920177e-02,1.042044059956108093e+01
2.710710589068999976e+00,1.973360409692999973e+00,1.557731294807999989e+00,2.304726729588063972e+04,8.226587718677319527e-03,2.647057167308782336e-02
2.648473858207999854e+00,5.963988520251000125e+00,2.438672101508999823e+00,2.240765765158898648e+04,6.824280346468960569e-03,1.090768171591114111e-01
1.678586173338999954e+00,1.122114745776999989e+00,2.397431625069999850e+00,1.280788595135535070e+04,2.041819761070542624e-02,3.320463393016770404e+00
1.242646852405000057e+00,3.860818997975000055e+00,1.353955840150999901e+00,8.808701165462247445e+03,1.380843781375689066e-03,8.735696946398448584e-03
2.901500574068999860e+00,3.042746980532999856e+00,2.113433841842999872e+00,2.502217015857231308e+04,5.130380840576152443e-03,3.008110792453757565e-01
2.268649341886999959e+00,5.658871783437000147e+00,1.320658634788999919e+00,1.855891737531703257e+04,2.270942235644191846e-03,1.368082252924480470e-02
5.164154954109999585e-01,3.689404176210000053e+00,2.248724559529000189e+00,3.010982215264959450e+03,2.826952468690576703e-01,2.988766232011618484e+01
1.063235209873000020e+00,5.436203171100000009e-02,1.859967350615999937e+00,7.252436444575677342e+03,1.754955957588342011e-02,4.519999741992475339e-02
1.103152584909999900e+00,1.640221186680999921e+00,9.362192305969999628e-01,7.593118873750831881e+03,1.650000069401826031e-02,4.105256558606750206e-01
1.904151685800000049e+00,2.485532211551999993e+00,1.465943998498999923e+00,1.496826359348505321e+04,1.333097974197445038e-03,1.068717774501717378e-03
4.300996480450000048e-01,1.119275790572000107e+00,1.212142109313000038e+00,2.425771547280441155e+03,1.786915565659896396e-04,2.530037696430593975e-05
1.422703692275000042e+00,4.842485579109999883e+00,4.176466179139999846e-01,1.042784776575973228e+04,2.736018877743501255e-04,2.429001357577058806e-04
6.755844792159999557e-01,1.759734083412999972e+00,2.642119831090000037e+00,4.155638834063945978e+03,5.200930245376220520e-04,1.054862116969471352e-04
2.524665839019000213e+00,5.637843343566999899e+00,2.648807362746000038e+00,2.114244975893251103e+04,4.029591610005857361e-03,3.037383219669762685e-02
2.637665205803000124e+00,7.952275805259999553e-01,1.424018587526000079e+00,2.229681789512463729e+04,2.730926526346912422e-02,1.451891757443087627e+00
1.430723609760000126e-01,4.630552379726999845e+00,1.964278518503999926e+00,7.021186446038710756e+02,2.325120474797865051e-03,3.871066964236903607e-02
9.871016866299999748e-01,4.204519415540000082e-01,6.295197084950000521e-01,6.612492298355557068e+03,5.400123985989363495e-02,2.692504176285797257e+01
6.002527433090000253e-01,3.717900841434000014e+00,1.846145553688000041e+00,3.603989984371039100e+03,1.942332095058683095e-01,8.413267205288794059e+01
1.055022641592000099e+00,5.886671497813000364e+00,1.329486927730000101e+00,7.182771764917547443e+03,6.286601725925938453e-03,5.728516848466691340e-03
1.126479629439000041e+00,4.951424029414999595e+00,6.846044003900000341e-01,7.793754683381091127e+03,2.439645361297922838e-03,1.485443098786528304e-01
7.537488526379999554e-01,4.637486381067000174e+00,9.436292268949999507e-01,4.745234225173137020e+03,2.606508223838889266e-03,1.612230279995070514e-01
2.108229869710999793e+00,2.010373176244999893e+00,9.136533693070000295e-01,1.696490394580814973e+04,2.663225539329796502e-03,5.468985325754079953e-03
1.499407222247999938e+00,4.077805504376000201e+00,2.342571241784999980e+00,1.113241974780823693e+04,1.378743416989377385e-02,1.755474560239416448e-01
1.912066972049999980e-01,3.583212387760999817e+00,2.253685638532000102e+00,9.640495947131910270e+02,4.318840929895803593e-03,5.419754274970507019e-02
2.072688400171999845e+00,2.022616449300000119e-01,1.832418973213999935e+00,1.661455971759167733e+04,1.088657443865230631e-03,1.048064539233392253e-02
1.504399400383999996e+00,3.900740608407000209e+00,1.493609605552999930e+00,1.117855641149539952e+04,1.595558624533994141e-03,2.245594495034110988e-03
2.454067028317000076e+00,6.236830624943999979e+00,1.191639032966000045e+00,2.042545834324862153e+04,1.344064563804584682e-03,1.441597633884545739e-03
2.230849184555999898e+00,2.981821557702999836e+00,7.825496620190000030e-01,1.818150083557331163e+04,3.860690519148020968e-03,1.378364496428549635e-01
2.864174856305000016e+00,2.466306111439999782e+00,4.751619628379999960e-01,2.463418196626828285e+04,2.126347768371694182e-03,1.889875615649802207e-02
2.525354845440999974e+00,3.215338884327000102e+00,1.873944041337000099e+00,2.114946403188134718e+04,1.116058608703721262e-02,1.064872496384798028e-01
9.861922524599999740e-01,3.407392229664000016e+00,1.905690643210999902e+00,6.604930864904391456e+03,8.196686583458595576e-04,1.304712346541325773e-03
2.135307708610000077e+00,4.764854739550999696e+00,1.945895835895000037e+00,1.723252353685151320e+04,9.310488346701666085e-03,2.048160994123952250e+00
1.657548049492000075e+00,4.847199032247000439e+00,2.590857933899000098e+00,1.260917161856055645e+04,8.801103034492161956e-03,2.407967464865288232e-01
2.230802087069999884e-01,3.353584980559999984e+00,1.020177305468999984e+00,1.144012621266054794e+03,7.677667865159881018e-04,5.927904089634514770e-04
1.028002919194000109e+00,1.482875845878000032e+00,2.732993134076000086e+00,6.954633774287553933e+03,7.989631447464656117e-03,2.826478430885061635e-02
4.250233778000000323e-03,3.451734934627999962e+00,6.818656461169999572e-01,1.908543507606078293e+01,8.623802845120569216e-02,1.482435959109801082e+00
8.953137113389999513e-01,5.681355065149999994e+00,2.401606150860999822e+00,5.859759754253478604e+03,5.584988173435932024e-05,4.215920618828897747e-06
2.557897475490999994e+00,6.033209315429999720e+00,2.292806138200000010e+00,2.148108621178366957e+04,2.216083500580063453e-02,1.801421992880725353e+00
2.150016130382999879e+00,3.736032107704000182e+00,1.551878100351999912e+00,1.737814303921137980e+04,1.645104691081066273e-01,2.448976999232627634e+02
2.030830138283000075e+00,4.197483492111000025e+00,1.814540942305999938e+00,1.620332423910381476e+04,1.318931139964339130e-03,4.141138985130047787e-03
2.775830949037000117e+00,4.194536644899000244e+00,1.421810460129000031e+00,2.371899030363073689e+04,2.087778699536595173e-02,1.584992692559285543e-01
7.755985281270000309e-01,4.256309835599999758e+00,2.174561411653999965e+00,4.913204776151495025e+03,1.080190288512914397e-02,1.924621495562261475e-01
2.176678782306999960e+00,4.616553478454999748e+00,2.164033091004999854e+00,1.764255869610471564e+04,1.906047279413802253e-01,1.728626417330067255e+01
3.989024442429999762e-01,3.442154503228000095e+00,9.740263111579999800e-01,2.221098660386586289e+03,6.636193980900476378e-04,5.947327698113138127e-04
2.599209980082000104e+00,2.913482561061000009e+00,2.034078354621999818e+00,2.190305979236663188e+04,1.715194988651025029e-02,2.263112509470554257e-01
2.288389581969000108e+00,5.882251132050999587e+00,1.612670324543000078e+00,1.875644540881175271e+04,5.523866585551292507e-01,1.178009971004503740e+02
2.486535028200000053e+00,2.316255526262000153e+00,2.753366120553999874e+00,2.075478466814905914e+04,6.705603112308811120e-02,7.207328605458308779e+00
2.149343591335000081e+00,2.719629111490000084e-01,4.334877105600000169e-01,1.737148078773470479e+04,1.009399329493191862e-03,6.366661589808076532e-03
3.683314205639999783e-01,1.903809750830999903e+00,2.017631479174000209e+00,2.024269276356193132e+03,2.239190371243338865e-03,1.536309651331603694e-02
