4.146637570150000229e-01,5.463456255737000333e+00,2.290257263306000102e+00,2.324030165347723596e+03,2.221970117292829778e-04,1.182662250920210080e-03
6.455126763149999780e-01,1.601802053532999981e+00,1.819655665950999923e+00,3.933394448308743904e+03,9.060595886510021402e-02,2.120034094507619571e+01
1.989042246259999924e-01,1.134611232030000028e-01,3.869983970850000010e-01,1.007045976021505339e+03,6.477813097737433745e-01,3.370219353470823762e+02
1.060911870033000026e+00,8.302754952219999485e-01,1.962934848014000089e+00,7.232713221409791913e+03,3.269245588262966601e-02,4.215985116906227681e+00
2.922151232990000125e+00,8.757039181210000134e-01,1.611122368436000096e+00,2.523715520556700721e+04,8.479259179640118160e-03,2.709593629522587949e-02
5.624277647750000053e-01,6.256026679968000437e+00,1.255344481969999926e+00,3.333592837467767822e+03,1.299581813726023152e-03,1.059185192577480035e-03
1.611317505679999984e-01,1.405657699322000020e+00,1.062687806226999987e+00,7.989690814245701631e+02,2.169989844500148923e-01,6.651646677286572640e+01
1.428353397106000067e+00,4.748885275129999806e-01,3.010536127877000201e+00,1.047946084118990802e+04,1.123423136016602764e-01,1.587913514474552201e+01
2.471723731687999859e+00,1.020446940952000059e+00,1.944537420018999985e+00,2.060446381107805428e+04,9.378587740164968239e-03,1.244604527359111645e-01
2.341051369736999899e+00,4.495407534385000403e+00,2.181284927235000115e+00,1.928481670773454607e+04,6.121216000361645029e-04,1.587891417246892548e-03
