1.017481756860000031e-01,2.403762032197000131e+00,4.247483445529999790e-01,4.871619295761291255e+02,9.577195969644837492e-02,1.092632758480220012e+01
2.214642623982999936e+00,6.131843252677000145e+00,2.289785222115999996e+00,1.802002162236435470e+04,7.219943298755714112e-04,1.074109738470551377e-03
1.509432388313000084e+00,4.923871229599999566e+00,6.735108199620000180e-01,1.122510335944639883e+04,7.482502783796708343e-03,1.808420928864813426e-01
1.947975915121999968e+00,2.762535426982999809e+00,1.660081322716000063e+00,1.539387161315068988e+04,4.126190443014576825e-01,3.662268040432023213e+02
2.955755953471999931e+00,6.282811536910999806e+00,2.383556001695999793e+00,2.558749274084759963e+04,2.746613996468975083e-01,1.814382599808018171e+01
1.496566183651000026e+00,3.207920150260000103e+00,1.611621534261000077e+00,1.110617835972088324e+04,1.409403928783349537e-03,5.763543908158665768e-02
2.929248815939999862e-01,1.689900672235000068e+00,1.230386584741000044e+00,1.555472598966704709e+03,2.760737786128644178e-01,7.409089820896322465e+01
3.872425356090000159e-01,2.844123393637000063e+00,1.730971785054000067e+00,2.145583494103254907e+03,9.573331361626587210e-02,1.148034652587933024e+01
1.749293166935000032e+00,2.372992933587999786e+00,2.154898712070000055e+00,1.347936260060923814e+04,5.188704962543975443e-04,2.958690743251704038e-03
5.582154773220000532e-01,3.635805046760000048e-01,5.553750240899999469e-01,3.303765881894627000e+03,1.559264377390043831e-02,9.915041610159012198e-01
2.943634492720000218e+00,1.296122933513000008e+00,9.418784476370000158e-01,2.546105356492273859e+04,1.890740747098959562e-02,3.164057686948666404e-01
4.779027837000000001e-01,2.664177388779000122e+00,1.121899256500999975e+00,2.746542112875933071e+03,6.139885688159290005e-05,4.226623341612670128e-06
3.801637257399999997e-02,4.996887173011000272e+00,2.537389693065000174e+00,1.747225827134255951e+02,3.472132478629321351e-04,1.116223079144573825e-04
3.177547245540000009e-01,2.228152523791000039e+00,1.396604833218999975e+00,1.707126812048942156e+03,2.773312059919440936e-03,2.871979936034740541e-02
1.162592472335000071e+00,5.873980784786000164e+00,2.115000484639999900e+00,8.106520610503756870e+03,3.507328597229886734e-03,3.144594125617838215e-02
2.661992000334000075e+00,4.134071758111000250e+00,1.168093883325999949e+00,2.254638377839973327e+04,4.559625452567847223e-03,5.391232375027181500e-02
1.698339979279999967e-01,1.410972693164000091e+00,1.740566936855999947e+00,8.462534444153207005e+02,4.684808940260199638e-05,1.602113961938563154e-03
2.122378172469999935e+00,3.741109875809999874e+00,2.132610624728000115e+00,1.710466128940086855e+04,8.142282512122680669e-04,6.941443987579004951e-03
1.076368432518000073e+00,3.194822102933000174e+00,2.017970594878999879e+00,7.364147822235463536e+03,9.721099502146441371e-04,5.933269090072521186e-03
7.438257961080000369e-01,4.604544475576999751e+00,6.871790748330000032e-01,4.669460167425178952e+03,6.176457126773944595e-02,2.691139558203750504e+00
1.072447576665999991e+00,5.913484873654000218e+00,2.099478515764999997e+00,7.330757796184635481e+03,4.225572134759920592e-03,4.425444696971318065e-02
1.827134823790999896e+00,1.953890250539999984e+00,1.145538668506999924e+00,1.422476031247605351e+04,3.970936777850407884e-01,3.488521143818443875e+02
6.537490806100000329e-01,2.139122240105999939e+00,2.385774603079000133e+00,3.994002306219339061e+03,1.257256386026915917e-01,8.338420370405412996e+01
1.794451981851000077e+00,1.312815681765999942e+00,2.000946017417000178e+00,1.391103177046008022e+04,1.365628609621691043e-03,9.073075126049519670e-03
1.985612658685000032e+00,5.258366106249000360e+00,1.436557306752000107e+00,1.576080427561373835e+04,1.789241242812604493e-01,1.405853215649800916e+02
1.283020083352000018e+00,3.705642313443000102e+00,1.848801261873000090e+00,9.167175701709653367e+03,4.363730702850483756e-02,3.091144996831078906e+00
2.674307606280000194e+00,3.607622980108999844e+00,2.891054323154000016e+00,2.267286662659864305e+04,4.260178305240593100e-02,3.622966091480940065e+00
1.276838557030999910e+00,1.480836072917000035e+00,2.086014487934999995e+00,9.112108963159722407e+03,2.290887700443742635e-03,2.033469245378986476e-02
2.666267287274000086e+00,5.792894316019999934e+00,1.604305471892000012e+00,2.259028112969908398e+04,1.143014593737174149e-03,3.075770132654464476e-03
1.862556344684999976e+00,1.032400264954999924e+00,2.093896583925999977e+00,1.456599066838182625e+04,6.406030130618200341e-03,5.042025643928378653e-02
1.102887515383000006e+00,2.586737740099999794e+00,1.959961868785000005e+00,7.590845460234432721e+03,1.153222090461560306e-03,4.037978141832780123e-03
2.121950039091000217e+00,9.596195792380000089e-01,9.142840040680000335e-01,1.710042977298025289e+04,7.457328432367953119e-02,2.667264325729108876e+01
2.879289025793999812e+00,2.044035640414000099e+00,2.637361885644000203e+00,2.479119615130778766e+04,2.539879243425381510e-03,1.101550747207314697e-02
8.631504704250000382e-01,5.830273464223999724e+00,1.721112407226000007e+00,5.601313278499119406e+03,5.712770895646023320e-03,5.647565808860853798e-01
2.914351122602000022e+00,4.966323980553999817e+00,2.465355780829999954e+00,2.515592432077923149e+04,1.969189079654329235e-03,7.375092142293340203e-01
1.643176653265000065e+00,2.916348944600999804e+00,1.878127779543000031e+00,1.247371958713338609e+04,4.402096313995387290e-03,1.102452636971841676e-01
7.623809059849999681e-01,1.708980425520999935e+00,2.550567442824999809e+00,4.811405731472652406e+03,2.225104503334866465e-02,1.535803816692662860e+00
1.448252301137999964e+00,9.313186750699999905e-01,1.543721750310000029e+00,1.066161317131263058e+04,6.792800132350170633e-03,4.032516529231980340e-01
1.991354814097000103e+00,2.703423959653000086e+00,1.798770883513999941e+00,1.581689909772144529e+04,6.857784282183127574e-04,1.072994978796873488e-03
2.787922802434999792e+00,4.268421758654000087e+00,2.534685516825000207e+00,2.384399184820736627e+04,1.933103211664218002e-01,1.563151534912935858e+01
2.833405145042000139e+00,2.504306101226999814e+00,2.806337503660000232e-01,2.431492263495766383e+04,9.487160669105463434e-03,2.904543257607619999e+00
7.098193000670000030e-01,4.889347695408000405e+00,1.036778783884999999e+00,4.411801948050986539e+03,4.430425506063473450e-04,1.687379332689386375e-03
2.484737932800999971e+00,5.517659890127999844e+00,4.253575449170000078e-01,2.073653794084044785e+04,7.820370869501745009e-03,9.311336687380804278e-02
1.110868679156000072e+00,4.534928652467000276e+00,2.523719702030999823e+00,7.659361185022247810e+03,9.514880709754979481e-04,5.359615036669181229e-04
2.894744060598000157e+00,4.428273776600000211e+00,1.911276516755999966e+00,2.495188160448454437e+04,4.519646057161397223e-01,4.049327297603103943e+02
1.714602744560000114e-01,9.575935745329999804e-01,1.680663937255000073e+00,8.551338232274088114e+02,1.035941918741283690e-01,1.218723748514056204e+01
1.041493721137999984e+00,1.936635604606999905e+00,2.742838759970000151e+00,7.068336331791233533e+03,6.458860909140101171e-03,2.270400993696643915e-02
1.260912419644999893e+00,1.073482376839999919e+00,6.397853006839999690e-01,8.970533747628429410e+03,4.045428921162420588e-01,1.651252858778375696e+02
1.627564532507000061e+00,1.907855360331000005e+00,1.611035585336000109e+00,1.232684618729571594e+04,2.692808186966732988e-03,1.571302900325621116e-02
1.900645674513999905e+00,6.102174993178000051e+00,1.142605787589999977e+00,1.493429238636574155e+04,5.404339058173827925e-03,2.486150482662461692e-01
2.311383372999999963e+00,5.525391375136000427e+00,1.894312138457999950e+00,1.898689725562458989e+04,2.027939453589493960e-03,4.465157840700227920e-01
1.461819142553000050e+00,5.874585942229999524e-01,1.323200357945000016e+00,1.078612372041596791e+04,1.310926922414222540e-01,6.163892060150547358e+00
2.401386183115000073e+00,5.905887652068000371e+00,1.275950325908999927e+00,1.989264553095695010e+04,1.715992304393505362e-03,2.840467847005439476e-03
4.226584671360000267e-01,4.985605763196000240e+00,5.171671674090000392e-01,2.376610643687551146e+03,2.496017162285540103e-01,2.369071052815248777e+02
5.399804238630000475e-01,1.639514002712000096e+00,2.377193971792999960e+00,3.175319255935079127e+03,1.919505906443263500e-03,1.305253344026177653e-02
5.127618421059999543e-01,4.400312918178999944e+00,2.281742206790000171e+00,2.985672228805065060e+03,7.178880715302754512e-02,9.122973883817941498e+01
1.520026939182000048e+00,3.037178192914999908e+00,7.518051079969999551e-01,1.132319399032070396e+04,4.138252427960287805e-01,3.214055277719973560e+02
2.027345339347999875e+00,3.990602920111999907e+00,7.822030334939999996e-01,1.616915647205595269e+04,1.962268471274053287e-03,3.111921170798096718e-03
