1.681418538251999939e+00,1.161099448499000042e+00,4.489672427420000056e-01,1.283467729903513646e+04,3.947737054984900018e-01,8.211833974342239344e+02
1.482080044254000084e+00,3.997699752459999978e+00,7.970371125099999510e-02,1.097254587000408173e+04,4.305582392411858028e-02,3.678875096902374520e-02
1.126436883111999965e+00,5.480282271877999989e+00,1.573721399277000055e+00,7.793386066165631746e+03,7.787191952611724477e-04,1.260386229191821179e-03
2.740207590359000189e+00,5.567688647869999841e+00,2.084503976374000089e+00,2.335122244141420379e+04,4.499865115449295551e-03,1.637208178036977380e-01
2.039346622669000020e+00,5.067908749317999728e+00,1.805673061837000049e+00,1.628687198745778187e+04,3.317304633420634606e-03,1.705895143241041578e-01
1.834868762076000026e+00,3.990316760574000199e+00,1.542308014687000073e+00,1.429915799413612876e+04,8.433932496119861443e-04,5.635823177553672377e-04
2.397284124991999832e+00,6.022756172252000439e+00,1.641768281737000068e+00,1.985123840602706332e+04,1.164063952343041136e-03,3.905630546770818418e-02
2.500087673446000025e+00,9.038339351609999683e-01,2.124708555355999895e+00,2.089246016206811328e+04,3.540858756844084826e-03,2.943775549951535217e-02
2.270037976928999779e+00,2.287094181790000069e-01,8.028027688219999680e-01,1.857280287516497629e+04,4.637975227690462748e-03,3.691493163725465682e-02
2.059850941904000088e+00,6.075529655160999631e+00,2.877850072824000183e+00,1.648827857135116938e+04,1.138564568471399537e-02,1.199661217747218928e-01
