1.940263165845999893e+00,1.086128459605000041e+00,8.846243092600000191e-01,1.531883769561314512e+04,1.099062258496906995e-02,3.949309371674545877e-01
1.975397816704000054e+00,4.278893235567999831e+00,9.706316488320000380e-01,1.566108933631625769e+04,8.359011401676297867e-04,2.310805575026627311e-04
5.985361063999999898e-02,2.020267582139999796e+00,9.604493303759999989e-01,2.790857533201642582e+02,3.692642071763153032e-03,6.648812636387879671e-02
2.903017632432999928e+00,2.899015602052999796e+00,1.818959449592000066e+00,2.503795567401704102e+04,9.621443798404709022e-03,3.224911232209488055e-01
2.028468306595999859e+00,5.422543652729999941e+00,1.655108502490000078e+00,1.618016574929839589e+04,1.322405521807416958e-03,2.669338573544913218e-03
1.284252492078000074e+00,4.795781289159999794e+00,1.944998537642999903e+00,9.178162055007460367e+03,5.839145798791755410e-04,8.345299820639086883e-04
1.446754234081000012e+00,4.220952370330000036e-01,2.270709696982999848e+00,1.064788039893439600e+04,1.021946819474497947e-03,2.974915384193123780e-03
3.557966865439999848e-01,5.325072032502999875e+00,2.117172210389000053e+00,1.944666211567827986e+03,8.523472289348552750e-05,2.261982914402753332e-05
2.028551306350999894e+00,4.234382764280000266e-01,3.732438296030000102e-01,1.618097950442251567e+04,1.893702234864179683e-03,4.763481290994754300e-03
2.644907677102000143e+00,5.267149724435999936e+00,2.164677749748999958e+00,2.237107951919700281e+04,5.497165054056085166e-03,1.932027584285365140e-01
2.010458017219999949e+00,5.516472231916999647e+00,3.900261158519999771e-01,1.600372917228784172e+04,6.828527291841718361e-03,1.436107108043886416e-01
2.562815561514999896e+00,4.831728536187999801e+00,2.444157925725999991e+00,2.153126318652189730e+04,4.018758832593494895e-03,3.071806796645719720e-02
7.134858134099999472e-01,5.749299279673000029e+00,2.932234758687000120e+00,4.439430732059385264e+03,6.072095545520342363e-02,3.037225673462031206e-01
2.128702161869999998e-01,2.883662936410000266e-01,1.272101679089000070e+00,1.085815612344639931e+03,6.670335836170904198e-01,7.209085955016089429e+02
