2.747737201406999841e+00,5.111932944248000155e+00,1.295585761222999954e+00,2.342889459577170055e+04,7.096929786417839787e-04,1.568373966310436041e-03
2.339396366994999976e+00,6.147365373675000022e+00,6.847160290699999541e-01,1.926818063004611395e+04,1.607504865809107619e-02,1.517231167155482341e+00
2.016969318565999814e+00,1.113800391652999933e+00,1.652487499277000005e+00,1.606748384455119776e+04,2.611476525089469897e-03,3.102020993234300833e-03
4.901799798170000111e-01,1.296654362993999943e+00,1.767012235731000080e+00,2.830272440425443619e+03,1.494255214466181031e-04,3.916026048843302012e-05
5.935371141299999875e-02,3.964109802328000143e+00,2.701114731150000114e+00,2.766647641552400501e+02,1.641162065335421527e-04,9.619301263012800093e-05
2.705922527509999842e+00,3.286045869966999877e+00,1.913668339308000066e+00,2.299797809118468649e+04,5.925078959560153846e-01,6.467518674552809443e+02
2.133073829949999833e+00,3.577797754595000157e+00,2.620996652069000010e+00,1.721042258752172347e+04,5.367084531273150737e-04,1.529550752413553951e-03
2.961874496652999955e+00,4.983748903638000272e+00,1.681499522366999955e+00,2.565134511529235533e+04,9.561015329111538985e-04,4.377489691589459345e-03
4.030806427790000201e-01,2.667132772367000193e+00,8.894624923559999452e-01,2.248289992181324124e+03,6.114248091904504918e-03,1.411799066353347232e-01
1.574466584160999938e+00,3.781444549583000025e+00,9.633714674640000419e-01,1.182949456560018552e+04,1.732006606874085530e-02,4.235579277287107036e-01
1.805102014063000082e+00,2.615507109890999882e+00,2.257638815725000025e+00,1.401314370624003277e+04,4.469557277894913440e-04,5.471379714231586590e-04
2.106365534503999992e+00,3.686671821766000168e+00,2.129453789273000108e+00,1.694650033774556505e+04,1.177320765428891552e-02,5.776030091477907247e-01
2.999938534183999916e+00,4.642734984954000055e+00,7.174513418769999928e-01,2.604902358042215201e+04,2.317047316108331034e-02,9.792172684342755673e+00
