8.558591391750000055e-01,5.132877482785000112e+00,7.368056078119999963e-01,5.543131333220345368e+03,1.699424027837969503e-03,6.119844089917805341e-04
2.586041534307999878e+00,1.835781544967000078e+00,1.505911305781000076e+00,2.176843668647090453e+04,6.120536520470659615e-04,1.186497821618371544e-03
1.737219251251999941e+00,1.733657260270000111e-01,1.900430936600000065e+00,1.336431489030808734e+04,3.454543762601958602e-03,6.971346331710462363e-02
1.682467998649999963e+00,3.553716445486000186e+00,8.113565719680000399e-01,1.284460633145494467e+04,3.917774220214278948e-04,4.500504553568487063e-04
2.621450855916000133e+00,5.748458473429000293e+00,1.122966776354999974e+00,2.213068014678766849e+04,3.112407545883692610e-03,6.271332092207411966e-03
1.505065067692999969e+00,1.413485356683999994e+00,1.048486461653999946e+00,1.118471079936332171e+04,6.564264986886659842e-04,1.009175325218191963e-03
1.260329414512000090e+00,7.939961564020000528e-01,1.748348427277000017e+00,8.965359380953628715e+03,1.294851591685594605e-02,2.227436326084364371e-01
1.379616738209999971e-01,3.615574295539000005e+00,1.173360145348999906e+00,6.750274030707456632e+02,3.599808126160009979e-04,8.904203566422898134e-05
2.852671023695999786e+00,4.957127554002999759e+00,2.161220769123000096e+00,2.451475921756275420e+04,3.026092648058041623e-02,5.749464875871384884e+00
1.450391619462999993e+00,4.920362833991999807e+00,1.042740144187999984e+00,1.068122981196312503e+04,4.051275265621830102e-03,1.040359602747458062e-01
1.425821315307000070e+00,4.692070924631000395e+00,2.036490145505999827e+00,1.045632312810484837e+04,1.582775140023230317e-02,8.345445146850271056e-01
