8.089591299800000246e-02,2.992080889412000122e+00,1.458727876403000057e+00,3.823261019530673934e+02,4.587563779934102776e-04,1.565814525812883910e-03
2.884292337214000135e+00,1.605646693508999912e+00,2.253218659718000172e+00,2.484320086925672149e+04,2.704760707061502553e-02,5.229798207614726024e+00
2.784847845838000158e+00,3.864840989369999757e-01,5.377013003339999875e-01,2.381219612825445074e+04,3.705739320139858628e-03,2.708964285606340477e-02
2.077335969297999796e+00,2.445413411716999885e+00,1.685738487412000053e+00,1.666031183791379590e+04,2.301677762599124710e-01,2.033571378830705214e+02
2.779388250301999985e+00,6.084223795417000424e+00,7.629908534479999949e-01,2.375575494668784449e+04,1.716411060297175495e-01,2.107835716927387750e+02
2.462960781989000036e+00,2.929139971042999946e+00,2.043298849295000164e+00,2.051559772703609633e+04,2.368496089890492484e-01,1.619720163324231521e+01
1.566928373134000019e+00,3.710941502080999932e+00,2.868579849350000099e+00,1.175916510055992148e+04,1.382845006667771937e-01,1.038449456644929541e+02
9.150952830880000333e-01,6.258830458362999671e+00,9.584237239809999531e-01,6.020129233912891323e+03,9.610259700133191342e-04,5.061357592735144656e-03
2.807650487594000044e+00,4.640523904089000062e+00,2.741594386303999986e+00,2.404811066621227656e+04,1.084121094553753759e-02,2.063257970855693901e-01
1.176696110326000078e+00,2.244668504886000004e+00,9.877841866219999600e-01,8.229360759209877870e+03,5.323940060681232878e-02,3.074801189338418617e+00
2.142560702817999818e+00,1.330039712185999923e+00,1.401651853346000065e+00,1.730430927291915941e+04,3.271493530256493892e-02,1.457857273153491340e+00
2.660350366799999922e+00,5.993689885663999739e+00,1.876850161929999983e+00,2.252953100486694166e+04,1.450267143808753193e-03,8.023272590783650862e-03
2.040369646159000183e+00,5.395314293867000011e+00,1.392220784627000052e+00,1.629691220690804766e+04,5.878881738107544566e-03,2.736419551675447481e-01
2.136044229181000009e+00,5.133407897996000280e+00,2.719502269853999898e+00,1.723981121206925309e+04,5.042495490854993941e-03,6.601110540599650078e-02
9.453181072580000288e-01,4.793107840199999775e-02,2.640925687314000125e+00,6.267151202319589174e+03,3.065521072760422211e-02,2.270190508848326090e+02
1.285063985113999996e+00,3.570245699840000064e+00,1.583524465598000086e+00,9.185397506384859298e+03,6.241491116150649048e-05,3.836015640025093165e-04
2.419466864453000188e+00,3.568244798430999953e+00,1.269426429534000089e+00,2.007529645199822335e+04,2.978957579114144827e-01,1.192702876780161745e+02
2.105225908173999905e+00,9.906720243209999888e-01,4.663900203660000243e-01,1.693525203410704489e+04,1.187461440492939245e-02,8.948126804192032546e-01
2.532336931071999864e+00,3.053261873963999840e+00,6.074823617900000361e-01,2.122055602364781589e+04,3.515166461039620233e-03,6.914475780849498564e-03
2.201941238538000167e+00,1.809455983279000035e+00,3.334707734660000145e-01,1.789360977741407260e+04,1.664318955368787947e-02,5.873305244383946189e-01
2.474910789956000112e+00,3.522787673574999889e+00,1.181649360905000057e+00,2.063679704841628336e+04,1.933051916050473841e-03,2.415979699905199726e-03
1.102643408487999910e+00,4.088814647777000211e+00,4.500027790439999897e-01,7.588751964458285329e+03,1.218706076283541800e-01,3.552160578890001830e+01
1.081447906639999984e-01,4.554487131592000360e+00,1.274793177979000047e+00,5.198161760779280485e+02,7.546388113154635091e-01,5.276188673364918458e+01
9.777704100580000279e-01,2.792061775980000160e+00,5.735033036650000193e-01,6.534994715632208681e+03,2.742862467037262553e-01,1.339610029867600076e+02
1.919687847330999952e+00,1.544165223749000004e+00,1.824730992644000072e+00,1.511894015704560661e+04,2.370453826647805559e-02,6.732477568857394346e+00
1.526261740100999909e+00,1.976560603547000028e+00,2.738547381105000067e+00,1.138098760398370177e+04,8.162448026139180763e-04,1.055814094070427200e-03
1.784086321471000103e+00,4.533240436810999974e+00,2.392653061559999905e+00,1.381175870072426005e+04,2.124334283661935899e-02,1.334158062041593373e+00
2.201302917356000144e+00,1.368185860142000054e+00,2.691536294682999930e+00,1.788726013139169299e+04,1.382491235770076828e-02,2.567440965337406400e+00
1.937043431913999969e+00,4.246659653810000101e+00,7.219464448769999931e-01,1.528753055414477785e+04,1.323645009693398371e-02,7.274787038445166276e-01
1.911192358364000032e+00,1.486747851635999984e+00,2.463110317578999897e+00,1.503651887216175783e+04,7.365427986358424883e-02,2.951277429168555599e+01
1.999758327447999973e+00,1.681867887252999960e+00,1.083203412640999952e+00,1.589904581981330557e+04,8.686145376513134675e-01,6.407894788432477071e+02
2.892302781591999938e+00,3.656736981015999977e+00,1.788903048137999940e+00,2.492649092362918600e+04,5.096668777601902622e-01,8.169931839586612341e+02
1.999965372470000058e-01,5.057317638798999759e+00,1.311798751079999992e+00,1.013171567534748419e+03,3.370180564602851536e-01,5.033556035563501609e+02
2.233337466837999941e+00,2.735373319065999898e+00,2.191479838134999802e+00,1.820631155649926950e+04,6.649091603779272441e-02,9.597719215010653837e-01
1.301852408053000065e+00,5.826700919462999728e+00,9.075792957049999554e-01,9.335333568232092148e+03,5.618502262203217950e-04,1.285642099129837620e-03
1.386846787490000066e-01,5.568726050322999832e+00,1.002414207273000013e+00,6.788514176133721776e+02,1.295281721505321757e-05,9.579104962030437554e-08
2.264099833593999911e+00,1.994399279733999997e+00,2.463228285222000213e+00,1.851343498564581023e+04,9.044138888138463991e-03,1.564095371535920709e-01
2.643002522249000119e+00,9.861579729010000461e-01,1.154634709705000040e+00,2.235154154900430149e+04,1.504569499708198303e-02,1.385630998680762449e+00
2.061448892570000024e-01,8.711861056330000297e-01,1.174958825635999959e+00,1.047762599843281123e+03,3.694736601476877533e-03,4.557853019968514420e-03
6.263621014210000171e-01,4.203890807877000313e+00,2.060549893481999906e+00,3.793255448886545764e+03,1.129931644061556075e-03,1.448234963381973828e-02
2.484571280639999991e+00,5.820335855078000442e+00,2.502626598893999965e+00,2.073484596575918840e+04,1.434537753286198661e-03,9.720763546177912896e-04
9.825753662849999737e-01,8.480050986470000218e-01,1.413605740169999958e+00,6.574874059634296827e+03,5.834706032376792487e-03,4.322370396768324130e-02
1.836836653410000020e+00,1.256804618751999891e+00,1.202848405944999977e+00,1.431809797367373358e+04,2.180245732390223845e-01,8.403707639302637062e+02
2.398731909027000064e+00,4.398283644280000182e+00,4.352488880709999841e-01,1.986585169734311785e+04,5.161007383583869901e-01,7.645776335073738892e+02
2.202095132519999998e-01,2.382847880742999802e+00,1.434708690851999924e+00,1.127597883081044984e+03,2.416330194518528929e-02,3.940797126512348703e-01
1.054112151985999946e+00,5.233443260140999698e+00,2.594455064018000190e+00,7.175057524953654138e+03,1.835148606467593146e-01,3.163693842344410356e+01
1.573517586454999950e+00,5.611692241233000367e+00,9.940430340850000546e-01,1.182063680547028162e+04,1.115356149537738255e-02,2.857516909264399274e-01
2.418498473067999921e+00,2.855124932063000109e+00,4.268580348420000226e-01,2.006550803336198805e+04,2.822482610848721721e-03,1.414858748969215381e-02
1.709587430939999986e-01,3.198103757115000167e+00,1.163080726655999930e+00,8.523937139954922486e+02,1.756248967935764363e-02,3.842135240314914491e-01
1.129072563390000061e+00,2.309008732255999785e+00,6.807493962370000373e-01,7.816125045137842790e+03,4.361861199723875843e-02,1.625196556996875330e+01
4.764486365299999693e-02,1.237641226874000022e+00,1.035518048056000007e+00,2.203852999024077519e+02,1.110312111524857370e-01,2.531732557195077504e+01
1.025941434880000003e-01,2.761562822230999803e+00,1.032624310963000003e+00,4.914673121500027833e+02,1.776215519068128496e-02,3.595917447838500869e-01
1.463596528347000048e+00,1.551241268180000021e-01,1.996892855055999894e+00,1.080245486987060031e+04,4.711170098512546534e-01,1.704270456812345174e+02
2.597225238636999833e+00,1.865676003139000061e+00,2.142868053086000035e+00,2.188276303669920890e+04,5.103306322142535899e-03,2.955382291716773108e-02
2.876792508698000184e+00,1.357776107842000091e+00,1.310924033115000054e+00,2.476525203616417639e+04,7.133939551973868254e-02,2.069495446116889070e+00
