2.997552197280000108e-01,4.427955788115999880e+00,1.139789189737999919e+00,1.596917761762086229e+03,9.535372437630035281e-02,7.677195614892806930e+01
2.144306607293000155e+00,9.751385675639999695e-01,2.528537895044999928e+00,1.732159553374995085e+04,5.596576297251491458e-03,4.513670248434592351e-03
4.573962096859999771e-01,6.167832884193000353e+00,1.337900484281999924e+00,2.607902299650855184e+03,1.806072891985568973e-02,2.252834310976473908e+00
1.945530955986999988e+00,2.444009591684999982e+00,2.285545320156999960e+00,1.537007933234274788e+04,6.148524682047427220e-02,2.432338383160354311e+01
4.602739517150000181e-01,6.413670757110000453e-01,1.103281673214999925e+00,2.627265239679184560e+03,1.199800963236333784e-01,1.243959424170223294e+01
2.794333019636999982e+00,3.128616168354000138e+00,1.855660245284000087e+00,2.391029269309457959e+04,1.000640230347301686e-03,1.410894247690929826e-03
2.161142028022000172e+00,2.471411597292000106e+00,2.748535931259000087e+00,1.748841005697444052e+04,2.273286876625391917e-01,5.641768054807968724e+01
5.269831206749999719e-01,6.162372989854000060e+00,1.328042706525000005e+00,3.084445404355683422e+03,3.438672339743376050e-04,5.636475949766328684e-04
2.370544477571999931e+00,1.854673519929000092e+00,1.552477394697000079e+00,1.958161373616620403e+04,5.364536093403599049e-02,1.162534869922800311e+02
8.786847453770000316e-01,2.636607178909999849e+00,3.673045384220000042e-01,5.725776491442946281e+03,1.164830918585585684e-01,2.636459450857573383e+00
1.797212995848000094e+00,1.994218549853999933e+00,8.511818578940000268e-01,1.393749304234726696e+04,8.629772452622466164e-04,2.806667208819158682e-03
2.977316674661000029e+00,2.463968864214999943e+00,5.021678641550000322e-01,2.581258673938204083e+04,1.188634518112609700e-01,1.097104201495309468e+02
6.100194805799999953e-01,1.274049538834999939e+00,2.490963319656000152e+00,3.674542696175156834e+03,2.692083440002997555e-02,1.320485982619847565e-01
2.833464841567999937e+00,2.493711832409999940e-01,2.464987439786999968e+00,2.431554149150588637e+04,3.549007175993578941e-03,4.851997111343053087e-02
2.907527336762000036e+00,5.301515921795999731e+00,6.552964907270000250e-01,2.508488818460490074e+04,4.223179904256356698e-01,3.299318011100078252e+01
2.176374623541000197e+00,9.827699325040000211e-01,7.125529524420000094e-01,1.763953910371669190e+04,4.776677383726659482e-02,8.287399483117605214e+00
2.910090869709000216e+00,4.380759549726000124e+00,1.341506484354000106e+00,2.511157188196160496e+04,1.111773992951177806e-03,8.757440840909597179e-03
2.099958603646999933e+00,3.510411766300999936e+00,1.053294911212000029e+00,1.688327691280815998e+04,1.660807034990080880e-02,2.578990922603663360e+00
1.655171703591999943e+00,5.278858407790999685e+00,6.480416927840000341e-01,1.258675764251281907e+04,6.483396857546726115e-03,3.466946009842983289e-02
2.570669607310999805e+00,2.613270850980000115e-01,3.386083219320000226e-01,2.161142662657129404e+04,1.376381152000275346e-02,7.403579451434738612e-01
2.289291780935000187e+00,7.114505174470000526e-01,1.897008800715000110e+00,1.876548010967115988e+04,5.656785789680783549e-03,5.427326404750526523e-02
1.342455441487000023e+00,2.660101849899000115e+00,2.674696557053999779e+00,9.699858590021343844e+03,1.385209447793986082e-01,2.562918090165441640e+02
1.247385536586000043e+00,7.107306523299999901e-02,1.995565645689999945e+00,8.850629881403030595e+03,3.507126669729700857e-02,1.672624877535357601e+00
3.968325601839999828e-01,5.961719367198999642e+00,1.313948467389000063e+00,2.207653610057303922e+03,3.662252935475821002e-04,1.332510657475767372e-04
3.976305204939999949e-01,1.401074693525000026e+00,4.027872199870000114e-01,2.212834796265062323e+03,4.322974950486893619e-02,1.480572666360809464e+01
2.643520430920999864e+00,5.648097679822000394e+00,1.069139911286000055e+00,2.235685269614295248e+04,2.067310286550197995e-01,9.551675803129045050e+01
2.573431833417000103e+00,4.348543695613000359e+00,1.764473328537000008e+00,2.163962909164273515e+04,1.764681348406098391e-03,1.417996360367648929e-02
7.970904913770000544e-01,4.408950222470000013e-01,2.479390450817000158e+00,5.079934338555889553e+03,1.615207917046088473e-02,8.255169932701968138e-02
1.370474888543000036e+00,3.383929707250000085e+00,2.137818750314000038e+00,9.952933003459387692e+03,2.572786838703641429e-02,8.550016981290393669e-01
1.461348536839000012e+00,2.320456078107000053e+00,1.884715989929000024e+00,1.078180039796206256e+04,5.932675362071685582e-02,1.704005217446572074e+00
2.329490342300000183e+00,1.231714180373999934e+00,2.469759728017999922e+00,1.916864683589999186e+04,1.374008072894885787e-02,6.358948646081417078e-01
2.289042246020999816e+00,3.429347006286000088e+00,1.532367765470999954e+00,1.876298116647136703e+04,9.767798288007539104e-03,2.375996175736546367e-01
2.648241415298000057e+00,5.730867831832999748e+00,2.243820725962000218e+00,2.240527325203269356e+04,2.219438279974484882e-02,7.413937710688385252e-01
1.028313671187000011e+00,3.507698951335000093e+00,1.478694844739999903e+00,6.957248178617228405e+03,1.768126055078615005e-02,5.341256460373395853e+00
2.124108350364000142e+00,2.264866705934999835e+00,1.744888195921999952e+00,1.712176337528520889e+04,1.803066342417095416e-02,3.942801279266733294e-01
9.224271951529999791e-01,1.843173432386999933e+00,2.275951263559000015e+00,6.079835640097353462e+03,5.840965079784293801e-04,1.073809732373651312e-03
2.888239692423999916e+00,4.319396960429999766e-01,1.429248927831999971e+00,2.488423985113613526e+04,3.192699319644013572e-02,9.929340376901420129e+00
1.851077452905999898e+00,4.890660166281000087e+00,1.621287609286000020e+00,1.445527345891206278e+04,2.132433185943863330e-01,4.122239343227871444e+01
1.658327584957000056e+00,3.695386659589999789e-01,2.880119501804999871e+00,1.261652563316606029e+04,4.783321453462340833e-01,5.450676262038952018e+02
2.380259998392999954e+00,1.064901205555000008e+00,1.360210367212000060e+00,1.967951965664784075e+04,3.041378172017848366e-02,5.799864808210489775e-01
7.099275626690000340e-01,2.736174787043999856e+00,6.364216594029999952e-01,4.412617223258606828e+03,2.310253243768430314e-04,5.072219740228183209e-04
1.119374511066000055e+00,9.165292052119999866e-01,2.752903738830999814e+00,7.732525566013403477e+03,2.766868034686527540e-03,5.945389741992747334e-02
1.098897029830000038e+00,1.369365027933999945e+00,1.315319128575999974e+00,7.556638090155390273e+03,5.789248281046087592e-05,2.636484426853512878e-05
2.413643517808000016e+00,5.295480083170000185e+00,8.468096909110000015e-01,2.001644416282241218e+04,2.690464688919429193e-02,3.296859391607083190e+00
2.232105585364999811e+00,5.035853502570000195e-01,2.063313782819999886e+00,1.819402886385436796e+04,7.219617148887987057e-02,7.040879378786935483e+00
6.239657482499999519e-01,5.219838846953000377e+00,7.593055592420000499e-01,3.775797324481024589e+03,5.614497061201692779e-04,8.376264008831419555e-03
1.281927774009999910e+00,1.561392389090000110e+00,2.107221450902999837e+00,9.157440420534088844e+03,1.036420167523473962e-03,6.969501886526239046e-03
1.303858062545999896e+00,6.106589016836999839e+00,1.722603109645000075e+00,9.353277175814760994e+03,5.236147174909792923e-02,1.350799814424308742e+01
1.899643400515999891e+00,3.829652647429000023e+00,1.201876564381000101e+00,1.492458282065729691e+04,8.390238749868252294e-04,3.271828731525306538e-03
1.769130237431999930e+00,3.509166148948000163e+00,3.023399262022000045e+00,1.366871969760877982e+04,2.882782192901054471e-03,1.271418781557046018e-01
5.110548688780000015e-01,4.826492489119000417e+00,4.198088414419999803e-01,2.973863302965862204e+03,7.721967647097231768e-02,1.162281980020178374e+01
2.100469096169999883e+00,3.511169313313999840e+00,2.848771194580999921e+00,1.688831318707428363e+04,5.552811573163589018e-03,6.782749186564125676e-02
2.576821554573999862e+00,3.530667489288000116e+00,1.655621716423999912e+00,2.167424497543938924e+04,5.135413175049279889e-03,1.136220740548380403e-01
1.369324362673000062e+00,1.546769907800000024e-02,2.470063248688000090e+00,9.942517451257395805e+03,3.507019424864131398e-03,1.931176696767784862e-02
2.752412247495000130e+00,5.249353612125999824e+00,8.062467144839999822e-01,2.347713725109912048e+04,2.132941414484219311e-01,2.617329688133497712e+02
9.472922961899999938e-01,3.670216868668000121e+00,1.612938666965000101e+00,6.283369145282306818e+03,2.186793994882550718e-02,1.964115745842393235e+00
2.923222162153999992e+00,3.826840696189000024e+00,2.775991308211999797e+00,2.524831050157756545e+04,8.483267681894324230e-02,2.356141491932388643e+00
2.454364755867000092e+00,9.786672670599999568e-01,1.430819693444000062e+00,2.042847498028803966e+04,1.688396202245066521e-02,2.998590867910051028e+00
