2.712839109486000044e+00,1.815658137812000028e+00,2.196437962957999979e+00,2.306918429244872095e+04,4.848269380595999350e-02,1.372131289640143859e+00
2.555299914020999985e+00,4.266401209817000328e+00,1.169732701827000065e+00,2.145459081771747879e+04,3.287934310862007659e-02,1.580659153137122797e+00
9.339013533590000415e-01,1.029291546762000076e+00,2.554939827364000049e+00,6.173558029675521539e+03,3.514342808345246455e-02,2.604415639284434203e+00
1.183010649976000028e+00,5.715227529859999933e+00,1.180476443000999964e+00,8.284482290838504923e+03,1.849691817662690863e-02,6.099422433037194891e-01
1.658089619095000078e+00,3.594661367376000172e+00,7.803541612540000338e-01,1.261428062221181972e+04,1.463413853451673297e-01,9.699459866791389828e+00
2.550205633483999978e+00,1.110218301221000070e+00,2.496663348459000176e+00,2.140264126348218997e+04,2.488436995725221978e-01,1.900404189188996895e+02
2.864211298153000129e+00,5.221951924336000417e+00,6.054879552390000086e-01,2.463456039110888378e+04,8.799484588279547770e-02,1.360433672629637236e+01
4.132346605200000189e-01,3.407318711797000077e+00,1.487011889286000033e+00,2.314657207229876349e+03,3.306554715834892841e-03,2.329872487174762963e-03
1.943501046731000104e+00,2.316879471741999819e+00,2.008730904872999989e+00,1.535033089896461388e+04,2.877256836087948438e-02,1.973418011672984251e+00
1.486815679233999932e+00,1.561193770010000093e-01,8.258774443270000543e-01,1.101620006928433395e+04,1.664392367250128180e-02,2.701786485105346358e+00
6.582157234619999686e-01,5.124349114935999872e+00,1.377803740595000104e+00,4.026953744899527464e+03,1.144053506997627168e-03,3.015230847933062647e-02
2.483111564752999989e+00,2.842603889738000156e+00,2.570436888315000168e+00,2.072002671692085278e+04,3.055145856878959537e-02,3.666102094661019883e+00
2.157759244121999931e+00,1.642741646848000059e+00,1.492433946722000027e+00,1.745487335803773385e+04,8.261992303240928148e-03,2.620743300068539838e+00
1.396726452033999921e+00,5.497655526237999801e+00,2.640256861160999780e+00,1.019113000811497841e+04,1.987300997738437880e-02,7.811506743172483835e-01
1.013622272839999949e+00,1.476974449152000046e+00,5.380989270639999766e-01,6.833890990856759345e+03,5.407540654097481303e-01,7.877912189974021828e+01
8.871508739399999732e-02,6.650464039190000509e-01,2.849759406070000001e+00,4.213458287709349861e+02,1.177881603474326827e-02,7.811301969436518222e-01
