1.177357656859000068e+00,3.657771685699999775e-01,1.486335345002999908e+00,8.235132069376297295e+03,5.662000713966623385e-04,2.261503429824440357e-04
2.051202647855999928e+00,1.241348810295000105e+00,1.068316362190000035e+00,1.640328551122069985e+04,1.433413558749784822e-01,3.391863043022102175e+01
2.108732562164000068e+00,1.514729234582999906e+00,9.807813856139999675e-01,1.696986673289749888e+04,3.730074965501954318e-03,2.123531937260842578e-02
7.508203492420000291e-01,1.123426316024999982e+00,2.302529654984000196e+00,4.722841095166055311e+03,8.892150906033560384e-04,5.301278227566916896e-04
7.394175799319999687e-01,5.111932944248000155e+00,1.382284470416000000e+00,4.635884367002580802e+03,2.765582050699664715e-02,1.807536517282493982e+00
7.505033593409999870e-01,2.357083099686000160e+00,1.131658420248000008e+00,4.720419096400230046e+03,1.842177178177933916e-02,2.168421150019357313e+00
7.073710353729999456e-01,3.975559350151999904e+00,1.564713405010000002e+00,4.393373853228812550e+03,1.212484248833298802e-03,3.214042252046091317e-03
1.786608525806999914e+00,4.129413879559000300e+00,2.237186836333000084e+00,1.383590388594223259e+04,1.329792229385117668e-03,4.040408323227355492e-02
1.449987493509000025e+00,4.323594584823999831e+00,3.867462618790000195e-01,1.067752356286957547e+04,7.440775854078964186e-04,2.291287760007958401e-03
9.600578848020000500e-01,3.151195337683000197e+00,1.361814181945999902e+00,6.388478180678118406e+03,1.428701453156124013e-01,9.175380299030119602e+01
