2.606924576777000180e+00,1.254652794949999983e-01,1.924137903022999918e+00,2.198197822986612300e+04,8.061606695994685823e-02,1.635846435598619166e+02
8.251270054599999515e-01,3.836680556765000194e+00,2.561550519603999820e+00,5.299610032897686324e+03,7.697196290214644576e-02,6.401576137311729475e+00
9.815651156870000005e-01,1.092245613193000064e+00,2.215335847513999923e+00,6.566484665501557174e+03,2.761360693404877817e-02,2.023753612182654482e+00
1.452964311934000108e+00,4.664193675649999982e+00,2.790077376445000201e+00,1.070482865378896895e+04,3.943042894324760850e-01,7.954329005946699738e+01
2.132886270759000169e+00,3.008590233706000205e+00,9.495750541919999455e-01,1.720856715025119411e+04,3.018442550293618520e-01,3.464389841929228737e+02
2.924465896610000115e+00,1.909042858148999988e+00,4.956001150920000264e-01,2.526126660355301647e+04,3.953166057002550221e-02,3.257682957199025120e-01
2.054035659094000099e+00,3.525057655358000197e+00,9.713546580080000270e-01,1.643112135773509726e+04,1.197042704813752606e-01,3.742960248216903807e+01
2.267742668849999921e-01,3.619272128580000025e+00,7.768826394340000441e-01,1.165194622060093934e+03,4.848979807058788061e-01,3.098259466601824030e+01
3.093705723890000092e-01,7.655448485360000221e-01,3.807284988599999864e-01,1.655613862018235295e+03,5.704833415155284148e-04,3.352304443988979982e-04
1.288764319697000005e+00,3.064501129476000063e+00,9.209603474840000192e-01,9.218404571703191323e+03,2.518747974120344284e-03,6.415397696388223762e-03
1.405192126313999923e+00,1.981265871428000036e+00,1.913605513228000099e+00,1.026816443959868047e+04,1.181497747326567573e-02,6.788167831146907361e-01
1.293090262231000098e+00,6.090579134288000240e+00,1.827745012123999979e+00,9.257021078688592752e+03,8.419345021047348609e-01,5.251334977946846720e+02
2.230737261868000143e+00,5.984613433095000268e+00,1.269497445612000064e+00,1.818038496589266288e+04,1.222367727697010603e-01,8.908680155078955920e+01
2.596016562482999834e+00,5.565924187230000264e-01,1.739417712750999989e+00,2.187040290262934286e+04,2.088883562011700779e-02,8.985886740243943516e-01
1.006457767462000108e+00,5.639662644640999645e+00,1.905867842131000023e+00,6.773916013693860805e+03,1.055793532313444548e-02,3.745763474651905151e-02
1.567625327385999912e+00,2.949152077072000111e+00,1.931032279747000091e+00,1.176566455988605412e+04,6.984137607062879116e-02,1.216088123776281549e+02
8.306021262000000405e-02,1.806190139978999909e+00,6.741338323779999531e-01,3.930912501002905515e+02,3.339810074328276174e-02,1.090899985942029247e+02
