1.720094993865999955e+00,4.012532292292999792e+00,1.075925075933999997e+00,1.320141438909061981e+04,5.301245885028217364e-01,1.415646165802420597e+01
8.090022094319999635e-01,3.123519768525000018e+00,7.278556735790000509e-01,5.172970585156691413e+03,3.712157889604383648e-04,1.612235075007005004e-03
1.809600660487999946e+00,1.675765199258999916e+00,2.482563441507000146e+00,1.405631139062469083e+04,8.689906290814597423e-01,5.295542785305871547e+01
1.841889118544000059e+00,4.498104028583999714e+00,1.923346498357999979e+00,1.436674313607301701e+04,2.539425203373241093e-03,3.742158112824408439e-02
1.890036332191000090e+00,6.081197429730000437e+00,2.084199856465000167e+00,1.483156560358816205e+04,1.391260733156976341e-02,4.036776332722116778e-01
1.468113834073000001e+00,2.684782311545999889e+00,2.129893716974000206e+00,1.084398096258985061e+04,2.589333492756648245e-02,1.545973926997022740e+00
2.212407516698999821e+00,2.861634298667000031e+00,1.985921109518999916e+00,1.799776736769171112e+04,3.524175545128585118e-03,1.143005313379475557e-02
1.097339753051000066e+00,4.823658265794000144e+00,3.148728701940000096e-01,7.543297777466557818e+03,9.708275537997634874e-03,3.365228122555947721e-01
7.607919193550000125e-01,3.000902081899999851e-01,1.432692900728000041e+00,4.799206340128269403e+03,5.131304353802467952e-03,1.060634372601249598e-01
2.365531500428000200e+00,2.591685372705000212e+00,1.305137336265999926e+00,1.953112245355458435e+04,1.944613816095799213e-03,1.015795951932604996e-01
1.519469173495999970e+00,4.226568021559999888e-01,6.567363071709999556e-01,1.131802622010179948e+04,4.099222983859617496e-03,1.628382730961021665e-02
9.118513623299999704e-01,1.625983628373999901e+00,1.169357919574999904e+00,5.993758457693781565e+03,2.596048892204911307e-01,1.166597835037980602e+01
2.084177089745999911e+00,3.641013627009999976e+00,2.057878607963000039e+00,1.672769155631393733e+04,8.976764289905136279e-03,2.405649380502454804e-01
2.877191226541000013e+00,2.221843109602999800e+00,2.535856030389000093e+00,2.476939530310393820e+04,3.242589516511447476e-03,3.039677660651446747e-02
1.117114524158999922e+00,4.421808374047000001e+00,1.924239927242999970e+00,7.713071436052658100e+03,1.020236827320283998e-03,3.419240694490589859e-04
1.084848960958000097e+00,5.565377164820000111e-01,3.166610693340000116e-01,7.436481082514132140e+03,2.641344568472030630e-03,7.876838447556662459e-03
1.679822985273000002e+00,4.456567050924999940e+00,1.711626681025000041e+00,1.281958384386472608e+04,2.838776721990369234e-01,2.992174266969902305e+02
1.487143199052000098e+00,3.444890757807999915e+00,2.054042590358999831e+00,1.101922034793906278e+04,2.479773037351670414e-02,3.071647312716295763e-01
2.486332720297999899e+00,5.378902357570000348e+00,1.914608665453999992e+00,2.075273043600849633e+04,3.422155892367757454e-03,1.249064717543345478e-02
1.868886236465000072e+00,1.352376628073000076e+00,1.848322446257000040e+00,1.462709978386911280e+04,2.704910943049115279e-01,2.656876345403479718e+02
2.639976897547000156e+00,7.253149079549999767e-01,8.910107782549999689e-01,2.232051757210041251e+04,1.196533016093718690e-02,5.319397408011402595e-01
2.655312448356999866e+00,2.990857808201000001e+00,2.611944881023999798e+00,2.247782336507170476e+04,1.250368433591157180e-01,1.453317229372959041e+00
7.736881539840000377e-01,9.938610016650000212e-01,2.211141766969999978e+00,4.898456293230819938e+03,2.285336640615184822e-03,8.325008287973841015e-02
2.472832134343000199e+00,3.097670666467999823e+00,1.663335189396000002e+00,2.061570793057699484e+04,2.204411074690029639e-03,2.604011153686833918e-03
1.676689214595999955e+00,6.208637223914999836e+00,1.009979455324000019e+00,1.278994764182714607e+04,3.412946039338757842e-01,1.683418666493416538e+02
1.745793806183000063e+00,1.754532134795999898e+00,1.457763226928999956e+00,1.344600245941799767e+04,2.127750339998456773e-03,1.124598961395673752e-02
2.588464747360999851e+00,3.776467229626999877e+00,1.405323663894000097e+00,2.179319878443795460e+04,8.699338442866061394e-02,4.776796649299527786e+01
2.114774798936999822e+00,1.227404761242000042e+00,2.417000549454999980e+00,1.702953441715235385e+04,7.844179334407382596e-04,1.870438273121265930e-03
2.358079360877999964e+00,6.075548945297000181e+00,2.498104939294000015e+00,1.945609764508319131e+04,9.014496640467608516e-04,5.704008756760892140e-02
1.898883902594000084e+00,3.393324406616999855e+00,1.849886498589999873e-01,1.491722628651376726e+04,3.525059063069693049e-02,9.714309990386649218e-01
2.545111909792999949e+00,5.758945583542000257e+00,1.432814681887000008e+00,2.135071413226668301e+04,3.412355773158935457e-01,2.643585339825567644e+02
2.707087953942000080e+00,2.109804829867000020e+00,2.549411774166999933e+00,2.300997331160650720e+04,7.525819761497882544e-03,5.766701368866119365e-02
3.630996336069999830e-01,3.204778520751999871e+00,2.129771037169999826e+00,1.990965328949215518e+03,2.935467605978393530e-03,1.374544473877883401e-02
1.735074151003999976e+00,5.459967311267000412e+00,1.781102490097000057e+00,1.334389233286635317e+04,3.562889667279364216e-03,1.427745651731480714e-01
8.401666999129999702e-01,4.261490934008000053e+00,1.704336820585999890e+00,5.418435635585015007e+03,1.348374144936590746e-01,3.107557390227153604e+01
1.228128519529999990e-01,8.432318953140000017e-01,8.366474826369999507e-01,5.955585958925336172e+02,6.485998269705833819e-02,1.242490256998568121e+01
1.958437603869999988e+00,3.230138195219999897e+00,1.025428850294999972e+00,1.549573634559277161e+04,7.661708782739040657e-02,1.755502679287567869e+00
2.403993614690000058e+00,6.212760981631999968e+00,6.419250836850000086e-01,1.991897169767219748e+04,1.119161647413442415e-02,1.364359213460185627e-01
2.541908905764000082e+00,9.223674680779999635e-01,1.644933093416000025e+00,2.131807032010268813e+04,7.489703681011243390e-03,1.189898056080224281e-01
7.096630221199999866e-01,3.243288584339000025e+00,2.744427824751999978e+00,4.410625148712196278e+03,5.029804653709504803e-02,1.169540056288115082e+00
1.840793880540000094e-01,3.246916884918999990e+00,2.156149159108999847e+00,9.245065200802664549e+02,7.833036565232088383e-03,3.072630439241347822e-01
2.930688926084000112e+00,3.088672801552000191e+00,1.551471468482999994e+00,2.532610502968431683e+04,3.318629802732814271e-02,2.630403201951296310e+01
1.602015545580000033e+00,1.583113459533999956e+00,2.543641472073999932e+00,1.208711232789160567e+04,3.105593243741872761e-02,3.364993493993040929e-01
2.196335458066999813e+00,3.197546204531000136e+00,1.280932620129999977e+00,1.783785729586357047e+04,8.246490631781270078e-04,2.845263722728239020e-03
2.704882478420000069e+00,2.597618902619999837e+00,2.396618190734999931e+00,2.298727221754326456e+04,2.596370713383098442e-03,1.091684910634636574e-01
1.536022288382999923e+00,1.186081025358999952e+00,2.364546023962999843e+00,1.147156377375387456e+04,3.970727612199995149e-01,7.392758304244941314e+01
1.692977408034000097e+00,1.401884387948999944e+00,2.339321785960999822e+00,1.294410622060629430e+04,1.414529689373477360e-02,9.617532861912868325e-02
2.045558056406000080e+00,2.445982589040999855e+00,2.439542721935000102e+00,1.634784641935326363e+04,1.358911703092794028e-03,6.229429640639856137e-03
2.358258943102999883e+00,1.604466794259999940e+00,2.086887767199999910e+00,1.945790512523455618e+04,2.546482982232397933e-03,6.779437043370221960e-02
2.443787788433999797e+00,5.055319242930999657e+00,7.372823109639999872e-01,2.032134410514275805e+04,6.253123586850944764e-03,2.119387494222737256e-01
5.752755672239999729e-01,3.512194332836000132e+00,2.257232093848000165e+00,3.424923741731678547e+03,3.051363293024803025e-02,5.878632918498549742e-01
2.513529016079000034e+00,4.241061157156000405e+00,1.374395364648000051e+00,2.102912566216410778e+04,7.072668997050939911e-03,2.547591323216046727e-02
2.072389421611999794e+00,2.506280374227999985e+00,2.324869726363000044e+00,1.661161702835731194e+04,7.649468034172718367e-01,2.951687905965407026e+02
8.613100500900000567e-02,3.970934244302999794e+00,2.528516084232999894e+00,4.084116393222950023e+02,1.621149869596475585e-02,1.618053451254635247e-02
