2.492235047778999846e+00,2.887940256450000076e-01,2.292267174738999991e+00,2.081267338878884038e+04,1.809368618505514115e-01,6.384400994841556987e+00
2.622383244331000007e+00,4.896391607303000271e+00,4.020285352929999778e-01,2.214022921056006817e+04,1.294858664688547552e-02,6.234138756463516312e-02
1.490050781027000060e+00,5.670607836569000249e+00,1.887892239436999908e+00,1.104603953010824080e+04,4.627355827556078188e-02,7.948153989250806184e+00
8.367610047000000051e-02,6.031177323608999608e+00,1.942243875578000045e+00,3.961595986727512582e+02,4.754480055608099054e-01,2.134192441222993750e+02
8.762687856369999473e-01,4.810040691502999621e+00,1.189447855002000010e+00,5.706374632561640283e+03,1.596510192700025194e-03,1.316765063007568383e-02
2.481748465467000120e+00,3.117517375439999849e-01,2.229237763433999930e+00,2.070618938795035501e+04,2.051449241167562290e-02,4.691334859483318187e-01
2.517744927225999962e+00,4.226691625287999798e+00,1.501406308423000047e+00,2.107201572454888810e+04,2.244862232658336419e-03,5.723167728124013004e-02
2.661723571676000155e+00,6.083495544310999925e+00,1.473616293751000006e+00,2.254362800501589300e+04,1.984377102526506398e-02,8.696237695244968258e-01
1.916632246290000063e+00,4.922700644916999657e+00,2.465275178776999976e+00,1.508928756915501435e+04,9.704091408150118713e-04,2.771264501061162459e-03
2.768209588877000193e+00,3.147036252223000208e+00,2.364051241370999978e+00,2.364091848826310161e+04,1.695371544739919176e-02,2.755617925553940362e-01
2.049991305955999987e+00,3.350908983979999922e-01,9.649523268969999457e-01,1.639138574213381071e+04,1.061403399243210192e-02,2.601997410545883938e+01
1.382886733197000062e+00,3.782461200460000006e-01,2.098761926488999841e+00,1.006542390076799711e+04,1.278281892519277617e-02,1.581037174446178417e+00
2.155120583696000125e+00,2.004506253023000006e+00,2.505476208461999921e+00,1.742872015569619907e+04,2.153950942986063762e-03,5.920237678742369669e-03
