3.769875674729999959e-01,1.466289022870000125e-01,1.433626337156000075e+00,2.079618015768200621e+03,1.968165050276171049e-04,4.589561212602209144e-05
7.645112872539999715e-01,3.456237905496000185e+00,5.929298492810000099e-01,4.827774736392768318e+03,4.578033596973800357e-02,5.854604466761340609e-01
3.336881296120000062e-01,3.832427483125000034e+00,9.092143856490000342e-01,1.805865450101140368e+03,1.089604459628372712e-01,1.849969863866002697e+02
1.825182078260999985e+00,2.575804535312999910e+00,3.083509948939999745e-01,1.420598510640057430e+04,4.756388255527102364e-03,4.106379899716888077e-02
3.516171635529999895e-01,1.113122692241000022e+00,2.275695261430000116e+00,1.918268787864190017e+03,3.836294261147187148e-05,1.159808715481204467e-03
1.222704240482000104e+00,1.970094292000000059e-03,2.391115665984000049e+00,8.632682015757201953e+03,2.150436137554705140e-01,5.995270766708761023e+00
2.159310877369999826e+00,5.091833680072999968e+00,1.008867691964999924e+00,1.747025508115980119e+04,5.060525097064876715e-03,8.492583818477590640e-02
8.832263542179999982e-01,1.536877585624000009e+00,1.888316598564999893e+00,5.762293050070071331e+03,1.004050127346849250e-03,1.073120661222679798e-03
1.945363632940000087e-01,5.644547576422000112e+00,2.244937676044000074e+00,9.826114771522227329e+02,3.506648001082233166e-04,3.214495930820514247e-04
1.139083735692999921e+00,4.413684169129999946e-01,1.171245244562999943e+00,7.902622548689393625e+03,1.039459923970565032e-02,1.297279952222430421e-01
2.158234736112000007e+00,8.587536172320000549e-01,1.295025193664000041e+00,1.745958683554410163e+04,3.583488301911994011e-04,7.098806820329636074e-04
1.332795473098999928e+00,3.373748138008000108e+00,1.123650153952999942e+00,9.612893714471381827e+03,5.900097756889537137e-03,1.025711912678132082e-01
7.670742922829999477e-01,7.221146385579999549e-01,2.632221257258000158e+00,4.847487636850235504e+03,7.354435085491459710e-03,1.762592249859836757e-01
