2.070357139652000189e+00,5.753782658553999951e+00,1.907864018076999901e+00,1.659161701888222888e+04,9.038164302297393982e-02,2.578425250687002457e+00
1.919410283518000027e+00,3.408143385639999856e+00,1.908698032018000035e+00,1.511624621745385230e+04,2.466578148803694540e-02,3.287714444320469220e-01
9.870211428780000240e-01,4.109310156500000311e+00,1.494925855490000011e+00,6.611822465578909032e+03,6.133792707484837098e-03,5.345868925564303265e-01
2.297006469178000110e+00,1.308186428029999959e+00,8.187127622609999822e-01,1.884276086730313182e+04,6.052284555331481630e-02,6.606383668853897939e-01
1.101622021349999980e-01,3.945372806276000066e+00,1.522428098101999971e+00,5.301625621790276455e+02,9.894804389036829240e-02,1.062874281981041804e+02
2.636550353040000072e+00,3.023238653287000144e+00,9.535531571690000208e-01,2.228538950938502967e+04,9.856606597988931337e-03,4.535407344200469981e-01
3.237197264589999901e-01,4.827252995529999757e-01,1.887810472576999965e+00,1.743963136954776019e+03,9.949386285049819853e-03,8.182399136220197544e-01
1.362915613871999998e+00,4.892033097917000362e+00,2.055200642268999900e+00,9.884537113816828423e+03,1.163582843138608221e-03,2.462087742097778583e-03
2.597958845636000103e+00,3.512822209093000136e+00,2.114909310392000030e+00,2.189026515159585324e+04,1.672438467663287052e-03,1.036252033817234783e-02
2.929766507000000023e-03,3.152173764030000158e-01,6.562523092830000460e-01,1.314369778587138171e+01,2.466808515148590660e-06,1.394116781040374284e-08
2.568405494534999889e+00,2.574506071620000225e-01,7.588182418800000495e-02,2.158831353714174838e+04,7.172549135300162471e-01,1.714391304682549162e+02
7.124371310799999524e-01,5.492381545776000351e+00,2.645864944599999879e-01,4.431524671333711922e+03,7.325677139450534076e-04,2.445188941789417660e-04
2.899848520204999947e+00,4.509969030178999638e+00,1.332294776539999948e+00,2.500498139615028049e+04,2.205112557016139785e-01,5.269082601418158873e+00
2.070195595692999824e+00,1.630149089844000088e+00,6.707400858659999798e-01,1.659002733059451566e+04,2.145135856307644195e-01,4.060138627324985094e+01
1.568199041189999976e+00,3.844596521553000024e+00,6.821486511830000543e-01,1.177101516921487018e+04,1.915504569214017665e-03,1.020451063175343079e-02
2.107362398647000035e+00,4.056323386749999815e-01,1.281234903312000073e+00,1.695634032081466648e+04,4.210384110113550293e-01,1.836377188718774960e+02
