1.574618677197999972e+00,4.474347631338999598e+00,3.090012110051000072e+00,1.183091427589274281e+04,6.716465457348582205e-03,1.760578727467144944e+00
2.945597198799999816e+00,1.655432398595999999e+00,2.064039952179999915e+00,2.548152108453858818e+04,3.907956926159087546e-03,5.016393136008588660e-02
1.162053565074999906e+00,2.295199659072999943e+00,2.745148657934000092e+00,8.101834434506001344e+03,5.060156880705163861e-03,7.301224597429240015e-02
2.103642668307999841e+00,1.970406308183000110e+00,1.835744968840000046e+00,1.691962698341346913e+04,1.967433375246205405e-03,1.558879045777173886e-02
1.911463544429999883e-01,1.239772335285000082e+00,2.596028780525000190e+00,9.637137207577044364e+02,6.113583623258755928e-01,7.499493465255644651e+02
2.275516389333999800e+00,4.822443605924999765e+00,1.057834242980000061e+00,1.862759823321471777e+04,1.220955605575896677e-02,2.700081086339288228e-01
1.550539844633999964e+00,5.232203807650999572e+00,9.798894045260000407e-01,1.160650880920468080e+04,3.475623023087756613e-02,5.400600862433933003e-01
1.544888283753999891e+00,6.183485033676999976e+00,1.815757664081999900e+00,1.155394420714909575e+04,8.407365902618060133e-03,3.664680154520955635e-01
2.383282701170000017e-01,1.329771951910000138e-01,1.293550054113000058e+00,1.231873424749216838e+03,1.343046456228917662e-01,8.784541193834034090e+00
2.084005452144999992e+00,5.676433709426000007e+00,6.569883388439999861e-01,1.672600058689686921e+04,1.364629800928333870e-03,5.976198749941121630e-02
1.412613013099000003e+00,2.857886020120000148e-01,1.009280966858999928e+00,1.033577870048130899e+04,1.156684289891801373e-03,5.834192508118325390e-03
1.691912491595999990e+00,1.356565068742999980e+00,1.092673014770999984e+00,1.293401825474864745e+04,1.923229091209576608e-02,1.269253550918282514e+00
2.693986795294999848e+00,1.608205359220999942e+00,1.721904240298000044e+00,2.287516566650424284e+04,1.676443779225193428e-02,2.247468645884605376e+00
2.543444986260000040e-01,5.352116404415999895e+00,2.332849396189999869e+00,1.325361661738120802e+03,1.424609763561719422e-01,3.458304211418990235e+02
2.886143045049999856e+00,3.077291955629000153e+00,1.269064664015999933e+00,2.486244059438835393e+04,7.822932161328755366e-03,7.526294091600205238e-02
1.334603472338000030e+00,5.185594538565999834e+00,2.058655877355000108e+00,9.629159163464306403e+03,1.812219698272724555e-01,1.577852326700549668e+01
5.225387028579999704e-01,2.419915737589999782e+00,2.110129228587999783e+00,3.053502511067174510e+03,3.073867105042322155e-03,2.185742508354985431e-02
6.815858933349999704e-01,5.294600983988999587e+00,2.505078696280000017e+00,4.200305263018599362e+03,2.111517529656821712e-01,5.304346122406109743e+01
1.253033291328000010e+00,4.972713011863000077e+00,2.427042626358999922e+00,8.900653557916577483e+03,2.651976362047613403e-02,5.226855917406484364e-01
2.945231817043000078e+00,1.227598460420000093e+00,2.911128324587000105e+00,2.547771066345432337e+04,4.058844790982416538e-03,1.868844949014807771e-02
2.885019416028999917e+00,3.255287445920000078e+00,2.632120517875999877e+00,2.485075934316106941e+04,3.174800539700459428e-03,3.378880634800884158e-02
1.010577470100000076e-02,1.199463669779999991e-01,2.873484264158999935e+00,4.556633152043345092e+01,1.761164107488855449e-02,4.299687731469194141e+00
2.990225543298000055e+00,3.586632851539999778e-01,3.113424587740000193e-01,2.594747331917601696e+04,3.692411698115945912e-02,2.419008256130004142e+00
2.123652005114999852e+00,9.626496436210000285e-01,3.758120398900000048e-01,1.711725236544311701e+04,1.601260787672031255e-02,3.303726511273595845e-01
3.270429175549999790e-01,2.088150919439000219e+00,2.714535027020999802e+00,1.764552102954260363e+03,5.561340097665743581e-02,5.544236778380937203e+00
2.366485259319000001e+00,2.610476099012999818e+00,8.992802985769999813e-01,1.954072738218020095e+04,2.921148800283024892e-03,1.084346577164816555e-02
1.607003079859999906e-01,2.963230523796000160e+00,6.530639240710000015e-01,7.966351405113334749e+02,3.249005016683062172e-03,6.126918788450567283e-03
5.493500928679999618e-01,2.034985053330999882e+00,2.442204141174999954e+00,3.241181032309805232e+03,9.371572863045472823e-02,1.033797403996057938e+02
4.158159814890000083e-01,4.635836530207999573e+00,1.742170082989999980e+00,2.331592989142942770e+03,3.880756397082710946e-02,6.909470871469337361e+00
1.182266266637000074e+00,2.440099675309999938e+00,2.823847680144000005e+00,8.277980417658285660e+03,4.302117128987426042e-01,2.799322549040624164e+00
6.071906746690000078e-01,1.099945059569999994e-01,2.183638471586999863e+00,3.654077583090347161e+03,6.486559519757933989e-01,2.626434573976082447e+02
9.300414596099999542e-01,4.346185126465000437e+00,2.437038923659999856e+00,6.141991475814896148e+03,2.120205954464532590e-03,2.650797986888253285e-02
1.113875581740000065e-01,5.761623044909000235e+00,2.732849169725000138e+00,5.364579682285863100e+02,1.947516343593306554e-01,1.048830890541254206e+02
2.399454330799000168e+00,3.867487241490000116e+00,6.373789423229999640e-01,1.987313685389500097e+04,2.941134737164062818e-01,1.325894528549926399e+00
2.231847684718999858e+00,3.525548043135999787e+00,6.467608278690000212e-01,1.819145624144542671e+04,9.760762961772943488e-03,1.037683188784666311e-01
1.318231575001000078e+00,4.880672125657000038e+00,1.393347962797000017e+00,9.482062063014764135e+03,1.050558672033866971e-03,2.761219512788931196e-03
2.670628886968999804e+00,6.139182978640000066e+00,2.317422987080000052e+00,2.263507600381246084e+04,1.261485054232892346e-02,1.683339201657226558e-01
1.142197946605000070e+00,3.257684241275999870e+00,7.137501274940000195e-01,7.929570449294372338e+03,4.634255324297406522e-04,1.314037152143844231e-04
2.923311509113000195e+00,2.863788545058000068e+00,8.306199417409999564e-01,2.524924121093796930e+04,1.759992558821955877e-01,9.076576084607759753e+01
7.188782774219999450e-01,2.465703853972000203e+00,2.501961657918999826e+00,4.480132413871721837e+03,2.019837326091525765e-03,7.502787704737509146e-03
5.002424340969999772e-01,1.058264929269000065e+00,1.336021372687000053e+00,2.899297642926223944e+03,8.118945638492512662e-02,2.349064717881514053e+00
1.695102583731999957e+00,1.919188420290999897e+00,9.822814861240000139e-01,1.296424173669961965e+04,9.732712627604561337e-04,5.104009590725208829e-04
2.823258637867999798e+00,3.650770442982000041e+00,5.329809648529999500e-01,2.420976344993465682e+04,4.107920497838820489e-02,1.343712297437229708e+01
2.435689293445999937e+00,3.552653740594999832e+00,1.986843079011000102e+00,2.023936883020202004e+04,2.495728481039678759e-02,5.320962721821567154e-01
