2.599884251745999908e+00,4.210393399514999579e+00,2.559651660167999943e+00,2.190995643413014841e+04,4.753291284424378954e-02,1.200415397347005175e+01
2.200326218503999787e+00,4.808562743447000187e+00,1.062744116730000021e+00,1.787754512724742744e+04,1.123094025236177212e-01,1.493783162354105514e+02
2.849725276415000064e+00,5.077024477156999893e+00,1.499938059712000005e+00,2.448419108308062641e+04,1.137190557460228749e-02,1.406101418629634482e-02
7.199844822540000244e-01,5.482103527165000045e+00,1.859015504977999944e+00,4.488491755447821561e+03,1.131396305070109243e-01,4.950889010289325398e+01
2.006552506138000069e+00,2.045322533384999808e+00,1.648507646851999908e+00,1.596550676576921251e+04,8.411800987286853493e-02,2.699999499799173464e+01
2.679408696903999854e+00,9.910175633910000004e-01,2.290017857664000012e+00,2.272528249681094894e+04,1.316614517941372131e-01,2.072674283129009964e+01
7.034309383629999690e-01,3.497087139282999857e+00,1.255144529282000043e+00,4.363751585116810020e+03,3.713271405065206613e-04,1.338385905062659299e-04
2.486219870159999956e-01,1.030348953123999989e+00,1.044061299225000017e+00,1.291818957995443725e+03,5.482311436910349174e-04,7.309871001997865101e-04
9.247132794989999516e-01,4.603137374634999723e+00,1.494125398585999909e+00,6.098481144432911606e+03,1.421455142537459391e-04,2.164108131920448939e-04
1.606376999359999946e-01,3.827087726848999782e+00,7.678405356140000082e-01,7.962965361166844787e+02,6.143163078251639986e-01,8.052901670348617813e+01
8.961621127540000398e-01,4.906056562194000215e+00,1.858065404173000035e+00,5.866615934097121681e+03,3.342326739656734103e-02,6.743559684266203780e-01
2.820869231490000129e+00,4.563029153429999929e-01,2.172021778960000038e+00,2.418500712395767914e+04,2.077149594510533520e-02,3.919264798053928578e-01
1.949156999293000014e+00,3.194485305825999877e+00,2.003641824145999895e+00,1.540543307479657778e+04,1.568022512045388617e-01,7.477374506672460086e+01
1.665455459891000078e+00,2.377947654790999898e+00,1.630340789182000094e+00,1.268380133877479057e+04,1.388156834206575041e-01,1.656894915817805014e+01
3.973985556610000192e-01,2.838525775782000160e+00,2.468440311843000057e+00,2.211328379660284554e+03,2.411783424678138330e-04,7.894591243834349695e-03
