5.844312996999999864e-03,4.507743716122999622e+00,1.108016291920999929e+00,2.627303354728813289e+01,7.848932453373609359e-05,5.869012284141865455e-06
5.850136963099999976e-02,4.773755401534000242e+00,2.360341632916000076e+00,2.725403317061957296e+02,5.399508453407094767e-03,1.803774423685183259e-01
5.946710731890000323e-01,3.617323256931999964e+00,3.312426941450000162e-01,3.563802836680242763e+03,4.591293897366109135e-03,1.039935692892757918e-02
2.970267321986999942e+00,1.335165831600000075e-01,3.221240876420000121e-01,2.573896422458935194e+04,8.702399117899320066e-03,1.560050584467111146e-01
2.737843695915000097e+00,6.031875351994999690e+00,8.554662130800000375e-01,2.332683840992653495e+04,8.067577459616707136e-01,1.301559909175376220e+02
9.779959379620000171e-01,3.532014157891000039e+00,2.066557456247999802e+00,6.536865176362396596e+03,3.077985858499503874e-02,1.403580098449887625e+00
1.310113308510000074e+00,3.401251762999999984e-01,8.756619169529999969e-01,9.409281962087075954e+03,5.663946126935300376e-03,2.569698166142287965e-01
2.101303976126000173e+00,4.975341312939999816e-01,1.837813998055999987e+00,1.689655021056147234e+04,1.876029585705036098e-02,8.965939465939483100e-01
1.432275128454999935e+00,3.631358063987999873e+00,1.550371016271999913e+00,1.051531515020478946e+04,5.267834953804776538e-02,7.885740124051048738e+00
9.487512781920000027e-01,1.180763440498999950e+00,1.660845346142999945e+00,6.295361175660429581e+03,3.552289565085010176e-02,9.967067121423514919e+00
6.404874517000000433e-02,2.745590726910000168e+00,2.071448914788999840e+00,2.994609166879576492e+02,2.371970821915855138e-05,1.697258650828339531e-06
1.118316675568000074e+00,2.301471382127000087e+00,1.812862564335999904e+00,7.723418345254945962e+03,2.148318156300496606e-01,7.287528677211387276e+02
2.295531581155000111e+00,3.040517900654999828e+00,7.670369899090000443e-01,1.882798089131206871e+04,7.228105974341156661e-03,2.926720075008712452e-01
1.865865968529999974e-01,1.239580772567999922e+00,1.838274104504999951e+00,9.383872341214056405e+02,8.583096847595216017e-02,5.642705414997512214e+00
2.836500268431000116e+00,6.248392651678999599e+00,1.996593501478000077e+00,2.434701378512628071e+04,2.592579032205611367e-01,1.143356157047478234e+02
2.556603308002999952e+00,8.636069334289999677e-01,2.059952583712000074e+00,2.146788485867542113e+04,7.957806326123674934e-04,1.900427158164128818e-03
1.433406810301000034e+00,4.819286461612000139e+00,4.784903392629999974e-01,1.052566562352036453e+04,2.515965467163965366e-02,3.018999459220137016e+00
