2.973874675409000190e+00,6.134479170551999871e+00,1.136275420647999912e+00,2.577663564698640766e+04,1.522487134355500482e-02,1.493483430047278793e+00
5.363561623770000120e-01,4.422745848034000282e+00,1.836152122069999892e+00,3.149922085861358028e+03,8.730481280361285235e-01,8.149471312669672898e+02
2.547239569852000063e+00,2.491419260554999848e+00,2.640872681672000066e+00,2.137240216559065084e+04,8.522522555374828848e-03,3.063245999649652843e-02
1.982075267756999937e+00,1.668277447300000049e-01,1.443914050095999935e+00,1.572626244517173291e+04,2.310439533545470894e-03,2.174452302311826943e-03
2.080774712714000163e+00,2.585441636139000021e+00,1.594840649680999922e+00,1.669417590403322174e+04,9.760301938206250583e-02,9.236101291326704654e+00
1.147659479796999893e+00,5.702402389501999735e+00,1.994547083979999913e+00,7.976876607424187569e+03,7.102987972113138093e-02,1.114723544476579420e+01
2.523013200138000123e+00,4.289095718010999647e+00,1.821115510422999906e+00,2.112562841406637381e+04,9.714656687862105455e-02,2.550588909256061143e+01
8.504424778870000035e-01,5.186987853065000209e+00,1.632390346743000098e+00,5.500007986012503352e+03,7.598641127043598287e-02,1.128252940402663995e+01
9.337218746890000309e-01,4.820211907400000051e+00,2.361562145009000080e+00,6.172089383148574598e+03,4.904923431542655005e-02,1.954511974288956899e-01
2.480037153201999800e+00,5.376338723265999597e+00,2.082216459116000173e+00,2.068881913648913905e+04,1.216449559312288847e-03,1.478493330723238373e-02
