1.110250485983000024e+00,2.790813752751999832e+00,2.620387768651999849e+00,7.654049485510787235e+03,1.199426532600458492e-02,1.662724762109722976e-01
1.627212976035999903e+00,1.819894636853000014e+00,8.462355167389999933e-01,1.232354212249838383e+04,3.299272086333050052e-02,1.167147489474501088e+00
2.669929351868999934e+00,2.722384530442000017e+00,1.651212741664999983e+00,2.262789081477949730e+04,2.106215353593246953e-03,1.248162865610757954e-01
1.899913182686999935e+00,5.742404184123000022e+00,1.310742680266000049e+00,1.492719618558633192e+04,1.470698917218200255e-04,3.723554348867725086e-03
1.585437263116000084e+00,3.913713446635000093e+00,8.563284708559999459e-01,1.193197325482347514e+04,1.443600556794327056e-02,7.379165176829214357e-01
1.297329775836999932e+00,2.374520999618999983e+00,2.551615816202999820e+00,9.294896256560979964e+03,1.740402991265618537e-01,1.615169628219178577e+01
9.137374635389999833e-01,3.929313690119999869e-01,1.565880602888999995e+00,6.009087702986665136e+03,1.440746565167175426e-02,1.770428155181560659e-01
5.960000000430000222e-01,4.087100434997999798e+00,7.769420303580000242e-01,3.573362041605884315e+03,1.022390236370971571e-04,5.384719057979322674e-05
1.528759928271999913e+00,6.199377333319000094e+00,1.379449532056000072e+00,1.140415869640838173e+04,3.127962594491264237e-01,2.138887375051628794e+02
2.759007887926999913e+00,3.845082473039000082e+00,2.251279454646999856e+00,2.354522023885511226e+04,1.373951206996111866e-03,1.288352636852338126e-02
3.053172923640000147e-01,4.359950665500000433e+00,1.664130815355000070e+00,1.630821023013455488e+03,1.740690535950042625e-03,2.854363454779751570e-03
8.133709718239999775e-01,3.251503485285999862e+00,9.418292881569999553e-01,5.207202988033215661e+03,8.540844384068231598e-02,1.215225655538426208e+00
7.100447530989999478e-01,3.123398243061000112e+00,1.601129189731999913e+00,4.413499766238403026e+03,3.655376502685807696e-04,1.317537180900158866e-04
2.591904719122999801e+00,2.514960715720000017e+00,2.823933439283000002e+00,2.182836337393830036e+04,1.241312978079760036e-03,1.832752451863336324e-02
4.409979213299999867e-01,5.324492938806000275e+00,1.754070039062000097e+00,2.498152526137488167e+03,8.911997925905082701e-05,4.017019266090156537e-05
3.640201819819999796e-01,7.391629680360000121e-01,4.824481766109999792e-01,1.996817081249760577e+03,4.364438966240987393e-03,5.622570146148342385e-02
6.409309546770000088e-01,3.928653873356999782e+00,2.831821235782999935e+00,3.899766684574149167e+03,1.916019833662874206e-01,2.193909795621772787e+02
1.124797793935000012e+00,5.484131601364000019e+00,1.642156357918999943e+00,7.779252030568955888e+03,3.448165694994503178e-02,4.817325111764976242e+00
1.005817234772999891e+00,2.664331980940000122e+00,1.889968652367000068e+00,6.768559943332600596e+03,2.734720655185943206e-03,1.185956356687034585e-02
1.284577260745999983e+00,5.633876506037999832e+00,1.440062372292000070e+00,9.181057626841984529e+03,1.778292378405477159e-01,2.628179899313586887e+01
2.207612630891000016e+00,4.566569229678999697e+00,1.292104478980000026e+00,1.795003930128955835e+04,1.586601725854300260e-02,1.515203643647799803e+00
2.166689318802999864e+00,6.101725897849999969e-01,2.449354502263000111e+00,1.754342529814591035e+04,6.624339810577446232e-04,3.581222366628263997e-03
4.780690615320000170e-01,1.460868984910000057e+00,1.221591410889000029e+00,2.747672516496917069e+03,8.969397420171103252e-03,3.192921389832514834e+00
2.804624111032000044e+00,4.340279941370999595e+00,1.178760711051000110e+00,2.401678279969692449e+04,3.018671971118154496e-02,2.809967478544868946e+00
2.638647974026000043e+00,3.085063566629000054e+00,2.448541474379999805e+00,2.230689292586206284e+04,1.198221347319012925e-03,1.295119221115155006e-03
2.555135118739999989e+00,4.176452424784000250e+00,1.644534099716999931e+00,2.145291003136436848e+04,1.596836879578855672e-01,1.923035003606473836e+01
1.325295211720999955e+00,5.389298948192999816e+00,1.902542570652000053e+00,9.545474216326045280e+03,7.595376243280815842e-01,9.748691809648708784e+01
2.222224496587999809e+00,1.457907224304000104e+00,1.736371382706999977e+00,1.809554074547627533e+04,1.669949050179006800e-01,7.787704666755932692e+01
1.241478925425000046e+00,4.632777463943000384e+00,2.630020871340000177e+00,8.798373206728088917e+03,1.479754547271278607e-02,1.497425257709203150e-01
2.403588203880000052e+00,2.784911118761999926e+00,2.626470651982999893e+00,1.991487810457676824e+04,5.396654334251210772e-03,8.837658205537396450e-02
2.156624959595999869e+00,5.087754929617999800e+00,1.425752093412000043e+00,1.744363012573593005e+04,2.160865436447212962e-01,1.211845739730100888e+02
8.427664912219999804e-01,2.387349392527999825e+00,1.175506744301999973e+00,5.439044257762911002e+03,7.448315656211479526e-04,6.029832182480312705e-04
2.958454523741000042e+00,4.550059865961999961e+00,1.694106060878999953e+00,2.561565222423051091e+04,9.921454561266478123e-02,1.145743685231193041e+02
1.479904359157000027e+00,4.138247769160000034e-01,4.261488022750000160e-01,1.095250016702055109e+04,1.639496776895205121e-02,2.476707878083304504e+00
1.502529274078000077e+00,1.398466829396999955e+00,1.834089842168999951e+00,1.116126841919406070e+04,1.406485588073533022e-01,1.986055602533717712e+00
2.911132103056000009e+00,1.920004361990000075e-01,1.701398187090999992e+00,2.512241101736606288e+04,3.161601513799076890e-02,3.055226033906615957e+00
7.051611864200000301e-01,5.373596617273999954e+00,1.808273184062000105e+00,4.376754558318933050e+03,1.680519417503767996e-03,5.405250261321228877e-03
2.588624295770999950e+00,1.406859218921999943e+00,4.294717874900000343e-02,2.179482946726210866e+04,1.178694157338079510e-03,2.826097776321439929e-03
1.204163953576000035e+00,1.686549458390999900e+00,7.689178086290000547e-01,8.469681223993284220e+03,8.148061365861271055e-01,5.400896472486799667e+02
2.078109728978999815e+00,3.242764305739000097e+00,2.438706643510999861e+00,1.666793099149137561e+04,8.078406033718590895e-02,1.017293270116477402e+02
2.829645858941999936e+00,3.461438396930000216e+00,1.866532530308999904e+00,2.427595478275173082e+04,3.607091015552333357e-01,2.366659262109583395e+01
2.846925986167999856e+00,6.084660138022999654e+00,2.201692439817000135e+00,2.445514692169909540e+04,4.495014600689666712e-03,4.706206051950581060e-01
1.891098102873999931e+00,9.750655311250000512e-01,5.897222368960000072e-01,1.484184152444473330e+04,6.284986333258668623e-02,9.201250328104089438e-02
2.617656039144999891e+00,5.335249757344000088e+00,2.613593756101999954e+00,2.209182076274867723e+04,1.024807379871363680e-02,6.656841553448989979e-01
2.166137083450999867e+00,2.599130674002999797e+00,1.439884634335999891e+00,1.753794779944858965e+04,1.619281126363497983e-03,1.252644715815758557e-02
1.745366729951999929e+00,1.579869391446000026e+00,1.823094449250999949e+00,1.344193189968922343e+04,6.796567595028470609e-04,4.187710153612936911e-04
1.610161815666000029e+00,9.582551683669999765e-01,1.967391169384999916e+00,1.216346655499123517e+04,1.017897697581659523e-02,1.108760911018552009e-01
1.978851369061999987e+00,5.762539396180000217e+00,1.841278896721000091e+00,1.569479154115321035e+04,2.667693647238293941e-01,1.727296307309398458e+02
2.869642264043999802e+00,4.235686514175999839e+00,1.237261709358000061e+00,2.469096565596573419e+04,1.584325379175365381e-02,7.647627789635190743e-01
6.879803353090000462e-01,5.943318255099000247e+00,2.445435843085999927e+00,4.248009734571221998e+03,3.206730623293593124e-02,1.881787053207668314e-01
6.173497260270000009e-01,1.575621822395999905e+00,2.264835132099999981e+00,3.727688468664880475e+03,1.376874272331215232e-01,8.557224115412862986e+00
