2.743622225398000047e+00,5.746219701238000077e+00,6.248405600440000152e-01,2.338644217199949708e+04,2.708168093865942483e-01,9.315149680634725371e+01
2.057841635519999990e+00,4.416122758949000193e+00,1.920371205236999890e+00,1.646852591204502460e+04,2.737557845486275881e-03,2.245446218750052694e-03
1.545749146082000092e+00,2.002253750162999779e+00,1.116402598265999968e+00,1.156194847660643245e+04,9.489942202530073350e-04,2.489321128152202894e-03
2.635007485921999848e+00,2.191500786659000166e+00,1.572725454528999922e+00,2.226957480025241239e+04,1.411058720129910841e-02,9.866429031201241762e-02
2.512906784689000084e+00,1.160634866299000034e+00,2.084657473373999981e+00,2.102279643836059768e+04,1.317127229560254298e-01,6.325722296421631086e+01
1.029187405882999951e+00,4.639698278674000420e+00,1.875619326685999955e+00,6.964600225770465840e+03,4.757911185042805816e-03,2.549021842881112401e-03
6.338977190529999639e-01,5.751438627575000240e+00,8.778009701790000507e-01,3.848267827132295224e+03,1.016013256018866336e-02,3.788073650217627097e-01
2.528356349675000114e+00,6.142429433510000480e-01,2.256408087717999944e+00,2.118002158496579432e+04,3.700449934089807685e-02,5.809290013116970020e-01
2.305554288905999893e+00,5.182305682892000220e+00,4.824559683590000092e-01,1.892843899651641550e+04,4.753025595423056478e-03,5.321504173295794893e-02
7.990048687899999891e-01,4.770835401093999728e+00,2.173166832991999975e+00,5.094856699276727340e+03,7.880024564430837541e-02,8.815648400074108437e+00
2.437027161406000175e+00,5.103868441279999502e-01,1.650832297166000107e+00,2.025290801463261232e+04,2.557771297967754986e-03,4.132409381613941224e-02
9.220213977519999826e-01,4.939614774403000119e+00,1.448536801318000000e+00,6.076527371653904993e+03,2.100007559927758241e-02,2.234484077272575142e+00
