4.941371410900000094e-02,1.719055174230000038e-01,7.272086685209999679e-01,2.288348116392366762e+02,2.842156144900536696e-01,1.186813611558255417e+02
6.231789096790000260e-01,1.406382053311999947e+00,1.851827318940999945e+00,3.770068783095358413e+03,1.408476063599983508e-01,1.198759735746448314e+02
2.915404054530000177e+00,1.899849398236999942e+00,1.930548937106000063e+00,2.516688763247397583e+04,5.305630989459727241e-03,5.022219120575950324e-01
2.217475328172000104e+00,5.220220721352999860e+00,1.305832057791000089e+00,1.804823151556520315e+04,3.311033332958816019e-03,6.055588233726034823e-03
6.520466561799999339e-02,3.944060105295999819e+00,8.354401881920000550e-01,3.050933282758787186e+02,2.589338860774606271e-04,6.666515335355878728e-05
2.243320143776000197e+00,3.731429254376999793e+00,2.133023422706000094e+00,1.830589680334815421e+04,5.433782138689732290e-03,1.707480737028022402e-02
1.145206837399999955e+00,3.653460858400000011e-01,2.144998711971000116e+00,7.955625261715113083e+03,5.327441300852302740e-04,5.324676127585331598e-04
2.484360352616000078e+00,5.581258274348000370e+00,5.787028209429999626e-01,2.073270447932955722e+04,6.146218223236947498e-02,1.572244638067692968e+01
1.577751603769000033e+00,1.458017606455999982e+00,1.200148980620999950e+00,1.186016488047315579e+04,3.356086023727721801e-01,6.502640197697237454e+02
2.139130898125999991e+00,1.154603667706000092e+00,1.019504589734999911e+00,1.727035780345783132e+04,4.011288843045057728e-02,2.068717872329655094e+00
2.150308236292000075e+00,1.827325169407999939e+00,2.706249047307999867e+00,1.738103675583118456e+04,3.742839570219054501e-02,2.952536244479841532e+00
2.027401945160000052e-01,4.641419328208000294e+00,1.257639633094000065e+00,1.028584177195871234e+03,5.291766556397094028e-03,2.115725467062596366e+01
1.106241281004000099e+00,1.664093152389999886e-01,2.203088517478999808e+00,7.619620374498033016e+03,1.582466552660277970e-01,3.785410215787619603e-01
1.741648772680999935e+00,3.636813413951000218e+00,1.749117110090000038e+00,1.340650394941063314e+04,2.106467901569510914e-01,4.702090894670237553e+00
2.077360687916999904e+00,4.654525308210000212e+00,1.139532559013999968e+00,1.666055525311233214e+04,2.016534195122994186e-02,2.391993666341000191e-01
2.583883441903000122e+00,5.333703855409999584e+00,1.441723220742000100e+00,2.174638468397821998e+04,1.361824695784176475e-02,9.153641170132891247e-01
8.470033718549999646e-01,6.104596424991999726e+00,2.484196002912999912e+00,5.472672790259171052e+03,1.793868118630881706e-03,2.547938141939664475e-02
