2.018901684619999859e+00,3.060885757633000193e+00,1.246301877222000032e+00,1.608641156362050424e+04,1.113508333271570755e-01,5.851992456241740115e+01
1.706446248795000065e+00,4.014730726332000010e+00,7.873827773929999996e-01,1.307180521606376715e+04,7.269040489306037578e-02,2.815666529937426432e+01
1.452888446063000050e+00,5.445091318363999733e+00,1.083750672912999979e+00,1.070413260895183339e+04,2.678235459992664089e-02,1.786235028526680368e+00
5.091044160890000336e-01,2.761259446112999782e+00,2.688933663293000098e+00,2.960382330652378641e+03,1.730802459393981766e-04,1.465887977901691997e-04
2.478851726544000211e+00,1.893646533870000093e-01,5.708126533430000205e-01,2.067678790568146360e+04,5.344658254956415749e-02,1.280292251422555694e+01
1.527441205179999872e-01,7.019362461560000321e-01,1.328274373568999911e+00,7.537714277041995956e+02,3.327194505457112695e-03,3.886786950867551077e-02
1.263601383811000067e+00,5.880358724786000302e+00,9.305585677119999621e-01,8.994406787668523975e+03,6.445584180207154616e-03,1.559676991059194273e-01
1.041527939062000030e+00,3.003504669360999912e+00,2.461477660672999779e+00,7.068625252264107075e+03,3.001747195189527657e-03,2.217194357338350338e-02
1.822889900737000080e+00,1.066062612189000003e+00,1.404289874448999997e+00,1.418395123802922353e+04,6.086435951056639107e-03,1.540095668268158802e-01
2.895617068109999970e+00,2.852041563396999990e+00,1.356815035149999904e+00,2.496096217408972370e+04,1.001367486536885315e-01,1.266974594067006592e+02
7.966240637770000133e-01,4.669810309916000435e+00,2.353678711844000127e+00,5.076300335933708993e+03,2.063270774388908328e-03,1.733326505696477712e-02
2.522952296740999856e+00,1.680228902139000002e+00,2.108186580091000017e+00,2.112500852419658986e+04,1.895830863026287325e-02,2.310578308440003337e+00
2.243572687103999819e+00,5.829645911813000403e+00,1.950704872738999951e+00,1.830841711832347937e+04,9.208473414127844869e-02,1.193725360359359300e+01
2.049068685766000097e+00,2.765595031200999809e+00,2.177675551505000140e+00,1.638232321739667896e+04,1.703728894232266478e-01,1.286206566447788413e+00
1.782170973973999928e+00,2.028953573177000091e+00,1.835078666467000019e+00,1.379342741787727391e+04,5.677941248325026058e-03,1.210823552188293600e-01
7.820374253520000485e-01,2.612720403417000181e+00,2.499326379358000061e+00,4.963001294413506002e+03,3.990924478402444603e-02,1.029017343002888651e+01
