2.488376948647999853e+00,1.884261931368000020e+00,1.026182282468000029e+00,2.077348879175477850e+04,1.288706336837703442e-02,2.971215214335100052e-01
2.552193932565999912e+00,2.083119844308999991e+00,9.881646365599999760e-01,2.142291514712223216e+04,1.406463803090811891e-02,1.845468652577125779e-01
2.439215475595999827e+00,4.860538779848999624e+00,1.137630728967000016e+00,2.027505627294107398e+04,1.114530586610014418e-02,6.621545121437510950e-02
1.029814075009999996e+00,5.259275050891999648e+00,1.213840117715000000e+00,6.969874407234412502e+03,1.358885368616487808e-03,2.858722060265643239e-01
1.453961966687000062e+00,1.643052048079000071e+00,6.694351552399999683e-01,1.071398250126926541e+04,4.777282618852471754e-03,2.742562614931674803e-02
8.332758891010000335e-01,6.269307854217999854e+00,9.814851878920000106e-01,5.363908831237026789e+03,6.079740142292005406e-02,1.653566664558805499e+01
8.139368621620000077e-01,2.444825574460000039e-01,2.340559541041999925e+00,5.211641441078993012e+03,4.434113772641462038e-03,3.279958388709296874e-02
5.669277233530000126e-01,3.691665608690000155e-01,1.078876486478000052e+00,3.365520725337735712e+03,8.962380187931491549e-02,1.710555710869286150e+00
1.617044986672999896e+00,6.231495635360000396e-01,2.004602989228000176e+00,1.222804400250484287e+04,4.078110364548631073e-01,3.820761710332192820e+02
2.739922494971999800e+00,1.948974002428000007e+00,9.906063763069999917e-01,2.334828217428987773e+04,1.157753653935462423e-01,1.178439661260384668e+02
8.637900937729999784e-01,3.943830669813999990e+00,2.188462222036000160e+00,5.606424507904791426e+03,6.790990281536378737e-01,4.409091993990776928e+02
2.916262907629000090e+00,4.293606727661000377e+00,5.293073472849999517e-01,2.517583065745844215e+04,3.129054941284514779e-03,1.417929330415168901e-02
1.297528394823000086e+00,5.151720945983999655e+00,2.474532437439999899e-01,9.296672495775797870e+03,3.819291045131204595e-03,2.183731666568489507e-02
2.109421152967000168e+00,5.102665320630999979e+00,2.579772182455000173e+00,1.697666509020422018e+04,1.088348564027062787e-01,5.092001681045605466e+00
1.748172962869999902e-01,4.449223449614000181e+00,9.983577512400000353e-01,8.735084980815363451e+02,1.340398863207662924e-02,1.822453594714112113e-01
1.104733652279999978e-01,3.158877893580999796e+00,2.385040509457999836e+00,5.317604031878105388e+02,5.307661999683211188e-03,5.996262799905676538e-02
1.524659232404000031e+00,9.941403183950000555e-01,2.419999391640000219e+00,1.136612824991226626e+04,2.013190867856286537e-01,2.458601216952087611e+02
1.591097171314000080e+00,6.207084856266000372e+00,2.310862002626000056e+00,1.198490110505282246e+04,7.257417890301949559e-02,8.583600007663353182e+00
4.194977579979999871e-01,3.904470532178999864e+00,1.938279133695000045e+00,2.355793435404910269e+03,1.133779682831921737e-01,3.175896010787328905e+01
2.193068209114000133e+00,6.773813133810000497e-01,1.930402815484999923e+00,1.780537486273807372e+04,1.762416217249077391e-02,5.639928492921724157e+00
1.080496230697000071e+00,1.409034876280000070e-01,1.509037262429999915e+00,7.399335952900198208e+03,3.437527896858458276e-02,4.858426007202487629e-01
2.578980235062999782e+00,5.505570872813000172e+00,1.709309389446000083e+00,2.169629379552907631e+04,5.855292231215654397e-02,8.249076273878510790e+01
1.677250150227999947e+00,4.898341429971999617e+00,1.783748576665999952e+00,1.279525164539036086e+04,2.666040986460670448e-01,5.621681573626796080e+01
1.005352849252000080e+00,1.353511155969999935e+00,1.648235479405000037e+00,6.764677380826561603e+03,3.038958846868675470e-02,6.444094498671376847e+00
2.709463194595000068e+00,4.315196625330999680e+00,2.477144413571000126e+00,2.303442478986469723e+04,1.665486852842543164e-02,6.989933302905485535e-01
8.011792689719999805e-01,1.103474808382999939e+00,1.688027704663999984e+00,5.111819781947512638e+03,3.869899667405243913e-03,1.583904659883851040e-01
9.588758459049999683e-01,3.815243147998999884e+00,1.988420702508999938e+00,6.378728257382337688e+03,4.768192205199797348e-03,1.653332593095558634e-01
1.850557958103999923e+00,5.168024513360000016e-01,1.025326869666000063e+00,1.445026587103169732e+04,6.739367572038587606e-02,5.783571124871299673e+01
1.547281725042999989e+00,2.939644143249000141e+00,2.366679903979000077e+00,1.157620059726347063e+04,1.829378438704621235e-03,9.731031784467719095e-04
6.943491802319999850e-01,5.768280146953999932e+00,1.851006247343000011e+00,4.295638191989812185e+03,9.423217825423949034e-03,6.439172518457209060e-02
1.464143109094999895e+00,5.723273029891999819e+00,9.821142448999999885e-01,1.080747789836748234e+04,4.460419340146979349e-03,6.416901945883499159e-02
2.842928453911000020e+00,2.870407044251999995e+00,2.863255553151000221e+00,2.441367824894190926e+04,3.368267038603564578e-02,4.233663149544891979e+00
2.219896582298999999e+00,6.538969545320000298e-01,9.813124553500000014e-01,1.807234878230018148e+04,1.720518125224960657e-02,5.000661019365654214e-01
1.323017272243000031e+00,3.457528897197000184e+00,1.017974336605999897e+00,9.525015767550125020e+03,2.088366909669117991e-02,3.594561587595975216e-01
1.991242554472999915e+00,2.009229042796000009e+00,3.025020578559999951e+00,1.581580220137432298e+04,7.442276040215178683e-03,9.215318907783640601e-01
1.035059252174000077e+00,2.119436971813999815e+00,2.362492352579999899e+00,7.014054076025958238e+03,1.287247336590571778e-01,4.611487880230585645e+00
2.778877752700999793e+00,4.398412764666000285e+00,2.382522972547000073e+00,2.375047917010257879e+04,3.277285252787161870e-03,2.712558136798488145e-02
2.895688843075999941e+00,5.725548076894000360e+00,1.745439114485999976e+00,2.496170875816174157e+04,5.327751318524927976e-02,2.626565468217416099e-01
6.124425731839999720e-01,3.344146177223000116e+00,1.699610095121999898e+00,3.692092315964137924e+03,9.250111503412115910e-03,1.202459503330193663e-01
2.491097475694000085e+00,3.832755553291999906e+00,8.860844700129999474e-01,2.080111956936751812e+04,5.932364960550269573e-02,5.693400927193384575e+01
2.473921360263000135e+00,1.385207826468999981e+00,2.594620208299000197e+00,2.062675835705995269e+04,2.773557858457485065e-03,1.497845057664661805e-01
1.295804265047999948e+00,3.782627970357999914e+00,4.751754133319999740e-01,9.281264145455528705e+03,6.857623990099565026e-03,5.117687026840125886e-02
1.243729829149999994e-01,6.664655619870000214e-01,1.677841955999000101e+00,6.036848386705465828e+02,1.641171641392597750e-04,2.544381285150247726e-05
1.910026345379000068e+00,4.681255246023000360e+00,2.831556919700000119e+00,1.502521188685651032e+04,2.202613294113579812e-03,1.337919801943565981e-02
2.198154415314999888e+00,1.983427378288999954e+00,1.455575774126999899e+00,1.785594537751593816e+04,7.212293776621181429e-02,1.528347120644539814e+02
1.879283141288000003e+00,4.313059348869999754e-01,2.710700490059999801e+00,1.472755630777150873e+04,1.628042975718982377e-02,1.745957155328481669e-01
2.171174130638000133e+00,1.620568567319000008e+00,9.732558247179999844e-01,1.758792206420752336e+04,2.148762292987060635e-03,5.362034033855482551e-03
