6.075797573019999787e-01,3.573823205701000205e+00,1.707422572683999995e+00,3.656890948511409533e+03,8.840488025935025473e-03,1.288855500786524333e-01
6.687855944999999691e-01,5.432726944729999730e-01,9.051586973730000318e-01,4.105161929816612428e+03,2.870881604251902461e-02,6.342082183088034952e+00
1.059788214861999922e+00,2.943893950501999868e+00,2.241542112427000077e+00,7.223178574617026243e+03,6.852945624668951375e-04,3.962838546386461026e-03
2.463882947156999847e+00,1.711494290970000109e-01,2.715935862254000188e+00,2.052494678809195830e+04,2.184937837559631502e-01,2.010547297135198619e+01
3.075711232450000221e-01,2.971864350318000003e+00,2.637818174284999984e+00,1.644598153608767916e+03,4.748140299779549794e-02,1.219376981942975391e+00
2.262589241075999791e+00,5.312615204506999866e+00,1.957837042983999964e+00,1.849833678895705816e+04,5.379097565917856372e-02,1.201989929229892873e+01
2.465677187985999996e+00,5.163986932170000266e+00,1.649185272711999994e+00,2.054313955028335477e+04,7.657919611945783987e-03,8.740710639849690045e-02
2.419690395992000198e+00,4.048809332248000104e+00,1.140219601956000028e+00,2.007755597872739600e+04,1.167732101235757630e-01,2.232689862192114205e+01
8.588056239369999956e-01,1.545057971879000069e+00,7.295258293790000126e-01,5.566624670119301300e+03,2.590299076067564821e-01,1.192189974986058445e+02
2.515966107904000104e+00,1.304074023272000060e+00,2.011285353063000159e+00,2.105391754024331749e+04,4.524502481845159296e-02,8.336351498195684329e+00
2.575965421548000123e+00,1.517361782290000072e+00,1.325245439466000041e+00,2.166550128111739832e+04,1.498419414172701743e-03,9.070170120841544031e-03
2.121993448671000149e+00,3.291796931997000186e+00,2.037516752594000113e+00,1.710085881368933042e+04,7.262915085017929324e-03,2.697288862453985428e-02
2.636052094760000131e+00,4.095013234679999670e+00,1.988271824961000078e+00,2.228028210343010505e+04,9.764958674837101796e-03,1.256454932411444347e-01
