2.487697124100999968e+00,2.449898605377000216e+00,2.659690701035000160e+00,2.076658509785918068e+04,3.250754193130195313e-01,1.016890236956329829e+02
1.633593459819000060e+00,7.089423744270000327e-01,2.993991808456000214e+00,1.238353035391074991e+04,5.186210561311275580e-04,5.563313395656416336e-04
7.562669931390000322e-01,3.426777463366000198e+00,8.536738388500000330e-01,4.764512178694850263e+03,6.237304489357425874e-02,4.526130044809830721e-01
1.698082752297999987e+00,9.968381078479999768e-01,7.679693804920000311e-01,1.299248658140408588e+04,1.132319297624879012e-01,3.809444203002753682e+01
9.433330057080000497e-01,4.830286959291999693e+00,1.950598974515999950e+00,6.250853360776674890e+03,5.897487160335945083e-02,1.098167464579963450e+02
1.518254511449000033e+00,4.667592755351000378e+00,1.717079375374999994e+00,1.130677361745334565e+04,2.142311958640599062e-02,6.939728806708787001e-01
2.328706421275999805e+00,4.897856141023000376e+00,8.421110373479999689e-01,1.916077359889359650e+04,8.672038991638365141e-03,1.159921658706050407e-01
2.130841853984000167e+00,3.213638682123999946e+00,2.254414983494000158e+00,1.718834453151539856e+04,2.393001789298823123e-01,2.976867020600568026e+01
2.288200987333000036e+00,1.495441999961000024e+00,2.039054350465999921e+00,1.875455688863301839e+04,1.731194759506246225e-02,3.077704299261848320e+01
1.731466342530000035e-01,1.364645807320999937e+00,9.721727949009999481e-01,8.643568121991770568e+02,3.610584749675231353e-01,6.748171287626503556e+01
1.210238759732999991e+00,3.509505770416999848e+00,1.159031228599999963e+00,8.523019853011281157e+03,1.582565246252735924e-02,7.807858410180847919e-01
1.781056217808000053e+00,4.634558501017999710e+00,1.425558172671000046e+00,1.378276012841976262e+04,2.991231101464957975e-03,2.919263540369043120e-01
6.160994131400000101e-02,4.364303260740000079e-01,1.373292214359999930e+00,2.876033267559827777e+02,1.359619364304704148e-01,1.469819061667292459e+01
2.584672617145999940e+00,7.230780179560000187e-01,8.949080888160000358e-01,2.175444835249975222e+04,2.075804756762414660e-01,2.586123143252828527e+02
1.278952470320000034e-01,3.291048927907000099e+00,1.679245836476999987e+00,6.220804063466888465e+02,1.742689871615991470e-04,9.950080880416657122e-06
7.111127231189999787e-01,1.505011199804000110e+00,1.347892495296999948e+00,4.421544228864812794e+03,7.600806595064372659e-03,1.024175687869023355e+00
2.177784271220999823e+00,3.909916972631000132e+00,2.132130615510000049e-01,1.765353417880199777e+04,6.467521508665590065e-03,1.034938399045086249e-01
1.343030904246999890e+00,1.697543147715000034e+00,1.395898830629000109e+00,9.705043908902234762e+03,2.779407757717540853e-02,4.878106418797083066e+00
1.214003329804999920e+00,7.263599029409999464e-01,7.453921868099999681e-01,8.556107806246722248e+03,4.921836141993119612e-02,7.802862746654416704e+00
1.994422609631000043e+00,5.872243688449999555e-01,8.074655935519999828e-01,1.584688038603331916e+04,6.689632875393914518e-03,3.636098846908445564e-02
1.821162251702000079e+00,5.155645280526999663e+00,8.348038440230000079e-01,1.416734748119915093e+04,1.176556796753948017e-03,5.979141093616543653e-03
2.531777364772000105e+00,3.818779537390000201e+00,1.908045273349000093e+00,2.121485730993375546e+04,2.081830751870777929e-01,6.292579268883235244e+01
2.500564663765000084e+00,5.936072425882000125e+00,1.096775891278999993e+00,2.089730796248823390e+04,2.726459160669159488e-03,4.129443929079213566e-02
2.810214383089999934e+00,3.631662620265000196e+00,9.898966471250000287e-01,2.407465519572080302e+04,1.081434530684445561e-01,7.786039436418387361e+00
2.357991853245999803e+00,4.648787251539999943e+00,1.146616716642000045e+00,1.945521689093237728e+04,1.365548439687927626e-03,8.098666110250004463e-03
8.921038522619999522e-01,4.785002810280000185e-01,1.468555696444999947e+00,5.833837657970922919e+03,4.490678951546068221e-01,2.280795623140478412e+01
2.939407341871000057e+00,2.107476007220999925e+00,7.079390267949999815e-01,2.541697843717295473e+04,2.705284463701778871e-02,4.209382323779895962e+00
2.729324754564999900e+00,7.348722582940000470e-01,1.874203155707999890e+00,2.323901897011398614e+04,4.312389078210838722e-01,1.417215552853146789e+02
7.920812975900000108e-01,3.112559123872999933e+00,2.999655268445000189e+00,5.040942856128231142e+03,6.334551482993756866e-02,4.539676639271685410e+00
2.613877270928000041e+00,3.437191046650000192e+00,8.044656864700000520e-02,2.205313470111576680e+04,5.263187459687646008e-02,1.207910705738531476e+01
2.072098456683999945e+00,8.732844982699999870e-02,2.199023546227000026e+00,1.660875335604744396e+04,3.634190313324032751e-01,1.913020991727963462e+02
2.313778206129999848e+00,5.266590398535000439e+00,1.095891693972999903e+00,1.901092134662764875e+04,1.607230746510161096e-02,2.371410122572790158e-01
2.052125984383999846e+00,4.568766856815000388e+00,6.569773537149999898e-01,1.641235659793384184e+04,1.288192288830696842e-03,3.781538372325228027e-03
1.561651412253999949e+00,5.852780103459999772e+00,9.297913592540000272e-01,1.170997440067208299e+04,2.356888179859959950e-02,1.230386155098422529e+00
1.026652804508999983e+00,9.956687377609999556e-01,6.285232518459999973e-01,6.943277656010284772e+03,2.749906556053440584e-03,9.049623310543100652e-02
2.210277064618999976e+00,1.255810161607999964e+00,4.320252280319999971e-01,1.797655877341011364e+04,1.754067302653482818e-01,5.052643822145196140e+01
1.047527331309000109e+00,2.306279870202999849e+00,1.540718014902000110e+00,7.119321601309805374e+03,7.775028394630000353e-03,1.473283840103103703e-01
9.762992884440000463e-01,4.156996779483000282e+00,1.499781127587999974e+00,6.522796138432292537e+03,8.963363814724144285e-03,1.192552271712554290e+00
1.166682733093000079e+00,4.900180781367000193e+00,1.996673003556000081e+00,8.142106707755492607e+03,1.702296095756481798e-03,1.280772572754767386e-02
6.444589643679999869e-01,5.727612952924999945e+00,2.332428981446999838e+00,3.925655153745104144e+03,5.912007270243909221e-03,5.235299590717862328e-02
1.316815446639999942e+00,4.172457457909000134e+00,1.718904889814000025e+00,9.469358803565115522e+03,1.569770858939811137e-02,4.571991745472659296e+00
2.214967862182000147e+00,2.181250528795000143e+00,1.682739526098000038e+00,1.802326025171397850e+04,1.506606090611639984e-02,1.156303358309679896e-01
1.182725820421999918e+00,6.017627853382999881e+00,2.160608075759999913e+00,8.281994302258503012e+03,2.601240772003758361e-01,3.246978901365007886e+01
2.850043182714999901e+00,1.023206001236999896e+00,1.840477256860999944e+00,2.448748993967242859e+04,6.209784156135092145e-03,8.792672050971452047e-02
2.940882025821999868e+00,3.964026818474000180e+00,2.612699292809999907e+00,2.543235328783020668e+04,6.647024186537129134e-03,2.840722080680333980e-02
2.334861562266000057e+00,1.031189463207000001e+00,2.251892646494999983e+00,1.922260691565995876e+04,1.369660150578066726e-01,2.245734982736078322e+01
1.826887599548999930e+00,1.345381589263000111e+00,1.324819389708000061e+00,1.422238310946124693e+04,4.354937876834219512e-03,3.236092903351044103e-02
2.123123595607999903e+00,2.107393542362999916e+00,9.476916521460000409e-01,1.711202917665595305e+04,4.094225511841438105e-03,5.213059660598612366e-02
1.230806153744999909e+00,2.339298831120999900e+00,2.678192346583000205e+00,8.704105866938851250e+03,1.006141923311222076e-03,1.400266370968806726e-03
3.098080455400000210e-01,2.756383589768999887e+00,1.912456276020000068e-01,1.658294103331312272e+03,3.952623246305390636e-01,7.160270445974297218e+02
2.725952180678000047e+00,2.945715053159999819e+00,2.127635944600999807e+00,2.320426144109027518e+04,6.749938543411196368e-02,4.694029451753589655e+00
