1.271951226337999952e+00,1.499547426611000045e+00,1.176417192626000086e+00,9.068617040827086385e+03,6.481692566204909633e-01,3.109272678325194761e+02
1.717172167465000010e+00,6.085816891616000035e+00,2.142831724590000153e+00,1.317364191038632453e+04,8.642689686804830851e-01,7.010572163623273809e+02
1.667027769975000018e+00,2.943455516308000064e+00,1.759002516548000106e+00,1.269864925445520021e+04,2.942746317104694143e-01,1.147183555889696294e+02
2.546706639457000154e+00,1.561545617488999893e+00,1.827472829283999900e+00,2.136696952895000504e+04,2.126219947274064423e-02,3.394078466712227571e-01
6.297412442240000185e-01,1.243410969528000010e+00,2.227710598923999807e+00,3.817903051567722287e+03,5.725265170092744826e-01,1.252569247256540841e+01
2.259576050460000207e+00,4.920993207499999578e+00,3.151646608159999752e-01,1.846822543296242657e+04,1.939849099627674600e-01,3.286674091407922305e+01
1.687442882987000070e+00,5.569416560441999842e+00,1.272524942928999980e+00,1.289169163302831839e+04,1.727063380602048004e-01,9.601124172630233033e+01
1.893523457231000018e+00,3.742805238848000204e+00,4.335600323209999885e-01,1.486531840522170569e+04,1.992814520167067796e-02,8.888876026284671106e-01
1.953945473956999912e+00,3.094451400626999860e+00,1.635230996181999963e+00,1.545198449832040569e+04,1.557486480677327395e-02,4.201723901073655676e-01
1.292440921479999894e+00,1.287055501897000021e+00,5.504106526059999727e-01,9.251222602217674648e+03,4.698313515122110300e-04,1.105891622120585313e-04
1.527467745670999966e+00,3.760475815654999998e+00,1.522639347037000102e+00,1.139217249800351055e+04,3.380480595048960396e-02,2.757749747776589988e+00
1.447946331118999952e+00,3.369364719590000057e-01,2.271035255060000146e+00,1.065880806733080499e+04,3.843559095685513127e-01,4.310583295483801294e+02
1.940856911145999897e+00,2.828942367799999857e+00,1.278411288009999869e-01,1.532461208423630524e+04,2.489624951376272557e-02,5.983706306841622968e-01
2.013014250490000046e-01,4.933215822358000047e+00,2.681900338235999826e+00,1.020497120107957699e+03,5.437831541068580306e-03,1.770390119329348297e-02
9.185063747000000306e-03,1.054530253268999962e+00,9.694652081319999892e-01,4.138823784654585580e+01,5.995337281990352181e-04,4.820749499318972495e-03
4.375687180010000010e-01,2.232572509938000049e+00,1.500939619111999912e+00,2.475328975332264690e+03,1.242419532738029825e-01,5.413850670962441569e+01
