2.493148864114000052e+00,6.159731878598999621e+00,1.328184463384000091e+00,2.082195644818706933e+04,5.465228090351965419e-03,9.925666186532627888e-02
1.835684827836000066e+00,3.380252044492999985e+00,1.360235550977000107e+00,1.430701177024594290e+04,1.413655558678589830e-01,1.367310219870879529e+01
2.732391081928000176e+00,8.473460708960000032e-01,1.192759093282999894e+00,2.327062610295699051e+04,5.715189630148310995e-03,4.534669576441341943e-01
3.750671985280000231e-01,1.542843824418000054e+00,1.839974924223999997e+00,2.067312497735673332e+03,4.670153142808995683e-02,3.642518359972203967e+01
3.066058880099999939e-01,1.352897881402999936e+00,2.237260300360000009e+00,1.638695151393865444e+03,1.355494674946908966e-03,4.207745076462107194e-03
1.114943431880000002e+00,2.624878594462999981e+00,1.894009252290999923e+00,7.694392355618385409e+03,6.171608447218708271e-01,3.110633804655493577e+02
1.607909253794999938e+00,4.134461395399999795e-01,4.711556760410000044e-01,1.214234532301230502e+04,3.516232659418749851e-02,2.832879296744617914e+00
6.878037275689999896e-01,2.385498392535999823e+00,1.618944021639999953e+00,4.246690630784539280e+03,5.438842927487550459e-04,2.748693299073430053e-03
2.577984832314000219e+00,1.027290528184999996e+00,1.814634907947999976e+00,2.168612609704086572e+04,4.398432826103638592e-04,1.067102756433153249e-02
2.153116743625000051e+00,3.158014092100999815e+00,1.127442044067999971e+00,1.740886274115124979e+04,4.579373018860753430e-01,3.547863786262738017e+00
2.529726218552000194e+00,5.870506617272000405e+00,2.073469841071999831e+00,2.119396985537767614e+04,2.208674159084581326e-02,1.333801465537664654e+00
2.676508055296999977e+00,3.469746400367000216e+00,5.671115942659999964e-01,2.269547521417749886e+04,3.866448327179289324e-02,3.121280665149172240e+00
1.663763361150000009e+00,2.146095558773000178e+00,2.100718639919000097e+00,1.266782537500567923e+04,1.727040838911494090e-03,4.525578626416439099e-02
1.706833108225999984e+00,1.350563166559000106e+00,1.286850372371999951e+00,1.307547603255434115e+04,2.599708126204879066e-02,2.170558289353130554e+00
1.496310826143999906e+00,1.431542756682000039e+00,1.812504330971000055e+00,1.110382026892685099e+04,9.479529886161997074e-04,5.358415579892693813e-04
2.123282964368999881e+00,2.996965622308000121e+00,8.015673839729999806e-01,1.711360448591002205e+04,4.998254149596504173e-03,3.147550304208018845e-02
2.805237429820000017e+00,6.992987269099999459e-01,1.402430806266000030e+00,2.402313120562866970e+04,7.507185803738307683e-01,5.319747113779941401e+02
2.131219569159999994e-01,4.005703088950000046e-01,1.714419041118000031e+00,1.087244359629802830e+03,1.910356351409949496e-05,1.803583641750315582e-06
2.455866224670999909e+00,6.070941217458000416e+00,2.642045323514000010e+00,2.044368909224610616e+04,4.654231976594161435e-03,2.969545500349864489e-02
5.479686134050000268e-01,2.316414503612000075e+00,1.371057699847999967e+00,3.231451908542631827e+03,2.743381829758962634e-04,2.310483127877763828e-03
2.700285096680000163e-01,3.657431883046000198e+00,1.316152920591000086e+00,1.418081150086261459e+03,7.210312268816122545e-04,5.252150803415493556e-03
4.276001043029999948e-01,3.396908669405999781e+00,2.242372748713000075e+00,2.409234425422307140e+03,6.795449291594143904e-02,3.595753086247972874e+01
3.459852137569999764e-01,5.457621027411000192e+00,4.051243068709999839e-01,1.882813755474287518e+03,6.459023599092421006e-03,2.397419230798047626e-02
1.064953770397000010e+00,2.659233677322999867e+00,2.650198580730999787e+00,7.267033200293692971e+03,3.208879638033877019e-02,1.685799727378256563e+00
6.160187498339999568e-01,4.785575520559999796e-01,1.594322386485000020e+00,3.718026351076409810e+03,1.219403003667462043e-01,1.375270927527090947e+01
7.753162759199999643e-02,6.135046975135000302e+00,5.481983231100000520e-01,3.656461080485007074e+02,4.246551208163956703e-02,2.198065114614114357e+00
2.685452315911999843e+00,4.539458471678999629e+00,8.548773802689999535e-01,2.278740372261346056e+04,2.663970882572766052e-03,3.161504656263283610e-03
2.946867473820999894e+00,4.647070097787000087e+00,2.182281840330000111e-01,2.549476898376310783e+04,1.120738234715130954e-02,8.253485343125945839e-01
2.679683154665999822e+00,1.770995741599000084e+00,1.642932016375999948e+00,2.272810310417309302e+04,4.694242706086821336e-03,4.012610178206378608e-02
4.166108856060000143e-01,8.353802979950000207e-01,1.844978300798000070e+00,2.336813480533564416e+03,3.691556648720099865e-02,4.758937865102304876e+00
2.450560319171999790e+00,2.659205600802000191e+00,1.284691731694000083e+00,2.038993216443174606e+04,7.086943502510890946e-02,1.163524401995202240e+01
5.116034536619999962e-01,5.981304255958000304e+00,2.402365982795000132e+00,2.977657340107807158e+03,1.496692183059764730e-02,2.429566036120338612e-01
2.832902658616000213e+00,5.068912456500999753e+00,2.787771302044999899e+00,2.430971440085313225e+04,2.529936504687000298e-04,2.988626014572037971e-05
2.580764439336999949e+00,3.800292784175999916e+00,1.283436967414000041e+00,2.171451904103289780e+04,1.067097853832577742e-02,3.048278382413966980e-01
1.761055383633000071e+00,4.296702763119999990e-01,2.204196066929999809e+00,1.359158977802907793e+04,6.748089878493282456e-02,4.756165623196613623e+00
2.977299223745999868e+00,4.200287604071999858e+00,1.790491253229000046e+00,2.581240445202833143e+04,1.160576090651778587e-02,3.104455326817721628e-01
2.030486233281000086e+00,5.899179647062999798e+00,1.230022953560000021e+00,1.619995206243776738e+04,2.199215497375640264e-03,1.860082558939282760e-02
2.418114433488999904e+00,6.043957540040000076e+00,1.240786394639999957e+00,2.006162634187582080e+04,4.695792647344369519e-01,1.395369172231473165e+01
1.197014139131000077e+00,1.205926907565000095e+00,1.001933557834999933e+00,8.406990788702680220e+03,9.930696285141711599e-02,4.037968414603269451e+01
2.330499016962999992e+00,4.614941366959999791e-01,2.036102462444000061e+00,1.917877851323227151e+04,2.199471204555804305e-02,8.170480014076484387e-01
2.243940359360999892e+00,4.288006565536999659e+00,2.995314796484000119e+00,1.831208644023807210e+04,2.693798407667278693e-03,1.366891822851377773e-02
1.759570943776000096e+00,5.513019039042999836e+00,8.968191244659999839e-01,1.357741828688301212e+04,9.631269781998191837e-02,1.082031602451386831e+01
2.904788680458000094e+00,4.178318936664999761e+00,2.236618165539999925e+00,2.505638523129419991e+04,1.517231785805099042e-01,4.890723740504782313e+00
2.281384216979999824e+00,5.731635964901999891e+00,1.608039642260999935e+00,1.868631354215553438e+04,8.474575413259838319e-02,2.915607753710472849e+01
2.120130587319000171e+00,4.437963670945999972e+00,2.505313149226000125e+00,1.708244857375606443e+04,1.047372547335262617e-04,1.145313575091027984e-04
2.341883610699999896e-01,2.327562093910000018e-01,2.778502116658000176e+00,1.207907662506014276e+03,1.566640689748009518e-01,1.231781854713253068e+02
2.524782597836999987e+00,1.776895389060000108e+00,2.590482671614999788e+00,2.114363829147327124e+04,1.370324792294657160e-02,3.308933482037215157e-01
2.764299041021999859e+00,4.635405233254999757e+00,7.243371283609999489e-01,2.359985626501186562e+04,5.371484554775873138e-02,4.304158445629348684e+00
6.566390052430000068e-01,5.680644562274999920e+00,9.796130941430000183e-01,4.015315259206213341e+03,1.184460674753966703e-03,1.872435396666091365e-02
