1.910652185860000074e-01,6.187165654999000175e+00,6.538915987569999810e-01,9.632621394666391552e+02,4.093635969873892222e-01,2.388563622298441658e+02
9.892646211419999780e-01,3.632955547107000083e+00,1.524054000800000030e-02,6.630485958828990078e+03,6.299143305914834956e-01,6.656078758621507632e+02
2.363887985540999992e+00,4.138339216526000008e+00,2.822092909654000170e+00,1.951457289282611237e+04,3.973544596086259206e-02,4.813464787533975553e+00
2.400700102620000109e+00,2.225198520305000205e+00,1.515948354307999901e+00,1.988571921723665218e+04,4.506162328167235762e-03,2.962801745215573254e-02
1.738434199936000013e+00,2.272195325140999866e+00,4.411705269849999778e-01,1.337588460115113594e+04,5.068458681039668401e-02,8.306790961588180977e+00
9.700119476700000409e-02,3.809081063204999840e+00,1.972832696678999964e+00,4.630782039294368815e+02,1.151769961676146889e-04,5.701387337925413598e-04
3.698579788840000160e-01,3.528105917552999848e+00,1.169219625118000039e+00,2.034008081146645281e+03,5.918872511096792861e-03,4.264300705691093651e-01
2.813937899133999831e+00,3.500498455624000194e+00,1.593168557680999964e+00,2.411321219284371546e+04,1.016348964354442212e-02,4.174772598787745287e-02
1.800876520637000100e+00,6.967284781900000279e-02,1.180024924782999918e+00,1.397261598172911908e+04,2.662688743939045101e-04,6.055529818330320641e-04
2.100757683373000173e+00,2.514875393915000146e+00,9.169050960619999913e-01,1.689116033998798230e+04,9.060485818576108005e-03,1.762641965329719562e-01
1.156556049119999985e-01,2.869666992340000000e+00,1.496218840317000032e+00,5.584509183210285528e+02,1.804761025690486131e-01,4.152394071790127761e+00
1.310827069397000111e+00,2.571112009724000114e+00,1.910620669817999939e+00,9.415676516396781153e+03,4.294693275898107954e-02,5.824559318731061808e+00
7.849485485700000154e-02,3.798311721157999976e+00,2.956308150418999858e+00,3.704150441004063055e+02,9.905365322425494900e-05,2.749174974585266663e-05
1.629215965638999952e+00,3.082421492997000190e+00,3.564928091169999869e-01,1.234236891098308479e+04,7.723348485572729683e-01,1.646742087528594709e+02
2.206872755401999786e+00,9.830380644380000144e-01,8.386173016879999720e-01,1.794267624297365182e+04,2.880356583442143792e-02,4.350397841281128386e+00
1.708346907341000032e+00,1.249177589152999923e+00,2.504662954481999826e+00,1.308984168629861597e+04,5.157051583226403106e-03,8.342121385378302445e-02
1.438449391290000101e-01,1.766224227806999947e+00,1.886079627600999897e+00,7.062262471319462520e+02,1.098614538166216431e-01,5.274968825051914934e+01
1.715585211429999923e-01,6.910864617759999717e-01,2.374529947905999805e+00,8.556707457697561949e+02,5.840870662243894231e-04,4.043363563252743939e-04
7.914763889489999649e-01,6.214531696050999976e+00,1.318214029845000024e+00,5.036239617884042673e+03,3.408108423873776761e-03,5.794644222415838708e-02
1.165556920013999909e+00,4.644241584623999941e+00,2.554662271570999899e+00,8.132308689121917268e+03,5.663820528429577839e-03,1.115026432897171654e-01
1.590628134864999987e+00,5.817543319371999644e+00,3.036765028119999821e-01,1.198051332194300812e+04,1.260900875501520454e-02,1.107311637706710344e-01
1.239061264882999946e+00,3.298698067811999923e+00,2.410378799880999789e+00,8.777001518515169664e+03,8.123880593474593903e-01,1.182287224015448857e+02
1.714481196643000027e+00,6.279595099577999662e+00,9.281313295730000412e-01,1.314808071411716992e+04,1.670905302198542886e-02,3.444614848855361289e-01
1.361615413895999938e+00,1.637986807954000090e+00,4.969754553440000056e-01,9.872781836341406233e+03,2.950625963583247604e-03,1.899419693847292923e-02
2.284398283758999781e+00,3.496576912421000216e+00,1.017227069332999889e+00,1.871648334693110155e+04,2.814449212999466932e-01,4.024681113163531876e+01
2.676097255893000071e+00,5.631356643575999854e+00,1.587086674755000093e+00,2.269125421470918809e+04,4.529293264557753516e-03,1.839288287574480096e-01
2.680790255529999833e+00,1.054445932366999905e+00,1.680907379763000087e+00,2.273948129230183258e+04,9.149782316583482053e-04,6.327789907670838994e-03
2.060982069381000148e+00,5.883869149699999745e+00,1.555813634451999938e+00,1.649939975198363027e+04,7.246960678162644998e-01,8.142249280777583635e+02
2.995680413641999884e+00,4.994048852789999771e+00,2.188539875425000059e+00,2.600449746998667251e+04,1.021747905942204104e-01,1.609213262060238137e+01
2.199654530394000052e+00,6.038791042646000307e+00,1.261537315980999940e+00,1.787086445643996558e+04,3.659384716202397636e-03,9.268456353660914360e-02
1.112636967055999904e+00,1.110471744435000074e+00,1.424176825108999900e+00,7.674559187675819885e+03,2.923827983862462010e-01,1.214245582959552792e+02
1.043999830353000036e+00,4.145685974118999972e+00,6.241880425960000256e-01,7.089503565013685147e+03,7.078442202984822637e-04,5.814452717380379828e-04
2.801510842698999859e+00,6.252277814923999699e+00,2.881926557628999852e+00,2.398456090442191635e+04,5.843654598923312196e-03,3.695457077865313411e-02
1.081191397395000031e+00,6.373060393439999860e-01,1.169121574213999981e+00,7.405265616378013874e+03,7.720848711111495850e-03,3.423793085042157180e-01
1.191929405038000045e+00,3.985502675554999819e+00,2.957569706956999944e+00,8.362464941058688055e+03,8.479682033510121952e-02,1.219577078352443245e+01
2.907959871229000015e+00,3.208507784952999931e+00,1.676458767471000089e+00,2.508939011019074678e+04,1.849902256923510388e-02,4.090216689543942352e-01
2.871313518451999780e+00,5.885916193691000053e+00,1.487072037739000097e+00,2.470832644575406084e+04,5.234483131341264965e-03,2.509507840383673472e-01
1.678850759047000096e+00,6.109454682520000013e+00,5.488809524919999738e-01,1.281038829865469415e+04,3.903051025172019680e-03,5.168896645418433189e-02
2.790742861500000171e-01,5.748777878259999641e-01,6.263561691740000548e-01,1.472075326396531636e+03,1.459821781780178390e-03,3.117875715968311534e-03
6.802002357459999704e-01,5.432233364316999769e+00,1.133307467730999996e+00,4.189983163393239010e+03,9.924064573214430585e-02,1.492529387528412599e+02
1.369924989153000094e+00,2.704719637164000101e+00,2.008571554392999836e+00,9.947954583274784454e+03,1.298463207070648740e-03,7.145844059827653402e-03
2.519271573945999876e+00,4.798629051636999598e+00,2.651239415300000068e+00,2.108754974441431114e+04,2.314680865713643343e-02,8.446900894866816722e-01
2.228273456894999782e+00,5.664052765470000139e+00,2.015473638766000164e+00,1.815582319811997877e+04,7.706211115537771328e-02,9.128484758774091290e+01
6.770736775600000312e-01,2.681320356309000008e+00,2.788596966791999865e+00,4.166712809405409644e+03,2.797186957918913145e-03,4.662724470116479114e-02
1.363712711175000036e+00,3.754815027354999835e+00,2.751555604542999856e+00,9.891745056165449569e+03,1.194360281890599965e-02,9.461349879634067817e-02
2.877163421762999995e+00,1.624220572600999946e+00,1.480631335325000020e+00,2.476910636829554642e+04,2.455585718277016882e-01,4.667964535083532240e+01
2.755971431979999942e+00,2.639773459514000109e+00,2.611991749827999865e+00,2.351387341245708740e+04,1.983917245107090412e-03,4.108099706006903412e-02
3.064649041599999957e-01,2.912537364618999813e+00,1.150559422338000015e+00,1.637833293749906261e+03,7.237593436206726620e-03,1.494772084737607531e-01
7.688839921300000269e-01,2.187713534094000156e+00,2.065115678653000053e+00,4.861419599326649404e+03,9.730326031726049818e-01,5.969511698595816824e+02
2.179168296610999978e+00,9.753642968300000327e-01,2.134361500793000133e+00,1.766727504076142941e+04,9.418259139727391555e-04,1.159333145508500886e-03
2.600356522155999883e+00,5.923479365474999980e+00,6.573130822560000475e-01,2.191478620618759305e+04,9.391132680278605968e-03,1.425412405534243476e-01
2.454367889604000208e+00,2.608702109209999898e-01,1.144656799880999998e+00,2.042850673228825326e+04,3.238322125123773709e-01,1.476143011965052949e+02
