2.951745055038000221e+00,4.873063915330999585e+00,1.091514385880999916e+00,2.554564744843349763e+04,1.732228138249213567e-01,1.367081827133537502e+02
1.745173641347999904e+00,5.089700103752999638e+00,2.036667169667000010e+00,1.344009161575505095e+04,4.849865578684485479e-02,2.635264790355687392e+00
2.910453707530999967e+00,6.148513098889000439e+00,3.355106758449999949e-01,2.511534891641364811e+04,2.052912404307788083e-02,4.746776242706872706e-01
6.119243805940000058e-01,5.314530390427999684e+00,2.864321872834000082e+00,3.688337704726176980e+03,1.646909307880321804e-02,2.720888407652677365e-01
2.626401416149999890e-01,1.794439231490000120e-01,1.818357807291000050e+00,1.374260300053589617e+03,6.439254607563293020e-05,2.906797749184392515e-05
1.117621891446000104e+00,4.501255479262000314e+00,7.802279198889999767e-01,7.717437980334090753e+03,7.874956524940035247e-04,5.314478438833107089e-03
1.998310390000000103e+00,2.308575257028000038e+00,7.240682866230000458e-01,1.588488735558231929e+04,4.435272384366691079e-02,7.444846922393296040e+00
2.665370522539999842e-01,5.399297186621000222e+00,7.442252294579999594e-01,1.397341545166086462e+03,4.414274377893297532e-03,5.437407703418145610e-02
1.335409049366999890e+00,5.823995737805000239e+00,7.393616783549999960e-01,9.636408103907293480e+03,1.945608879663544011e-01,3.779305797445799442e+01
1.350300586723000018e+00,4.488461816631000190e+00,2.946085730219999976e-01,9.770593603651306694e+03,5.227914115418345886e-02,6.338797151957852316e-01
1.170467607648000063e+00,4.063680967166999558e+00,6.381499777239999505e-01,8.175064582967695969e+03,1.649829784856097006e-02,4.095273019321361563e-01
