7.188866321989999530e-01,2.687051513856999918e+00,2.805754839302000203e+00,4.480195536518410336e+03,6.792376274370658064e-04,1.185574879917499326e-03
1.578409192919000059e+00,6.541973150799999803e-02,1.439907561946000003e+00,1.186630600148458143e+04,6.087901140842954216e-03,7.433123940577853750e-01
2.869579699367999837e+00,4.942438475812999776e+00,1.203710530274999968e+00,2.469031577329380161e+04,7.764733460422738355e-03,5.327645649069819855e-01
2.619831132853000177e+00,4.617435329663999610e+00,1.943494426728999969e+00,2.211409284511272199e+04,3.365905954659717796e-03,2.114092389903682589e-01
1.142959249780000075e+00,5.473060208916000313e+00,2.950435543169999786e+00,7.936161083791403144e+03,9.315944417198215258e-04,3.183256349844679027e-03
2.564379914220999979e+00,5.255238225850000333e+00,2.162795281211999932e+00,2.154722682934217300e+04,1.840988965876976247e-01,2.554737575658240090e+01
2.180617755292999949e+00,3.051612862298000106e+00,1.241450706701000106e+00,1.768166993009660655e+04,6.068981553241017263e-02,5.266551997618375225e+01
3.818524297720000127e-01,2.505861396952000053e+00,2.255590366467000063e+00,2.110858493842783446e+03,1.046872952703161407e-02,6.241423684493536683e-01
2.481509914267999939e+00,3.876717143327999882e+00,1.569785478248999944e+00,2.070376794185614926e+04,2.964719490237765088e-03,1.804392569857134546e-02
7.471616955800000071e-01,1.188788889989000008e+00,8.353143928409999530e-01,4.694902872193836629e+03,1.964021791470017472e-02,9.308537022483781342e+00
