1.727872698866999901e+00,2.636804887828000155e+00,1.873747040320000057e+00,1.327536309291281395e+04,1.660771576602265622e-03,3.045756751424181282e-03
1.960730685674000107e+00,2.186703305809999942e-01,1.732041584604000040e+00,1.551807733230561644e+04,1.567421466055630153e-01,1.550494541785169211e+01
2.445764740862999886e+00,5.541997794049000170e+00,8.164862425619999753e-01,2.034136213239361314e+04,7.363161209943241969e-02,1.378434421033655610e+01
1.853630928999999965e-03,1.633818604997999913e+00,9.179709733199999944e-01,8.309548635287727691e+00,2.052214649960258652e-02,8.953637063351282954e-01
1.222738887642000005e+00,3.684934117320000091e-01,1.601195863610000103e+00,8.632987209698902006e+03,7.091727546131612299e-04,2.548861545120919897e-04
2.824336852465000103e+00,1.201834320442999982e+00,8.716462909809999937e-01,2.422093484455509315e+04,4.866013466182054527e-03,5.617032624489724096e-02
1.934380517631000052e+00,3.678591583844999846e+00,1.689434413904000065e+00,1.526164521839718327e+04,1.394956717425020198e-01,1.586659482663974785e+01
1.325848658620000009e+00,4.858214388168000220e+00,2.291252526801999867e+00,9.550446049333997507e+03,1.979076967129471953e-01,7.159180054449249155e+02
1.090235663170000091e+00,1.687989899643000058e+00,1.810709195210000066e+00,7.482505737779226365e+03,2.745942514986992201e-03,7.900070045173589184e-03
1.484329616564999954e+00,3.383972804882999785e+00,8.097424568619999707e-01,1.099327914390632577e+04,8.382244426903251097e-03,2.574606545756712994e-01
2.541332826015000101e+00,4.989381635027999806e+00,9.098501969790000476e-01,2.131219983988303647e+04,9.347854321456273985e-02,1.532657773267057699e+01
1.298416620629999907e-01,3.086088385191999794e+00,1.461420479660000105e+00,6.322750185540271559e+02,6.840223527897260937e-04,7.054497482481582316e-03
6.272684084049999775e-01,1.450524859554999990e+00,2.460739219548000012e+00,3.799862696585179037e+03,1.820219050982004082e-03,3.537297185916589860e-03
7.022251462420000534e-01,5.731589377647999584e+00,1.532751933184999915e+00,4.354694866280148744e+03,9.564312837691246391e-03,5.388648417080459385e-01
