8.754197205379999902e-01,3.472181539279000084e+00,1.563290731529000110e+00,5.699559938345215414e+03,1.177802912816871932e-02,1.038543646281538813e+01
2.539314072867000061e+00,4.129924529720000237e+00,2.276590943946000145e+00,2.129162961383732909e+04,1.887589702327192587e-01,8.541878324798956257e+00
1.721660736333999964e+00,2.002533344646999947e+00,2.928096782652000130e+00,1.321629587677346717e+04,4.180485954847538155e-01,3.266323348998952980e+01
2.367364006177000046e+00,6.037882159755000089e+00,2.379381560821999919e+00,1.954957745487516149e+04,1.464884654327545596e-02,3.083245048679312261e-01
2.207394846494000085e+00,4.853404700599999622e+00,1.584185302345000101e+00,1.794787191700894618e+04,1.677105845611221446e-01,1.039402113754711650e+02
2.113798404778000073e+00,1.794576162233000094e+00,2.044011104902000220e+00,1.701989038898270519e+04,1.029586343202290241e-02,1.055639008240883303e+00
1.919445535641999934e+00,1.227946049645000093e+00,1.542977810200000022e+00,1.511658835898176767e+04,1.841786237768340594e-03,1.877865561124760288e-02
1.514677231250999956e+00,2.292450627279999931e-01,1.892952375928000031e+00,1.127364474070514734e+04,4.231430560694452586e-02,9.718140044810912315e-01
2.526992233610000138e+00,2.055094705768000019e+00,2.308498338364000091e+00,2.116613313218200710e+04,5.950175040219650435e-02,1.631843307248217556e+01
7.290240044650000417e-01,6.067424381912999820e+00,4.355616077619999804e-01,4.556926190074455008e+03,3.645265710060827374e-03,1.746383134727786182e-02
2.625169955780000119e-01,5.430814271715999730e+00,1.839885819168000092e+00,1.373532062935289105e+03,1.258174720407881711e-02,3.483861832928425439e-01
6.180806263960000324e-01,9.075429646749999524e-01,2.586343175192999944e+00,3.732996691243684836e+03,4.614073009783324977e-03,2.421205976495211798e-01
2.726642327556000112e+00,1.000445948065000090e+00,1.553878069093000081e+00,2.321137353522314152e+04,9.338303571668295222e-03,1.491445296134376597e-01
1.799149056912999978e+00,1.153307297143000065e+00,1.664704609668000046e+00,1.395605270617609312e+04,3.070569325940012209e-02,5.431259680169204351e+00
2.248929163654000085e+00,5.468736257259999567e-01,1.330629138810000001e+00,1.836188469969037033e+04,4.794358769177524057e-03,4.468276190581910168e-02
9.516349077339999463e-01,5.946810846371000103e+00,1.134588620359000100e+00,6.319078946506425382e+03,1.833635915433169336e-04,2.955077959116766278e-05
1.560437043877000107e+00,8.593434971660000032e-01,1.171293873008999897e+00,1.169865942923871262e+04,3.831788748383607723e-02,5.267459095261474433e-02
1.465575320638000001e+00,1.858311011275999958e+00,1.518051027955999999e+00,1.082064185499903942e+04,2.998064837759686907e-01,1.085786160846539588e+02
2.774376883010000183e-01,6.836282880199999745e-01,1.752800048326000004e+00,1.462278662083384916e+03,1.362486447892331462e-02,1.322392702151999000e+00
1.736432241170000057e-01,6.268146770355000008e+00,1.418498520879999947e-01,8.670755604906174767e+02,3.443790992650731103e-03,2.261459626302071979e-01
2.048961696066999849e+00,5.656091174211000272e+00,8.122355063880000170e-01,1.638127234751895776e+04,1.209640946157691244e-01,1.634533209639240781e+01
1.956184287449999892e-01,4.961904107521999840e+00,2.065691831735999795e+00,9.886557484656073029e+02,3.624473456770021997e-03,7.947663515586413097e-02
1.937116873081000001e+00,4.717658968941999653e+00,1.470486358612000055e+00,1.528824455080903135e+04,6.802100121504764951e-01,9.827322503189089957e+02
5.021061345999999759e-01,4.277547241699999891e-01,1.891982759008999926e+00,2.912121145906869515e+03,3.499034050659248496e-02,9.705305646804040620e+00
2.307771468134999893e+00,2.884332850029999840e+00,1.493190028344000053e+00,1.895067149584885192e+04,7.214240766842269226e-01,1.263011394452443596e+02
2.602808741664000003e+00,5.497057034947999909e+00,1.236951091566999894e+00,2.193986960779520086e+04,1.335568519640681073e-01,7.333578340875942558e+01
1.891905031295000095e+00,7.646475104550000124e-01,9.093063297529999645e-01,1.484965171627760537e+04,9.298983694146350024e-03,6.275063861296054091e-01
2.943572096350000056e-01,9.571654952560000318e-01,2.119724001063000074e+00,1.564146371578119670e+03,8.269774721472109838e-04,5.069764258452866788e-04
1.679983575202000035e+00,3.495565324889999825e+00,1.679795804077000021e+00,1.282110284464682991e+04,3.776335146784190293e-03,9.085805958169659857e-02
1.688349892693999932e+00,1.461014018478000054e+00,1.074261932795999908e+00,1.290027909177870970e+04,2.713193431099394370e-01,2.089496882542668175e+02
1.681368863709999939e+00,2.935002382450000002e+00,2.872373918484000033e+00,1.283420734559167431e+04,2.467270546714732220e-03,5.034638890466890393e-01
2.109877113930000103e+00,8.716874058239999501e-01,2.665205867906999870e+00,1.698116695343975152e+04,3.119539293662494227e-03,2.822832207859973103e-03
1.126324191923000040e+00,2.033316166059000007e+00,7.194277821090000469e-01,7.792414092455527680e+03,2.341066314490868050e-01,4.442832911959877151e+02
2.555488040273000028e+00,4.174680193278000218e+00,2.127652800672000133e+00,2.145650959464148764e+04,2.135499492398327745e-03,8.940723155451801851e-03
1.232027160080999995e+00,1.380374145088999915e+00,1.508596039523999899e+00,8.714880163647529116e+03,1.548618624641651858e-03,5.037478180607121887e-03
6.497134347209999605e-01,6.131614338643999851e+00,1.518866478177999912e+00,3.964280843065200770e+03,2.104753709724924669e-03,2.337012670366676176e-02
7.471568600399999815e-02,6.024469851639999707e-01,7.688821210039999965e-01,3.517353214875042795e+02,4.018117544656676920e-01,8.180332393971603722e+01
2.782985669721000033e+00,2.484803621320999856e+00,1.272463669940999909e+00,2.379294315643657319e+04,8.947266674300432057e-03,3.208646014325744922e+00
2.357564581331000220e+00,3.379294257609999796e+00,1.702244946413999926e+00,1.945091626540059588e+04,3.940254692446031048e-02,1.830112840032794008e-01
2.121545719261999974e+00,1.217124349130000033e-01,8.733314942009999804e-01,1.709643374199994287e+04,2.500751186987912843e-03,2.481866211266032032e-02
1.767194906510000108e+00,2.060314566840999895e+00,1.657004105641999958e+00,1.365022745293461412e+04,9.273088466992380173e-04,2.217729321878686780e-03
2.144999552832000056e+00,2.645009071471000173e+00,1.004025296208999940e+00,1.732845704223715074e+04,1.488676575164446514e-01,2.384355684860792479e+01
2.005675593279999946e-01,4.585556629920000127e-01,8.967115385980000131e-01,1.016376195126541120e+03,2.755001533610723511e-04,1.029786699232874709e-03
2.833118098532000140e+00,2.351049329208000138e+00,1.757938256799999932e+00,2.431194784809214980e+04,7.564648625661669163e-04,1.707257531366570408e-02
3.402725676139999877e-01,2.871612736837999780e+00,2.060227876287000104e+00,1.846987331122396427e+03,6.651925683568663851e-03,7.879340590452012238e-02
1.889715753389000108e+00,1.317749338132000014e+00,1.087992419252999943e+00,1.482846321981330402e+04,1.564841056148875238e-03,1.521224408256311410e-03
2.790206926245000219e+00,3.140619773003999970e+00,1.478243129663000088e+00,2.386761382499996398e+04,2.908825810100508155e-02,3.733976986895593431e+00
1.994376642256999954e+00,6.757688215160000400e-01,4.614600688650000171e-01,1.584643108825536547e+04,3.945386683352105316e-03,5.231939266867689786e-02
1.638427368721999899e+00,6.040464937880000384e+00,9.336520598169999463e-01,1.242900977126972612e+04,7.377727762607469986e-01,1.345815995699478265e+02
1.705398038910000136e-01,4.292706074053000087e+00,2.932904140178000052e+00,8.501058488486783062e+02,3.903120675029883579e-01,4.292111321667813399e+02
2.875436561992000151e+00,3.472000118074999975e+00,2.654222563650999955e+00,2.475116248696690309e+04,1.224030487299858708e-02,2.124314171870465839e-02
1.316584989974999953e+00,2.378422083193000081e+00,1.700066987825999965e+00,9.467291823113328064e+03,1.641911163611790500e-02,7.288928558419687231e-01
2.897632422755000103e+00,7.968054574309999527e-01,5.395216163270000198e-01,2.498192647578375909e+04,1.598575562045923557e-03,2.004662143634742752e-02
1.097125789971999943e+00,7.913041653579999668e-01,2.043093785379999971e+00,7.541465274551737821e+03,2.487019290719480469e-02,4.214102595489920000e-02
1.125168759136000007e+00,2.736315098103999865e+00,1.542972743391999968e+00,7.782450405888339446e+03,3.705513810625731593e-03,1.276881173122057858e-02
2.852391894211999901e+00,1.056695106529000006e+00,3.014301454419999748e-01,2.451186244861111845e+04,1.061890142009994653e-01,2.154020019380873308e+01
8.754472988860000360e-01,1.669284253812999941e+00,1.963572334793000085e+00,5.699781253671433660e+03,7.355083049874547307e-02,1.939490456788627881e+01
2.951699295173999982e+00,2.607998457233999812e+00,2.645231108920000018e+00,2.554517008081868698e+04,2.090092956836046151e-02,1.889474680907956561e-01
1.635535908385999937e+00,1.939821968246000061e+00,4.114347940399999681e-02,1.240180242833833472e+04,5.969602754824695490e-01,4.215283917337496291e+02
