2.116994921348999803e+00,3.849891754035000169e+00,2.402622457072999929e+00,1.705146593607930117e+04,1.368656112669335359e-02,5.840194807795444643e-01
1.425476535422000035e+00,5.588226034557999711e+00,1.046951179656000042e+00,1.045317330651562770e+04,3.084334995970700599e-01,9.524436321131767613e+01
2.457647180687999811e+00,2.452694753888999823e+00,1.457602919750000003e+00,2.046173719022110163e+04,2.711105235167899918e-01,2.724594371728250763e+01
1.725457868712999998e+00,5.192242959016000192e+00,1.695769758938999949e+00,1.325239633273466461e+04,2.957598087821865750e-03,1.036591156592468754e-02
2.175215471955000091e+00,4.013392227481999974e+00,1.486179317453999893e+00,1.762803221117048452e+04,2.194321858454129342e-03,4.637446586825469397e-02
2.700121025869000047e+00,5.571548318722999937e+00,1.308244556241999978e+00,2.293827246949327673e+04,6.088500996822290671e-03,4.279391888002537919e-02
2.084447263114999949e+00,4.732853345680999801e+00,9.906792610100000340e-01,1.673035334896175118e+04,3.706464234264509943e-04,5.411458898459416524e-04
1.646415745217999937e+00,1.532624587506000058e+00,1.363445326464000074e+00,1.250422750252875448e+04,5.855496092906010107e-03,1.563607743603920991e-02
1.626395321680000006e+00,3.619856991184000172e+00,4.939172967980000051e-01,1.231585818626425134e+04,1.203120372949649519e-01,2.597942390539326425e+02
4.558685236460000012e-01,2.232611824251999888e+00,2.204659431181000162e+00,2.597635648307322299e+03,7.772533431906282486e-02,2.519262759746518476e+00
1.201895214706999893e+00,3.760566563492000025e+00,1.664672646622999963e+00,8.449778341936014840e+03,3.512696911230276386e-01,4.586307591816241924e+00
2.644364444592000041e+00,1.754897247840000007e+00,1.781990073605999925e+00,2.236550751371259685e+04,1.984466730775793879e-03,1.054010113818875001e-02
2.223652331422000028e+00,4.177217491580999642e+00,2.170628380663000012e+00,1.810976765550228447e+04,5.268253446864173788e-03,1.540721489722713354e-02
1.018379144760000049e-01,1.772768496455999987e+00,1.374141279325000076e+00,4.876184455167206693e+02,9.241280242166060796e-03,1.470926768523714401e+00
1.876924277497000082e+00,1.595453254112999986e+00,2.172534431080999973e+00,1.470475534874524601e+04,6.908645340942451418e-02,2.109763397190529854e+00
1.787009448520000099e+00,5.907089487668000238e+00,8.835740559900000513e-01,1.383974255362459371e+04,2.186684721049985194e-02,7.346288262684953496e-01
3.338006128039999743e-01,3.446217402590999956e+00,6.868215401199999626e-01,1.806566389655280773e+03,3.794291688387223943e-02,6.427961405551425589e-01
2.105868691272999804e+00,3.229304500706999814e+00,1.534924687488000039e+00,1.694159628009705557e+04,3.394131936119076671e-03,7.692256567065902662e-01
1.330219795732000110e+00,5.472191782830000406e-01,1.167029267883999966e+00,9.589730964387072163e+03,4.942737919497849908e-02,9.672626427174025210e+00
1.974903908222999993e+00,2.256067196479999981e-01,2.195046474768000078e+00,1.565627025738393058e+04,3.575296950969417305e-03,1.916274482983884586e-02
1.692208290528000036e+00,2.265022347697000171e+00,2.142168605365000200e+00,1.293682023845286494e+04,5.676216652910001659e-04,5.817928877988541234e-03
2.499172021650999831e+00,4.909109978036999777e+00,2.435458017381999962e+00,2.088315460342319784e+04,1.155102621323001594e-02,1.491337177426205474e-01
2.457624689776999993e+00,5.001162030279999726e-01,1.033103153305999999e+00,2.046150925463882595e+04,1.804351921495542244e-02,1.238212414236310455e-01
1.373388757612000077e+00,3.945974610302999785e+00,1.307382781755999979e+00,9.979320895524459047e+03,1.154118385487480462e-02,1.038990291993163506e+00
1.611485269514000063e+00,5.746671452586999962e+00,1.110309999272000026e+00,1.217587869678577408e+04,2.916450558654526404e-01,1.346372061237006221e+02
2.416927052219000061e+00,1.657276396661000017e+00,3.064307857983000094e+00,2.004962553747454876e+04,7.880531296945263164e-03,4.881399369121547593e+00
2.908753426927999985e+00,4.039042885324000132e+00,1.967289197279999957e+00,2.509765009604693478e+04,4.308298824206414392e-03,2.616573091192706327e-02
1.124546803806000028e+00,2.154298377950000010e+00,9.092293367320000153e-01,7.777088259470425328e+03,5.844018641950421422e-01,3.601547062738703175e+02
8.352938489369999830e-01,5.257351704911999768e+00,2.478615733328000115e+00,5.379862271049740230e+03,5.569918144104266111e-02,5.863895286592679668e+00
1.631601229983000056e+00,6.121153978079999503e-01,1.332076751463999953e+00,1.236479462240521025e+04,5.503395560352049298e-02,3.492333484867762738e+00
1.295127600362000031e+00,5.688032744350000058e-01,1.981912302690999939e+00,9.275218633758402575e+03,6.534080545223756170e-04,2.841093100168878664e-04
9.948804856870000490e-01,1.987813917003000030e+00,2.070526809562000192e+00,6.677257471498684936e+03,1.344840491414943558e-02,6.454092817336427867e-02
2.535910491260000121e+00,1.167195860272999930e+00,1.576906545144000082e+00,2.125695436294709725e+04,2.981716177450029551e-02,1.099303544740790839e+00
1.821995260647000014e+00,4.244734342420000139e+00,1.872331262174000033e+00,1.417535282576614918e+04,1.228213676390305011e-03,5.141453991242592864e-02
1.911220439630000045e-01,2.994282126980000180e-01,2.530944814050000158e+00,9.635784113769976784e+02,7.672526172796256946e-04,1.053965130694139996e-03
2.621026035611000005e+00,5.353106726282000238e+00,1.333484297442999900e+00,2.212632945514874518e+04,9.248306036304429489e-02,2.781437986819357278e+01
1.388249315610000090e-01,1.039693331667000065e+00,1.831609760145000099e+00,6.795935501183499809e+02,2.269928840184051722e-02,9.016235375957931675e-01
4.424171180700000039e-01,2.940140397650000015e+00,2.370302610673999943e+00,2.507611148893900008e+03,1.435256900507875504e-03,3.165327033756754754e-02
1.839370681783000006e+00,4.182890665883999937e+00,1.864850548293000010e+00,1.434249242645664162e+04,2.673331547513457026e-03,1.607388132029182251e-02
2.450152907467999963e+00,4.078943946253000163e+00,2.072701712864000179e+00,2.038580529862312687e+04,2.121169768225908137e-01,2.106894357261449713e+01
1.921441562982999951e+00,1.349157624884999906e+00,1.348861165940000051e+00,1.513596278363333477e+04,8.520605671469744236e-02,8.214803461684910602e+00
4.909504527640000116e-01,4.300816689229000289e+00,1.599188668350000064e+00,2.835544982607309066e+03,3.488652407371125030e-01,1.779345411173189007e+02
1.833764548019999996e+00,2.946839664449000029e+00,4.139486296880000027e-01,1.428853218033622943e+04,2.597754369900320739e-03,8.007970646508098464e-03
2.558756927304000062e+00,2.910390329205999826e+00,1.168258045308000037e+00,2.148985367222122659e+04,1.133453898998624219e-03,2.198111847773891441e-03
1.209035811216000011e+00,1.935554450403000004e+00,2.528328447054000172e+00,8.512452241753908311e+03,4.010382052979228479e-03,1.273877115637570556e-01
1.971156427349000095e+00,2.782590011288000209e+00,1.784687078586000064e+00,1.561971351447119559e+04,3.619139455240365753e-03,2.322626608410873275e-02
1.782473635432000103e+00,2.785635254286999984e+00,5.704789742710000278e-01,1.379632379082675652e+04,3.956166342959691051e-02,4.376202099008960067e-01
7.332534496610000341e-01,2.558200466599000134e+00,1.626538842713999955e+00,4.589021508886601623e+03,3.914874690197000379e-02,7.584726702625435024e+00
1.539054416081000021e+00,4.291140167323000298e+00,1.720850141964999969e+00,1.149972623981097240e+04,2.974682952993564292e-02,2.518529539591121580e+00
2.609697730170999819e+00,6.155080238047999863e+00,2.017824611896000153e+00,2.201035603189974063e+04,5.873554387698392935e-03,4.390126324094720256e-02
8.042908820290000094e-01,4.189879562070000230e-01,1.080050084640999941e+00,5.136120036598789738e+03,3.229415615659278482e-01,7.798203895622820880e+01
2.233372500136999950e+00,1.668434789421999964e+00,1.952179520767000076e+00,1.820666090805002750e+04,2.377355609366650635e-02,5.447985749583767578e+00
4.612555378250000060e-01,1.894378351250999959e+00,2.712158785015000184e+00,2.633876831581986153e+03,5.487820763023961573e-02,1.813180759433407019e+01
1.677737281750999898e+00,5.607263089218999852e+00,2.471301997322000066e+00,1.279985803973788825e+04,2.059031860079284931e-02,6.629323336009033119e-01
1.303540402889999950e+00,2.528274459259999940e+00,1.466199448942999917e+00,9.350434729745227742e+03,1.092312609555694779e-03,1.267606197162445512e-02
