2.852870757499999854e+00,1.700644532566000011e+00,2.746715898335999828e+00,2.451683209029553836e+04,1.030016835016153431e-01,7.921540619656927684e-02
1.937280563675999989e+00,2.426778580676999919e+00,2.074961590371000142e+00,1.528983596748488344e+04,4.668434830094767181e-03,1.501933916532135864e-02
1.770641385339999929e-01,6.147675406010000287e-01,1.574888461820000085e+00,8.858392151800773036e+02,2.332512529780640057e-03,1.342290392910785828e-02
8.219640176299999879e-02,4.389138892803999603e+00,2.168742811817999883e+00,3.887914401939587492e+02,2.575181439235573865e-03,2.515072809878975135e-02
2.763315984392999969e+00,3.848311237407000096e+00,1.216674803600999999e+00,2.358970387322824899e+04,3.714613395263330342e-02,1.647248337227841830e+01
5.270954781740000428e-01,5.234126102481999609e+00,8.953671460559999851e-01,3.085228530805968148e+03,1.274540338537507311e-01,5.509247253647119891e+01
2.250364281971999780e+00,2.035857361280999811e+00,1.884623691343999985e+00,1.837621354982120465e+04,4.723572774987762346e-02,1.023710989943017147e+01
8.863724552039999871e-01,1.592905599839999908e-01,1.334285300279999920e+00,5.787622805677968245e+03,1.933867932914215895e-02,1.515713756954341074e-01
7.594736042699999634e-02,4.277196986368999809e+00,2.525874021562000138e+00,3.578141308199740251e+02,1.217905678864652673e-04,6.673807798166924181e-05
2.966762689083000115e+00,4.539540643056000135e+00,2.110849474564000072e+00,2.570237200991831560e+04,4.106075356805684584e-01,1.859875996287777866e+02
8.551463163200000439e-01,2.517881633092000193e+00,1.021289549867000046e+00,5.537451520099825757e+03,2.442807513698140934e-02,3.767273179650023174e+00
5.078104758370000082e-01,4.807546087170999627e+00,2.526862186549000189e+00,2.951446271568361681e+03,1.286844630830572011e-04,4.469588290491908827e-05
2.570484686928999896e+00,3.686334372151999883e+00,9.002887834449999627e-01,2.160953876286860395e+04,5.647014757539693675e-02,5.340902083049488880e+00
1.386890801715999988e+00,8.439728755859999820e-01,2.981832141699999994e+00,1.010176329233975048e+04,5.206143259918524953e-03,8.026626190234437130e-01
2.887897974501000053e+00,2.909077127299999899e-01,1.891712321860000046e+00,2.488068681294964335e+04,1.755627808458237737e-02,1.355902985403364402e-01
2.604400348527999842e+00,2.244025262410000110e+00,1.016219954182999929e+00,2.195615184859931833e+04,1.543979369395652532e-03,5.338439881622667610e-02
1.006320757519000075e+00,3.405354198179999958e+00,9.998556419480000290e-01,6.772770317213715316e+03,1.002992084317209792e-01,1.422818849943639608e+00
2.634340260164000025e+00,4.447641792437999619e+00,6.853060879710000108e-01,2.226273605033459899e+04,7.764630562992314022e-03,3.117056291252888189e-01
2.900357488874000023e+00,1.689486881904000093e+00,1.307669567128999955e+00,2.501027679126695875e+04,2.171461333612468344e-03,3.658291171207749080e-03
2.602379795534000007e+00,2.763373179114999800e+00,1.443072040154000035e+00,2.193548172249156050e+04,6.817968348612875318e-03,6.410247695197346829e+00
2.013424179065999908e+00,4.882509316793999687e+00,1.910487172197999906e+00,1.603276727158602989e+04,2.584996125212630225e-01,5.321657011831244688e+01
2.249577369322000031e+00,2.238274588072000082e+00,2.822185214879000092e+00,1.836835647597380739e+04,2.767963717246557306e-02,7.871740757107464903e-01
1.601074100156000046e+00,5.777580169715999858e+00,2.360226509548000173e+00,1.207829336814625640e+04,2.379510096950208237e-02,6.288702456721555478e-01
9.176437817270000075e-01,1.440651113316000043e+00,2.032701541660999922e+00,6.040866399961603747e+03,1.805831226067817347e-02,2.022610464523272089e+00
1.460142527749999974e+00,1.840183001880000002e-01,1.638682624100000096e+00,1.077072251953008345e+04,1.390587051118753574e-02,2.257397711926187434e+00
1.704294904116000042e+00,3.899924127208000080e+00,1.372659552710999931e+00,1.305139465308064791e+04,6.962155914731056779e-03,4.990201239895898921e-01
2.300440476941000068e+00,6.141652837795000153e+00,1.424344027357000053e+00,1.887717467173710611e+04,4.215473511944332376e-03,4.062359774433338400e-01
1.888022813832000102e+00,5.149529744796000230e+00,2.314615176818000108e+00,1.481208155015301054e+04,3.626644706563289262e-03,3.376185958462869507e-01
8.513390509060000388e-01,2.899823634955999818e+00,1.796191186291000053e+00,5.507139928770351617e+03,3.596729884874361183e-03,1.763704466722671726e-01
1.387322681439000061e+00,3.557138169269999928e+00,2.875325777430000063e-01,1.010568430865709706e+04,3.310950695496525098e-01,3.663353197889064461e+01
8.406646941430000464e-01,3.659306390354000182e+00,1.418007794240000008e+00,5.422381694969172713e+03,4.044692678890395299e-01,1.158300262970684429e+02
2.650878619011999948e+00,4.735956734843999705e+00,2.390186247447999790e+00,2.243232760894342937e+04,2.356220402022763533e-02,1.819800221012165098e+00
1.701140487106999943e+00,3.008322419950999915e+00,1.603695580120999997e+00,1.302147688515978734e+04,1.283617795214578305e-01,7.765429660478530138e+01
2.028397719321000103e+00,4.243404797479999879e-01,2.587667832609000129e+00,1.617947369449022881e+04,3.302407916709045304e-03,2.906192959991999239e-02
3.747212664149999761e-01,2.748985594425000123e+00,2.522447681985999779e+00,2.065097396830489743e+03,1.895631514455973776e-01,2.238683572385888443e+00
2.389803564830999871e+00,3.259196081569000203e+00,1.436786737178000095e+00,1.977575837070920898e+04,1.896225511765324556e-02,2.195851165831027851e-01
1.203668083856000104e+00,2.262120844261000130e+00,4.692491012150000196e-01,8.465330332186411397e+03,2.067291399393775557e-04,4.053353430321352327e-03
1.620872124899999989e+00,2.652504484400000084e-01,2.189974126336999838e+00,1.226397416017430987e+04,3.574000133297954712e-02,2.317446713765460853e+00
2.713234963614000073e+00,5.575285571661999562e+00,9.497311747419999728e-01,2.307326034179492490e+04,1.959659000459954697e-02,3.970339837668258376e+00
1.792472127089999923e+00,1.123068051389999988e+00,2.053742422238999943e+00,1.389206184438435412e+04,2.885590710115949926e-03,2.670896232808840989e-02
1.106400715081000019e+00,2.093491999427000039e+00,7.986588508990000168e-01,7.620988885373401899e+03,1.104137183348125918e-02,9.882736208108669484e-02
1.062107060408000070e+00,4.118170088019000197e+00,1.380030023652000004e+00,7.242857927773987285e+03,3.898999391571979917e-03,1.455139018343683949e-02
2.505507818098000161e+00,3.039295591646999917e+00,1.938470348033999979e+00,2.094755551646739696e+04,3.607268028735604454e-03,1.974172508019630262e-02
1.485419706805999995e+00,3.935321952171999982e+00,1.856852104152999949e+00,1.100332849353247548e+04,1.724164814085549008e-03,7.869000080467883351e-03
2.151245115235000060e+00,3.131384479239000207e+00,1.644365710765999911e+00,1.739031839783327450e+04,2.199964014075953336e-02,6.819082720453154556e-01
2.670112654972999877e+00,1.164865732952000021e+00,2.560960153309999932e+00,2.262977355887545855e+04,5.864423392032992038e-02,5.918302088385697379e-01
2.573512702243999861e+00,1.214499692850999901e+00,2.308256301923000020e+00,2.164045484279487573e+04,1.481397918062729857e-01,2.328461929333039393e+02
2.220815733449000184e+00,5.025716990939000262e+00,2.467065274963000210e+00,1.808150538971053538e+04,3.001823395976854422e-02,1.050520593126110375e-01
