6.252462884999999693e-01,1.246190270860000060e-01,1.374112330897000023e+00,3.785124260982363012e+03,5.768843172120863977e-02,3.935487615089400748e+01
2.903774258399999808e-01,2.149349974401999930e+00,2.059418091066000045e+00,1.540068719445618399e+03,1.856552951192156631e-01,1.204326313736371077e+02
2.395386598900000052e+00,5.001769669854000178e+00,2.835605445079000031e+00,1.983208831400635609e+04,1.012402232213002462e-01,1.486459146490958005e+01
2.250918837048999865e+00,1.676503980576000030e+00,2.918881735039999814e-01,1.838175084464222527e+04,8.406400070546438119e-02,5.110390336367206743e+01
2.893148655819000048e+00,4.427276119273000354e+00,8.349423287480000067e-01,2.493528812805507550e+04,3.264559618437130606e-01,4.766886434579942211e+00
2.868035610739999797e+00,1.199569648318000059e+00,1.460915000613999926e+00,2.467427746309347276e+04,3.233912779534818538e-02,2.029645794495686495e+00
1.978710856016999919e+00,6.625021954850000006e-01,1.318097510119000004e+00,1.569342010060248140e+04,2.078880228927064769e-02,4.479341785263956766e+00
1.461713119469999933e+00,5.590073918369999895e+00,6.921482168460000306e-01,1.078514968632000819e+04,1.240400623760848971e-03,2.398823541149219113e-02
1.625182056814000076e+00,1.278489628320000016e+00,3.428772045560000148e-01,1.230445786409487482e+04,2.800400865628329197e-03,2.688621597342526551e-02
2.452865532171999874e+00,1.016092552508000013e+00,1.194365335774000059e+00,2.041328514414309029e+04,9.286739071138673529e-03,1.507775414853466389e-01
4.823275826249999731e-01,6.388284593559999669e-01,3.143455176839999865e-01,2.776657020100603859e+03,7.710159689661105764e-02,4.454953542401268507e+00
3.908266904159999888e-01,5.094429509323999739e+00,1.261643699995999901e+00,2.168738484520913516e+03,4.765893043907616644e-02,5.871412383263980850e-01
2.310070431406999969e+00,4.887640388830000182e-01,1.510818767646000094e+00,1.897372780487165801e+04,4.808717913730812046e-03,5.319556346720240025e-01
8.754975935580000534e-01,1.840259248923000079e+00,1.078997817304000018e+00,5.700184867184265386e+03,2.096700688945649094e-02,1.837494191040759117e-01
2.167233339452999896e+00,1.144400556768000010e+00,2.247696866581999853e+00,1.754882241084547059e+04,8.204543892002543748e-01,3.874139383758146096e+02
2.177848169013000046e+00,5.198680807388999625e+00,1.481904296886999983e+00,1.765416860346304384e+04,6.332555665940273193e-02,9.726806160306219695e+00
