1.657442499984000062e+00,3.957385442732999969e+00,1.519270126182999947e+00,1.260817592338926079e+04,1.490976206658114478e-01,3.545329881074697909e+01
2.001775124116000004e+00,4.383728713260000021e+00,2.535543945714000102e+00,1.591876995100312888e+04,6.959837099757272723e-03,1.079844684312430969e-01
8.060577179989999452e-01,1.337882319058999903e+00,1.521203208848000088e+00,5.149931614864006406e+03,6.878947570884409723e-02,1.899361122617737152e+01
2.794021351030000044e+00,5.808010848869999965e-01,2.785430455473000055e+00,2.390706855529101813e+04,2.863921207072532907e-02,2.764493231433511369e+02
2.117397947804000147e+00,1.460656787333999951e+00,1.901354166291000070e+00,1.705544766881415853e+04,2.231335761069823120e-01,4.616797759751050876e+02
1.664212606635999903e+00,4.007359481226999698e+00,5.016787117780000527e-01,1.267206664512473799e+04,2.679724989846812844e-01,2.204668550000569383e+00
9.328904441409999748e-01,6.135019403253999748e+00,1.438763217658999949e+00,6.165286976100071115e+03,1.295987756190906080e-03,4.843499659048925050e-03
2.550422898193000165e+00,3.579630392328999822e+00,1.337418742482999967e+00,2.140485646614570214e+04,4.314965092904331501e-01,1.701730007996761174e+02
2.511202426409000044e+00,3.868264330551999919e+00,9.201731782480000454e-01,2.100546137669036398e+04,7.145819815794497709e-02,3.139670220074993878e+01
2.150388066335000126e+00,5.841976842611999565e+00,1.616277051553999922e+00,1.738182762260554955e+04,6.384174349722310411e-04,1.296804585952820695e-03
1.402351219393999981e+00,9.314277598829999727e-01,2.594804563345999959e+00,1.024230143074161060e+04,7.338657943021005201e-03,9.709590769950247890e-02
5.648435983380000192e-01,4.835968483418000119e+00,4.960118740639999912e-01,3.350725350754242754e+03,3.785088849931852462e-01,3.994258626545146171e+02
2.745274362041000060e+00,2.977700232916999923e+00,1.835101666222000105e+00,2.340348533055590815e+04,2.087999015361092277e-03,2.570254010032096970e-02
1.136660783069999958e+00,2.430020001472000146e+00,1.669481392275000031e+00,7.881669604743947275e+03,1.390151950700408041e-02,1.198337811863027680e+00
5.114240386959999496e-01,1.386129493990000128e-01,4.254296803299999902e-02,2.976416383417117686e+03,1.926519290484225938e-04,2.000904420385127172e-04
2.827211806040999864e+00,1.647546883908999948e+00,8.225714486009999549e-01,2.425072758523764787e+04,1.613664135777509142e-03,9.813924178677980309e-03
1.173750755032999971e+00,2.168513593220000035e-01,4.687540501199999876e-01,8.203675757410555889e+03,8.087583091788245193e-01,5.530327154330285566e+02
1.467285927235000065e+00,3.116666503980999980e+00,1.003057962076000065e+00,1.083636817018323018e+04,2.614405287317805512e-02,2.282451631320031993e+01
1.714472444740000046e-01,5.312105462964000324e+00,8.122125998479999831e-01,8.550626175616607725e+02,2.453052075932268469e-02,2.698457290200117598e+00
1.791953386169000018e+00,8.817347511880000432e-01,2.192080644502000020e+00,1.388709228784442894e+04,1.502752047286551491e-02,6.556956040077874248e-02
4.165001552220000125e-01,5.487997152804999779e+00,2.779775719298999803e+00,2.336086117706589903e+03,5.258840166377544145e-01,3.351879248302819860e+02
1.791950405544999958e+00,5.760369077829999851e-01,1.010722706084000055e+00,1.388706373389033251e+04,4.623557613961813695e-02,2.256868398216662630e+00
1.651565824681000105e+00,4.555944597659999928e-01,4.724312317630000035e-01,1.255275944234757662e+04,2.396230883661928240e-02,7.889686638921146813e-03
1.628361067948999930e+00,5.388806366757999733e+00,1.828185533399999896e+00,1.233433205851844650e+04,1.345684120030791065e-03,8.571556208291182186e-03
3.660729248610000153e-01,2.476727562598000087e+00,7.447433324790000420e-01,2.009878564914944945e+03,5.232342485323452285e-04,1.429655770941134878e-03
1.244804916360000013e-01,2.290708316176000015e+00,2.952544011886999886e+00,6.042453117305028627e+02,5.099504697007193471e-02,1.132817261750635129e+00
1.581718130979999914e-01,3.816524379615000129e+00,1.520959954722999941e+00,7.829766647072239039e+02,3.162726417987368754e-02,2.910219233837147090e+00
9.914705428700000545e-02,5.672105245838999998e+00,8.323894567399999778e-01,4.739493801001803490e+02,1.741320210388248302e-01,3.757208571058564672e+01
2.332460001442000053e+00,3.916203014428000007e+00,6.921665906909999499e-01,1.919847789015837043e+04,4.295938681416061611e-03,9.764841188244787612e-03
4.897626206990000064e-01,2.175445676514999871e+00,2.667064858712000053e+00,2.827417225814916037e+03,1.022770936565275089e-02,1.892329709899180923e-01
1.765445267542999908e+00,3.279963617550000210e-01,2.023026426219999951e+00,1.363351290314582729e+04,1.823775046138851469e-02,3.489681173633482625e-01
1.873063469057000052e+00,3.281516503490999881e+00,4.578375301150000021e-01,1.466744807521774237e+04,3.987428979768040116e-02,7.136078331166237021e+00
2.529837822620999876e+00,3.203731951639999798e-01,1.572101510521999979e+00,2.119510627886739167e+04,4.062557794089434460e-02,1.018426510876695001e+00
1.186172651644999965e+00,1.507785124473999927e+00,1.293191602362000037e+00,8.312112688698563943e+03,1.607409140015436319e-02,6.272823612772384649e-01
7.177280191349999505e-01,5.752105558850000300e-01,2.028597755434999872e+00,4.471443716684319043e+03,5.421024448940607865e-01,5.648722128170055612e+02
2.288066760649999920e-01,3.643847885129999908e-01,1.426795706260999941e+00,1.176876941359362490e+03,3.384640427761052839e-02,2.989012870008521894e+00
9.476159009169999869e-01,3.003970556560000005e-01,2.959852485764999930e+00,6.286028529326877106e+03,5.298559897032701152e-03,1.383951204186640860e-01
1.198596657299999979e+00,1.304793159499999966e+00,1.063743908981999997e+00,8.420858359481668231e+03,1.110683826280686390e-02,6.754150895917809816e-02
1.221198643274999940e+00,6.752016222050000183e-01,1.911698670138999967e+00,8.619421296178363264e+03,1.005546130624265918e-03,1.758281308495550930e-03
7.420055696120000377e-01,8.995863080420000157e-01,9.648780360419999536e-01,4.655589878972864426e+03,4.717589782037540959e-03,2.436402868862360196e-02
1.451541219571000019e+00,5.452591411339000160e+00,2.846370331715999846e+00,1.069177367548177972e+04,5.721272481373064576e-04,3.007640264449352400e-04
1.549226623262000002e+00,1.178900706689999939e-01,2.220963675503000001e+00,1.159429132549481619e+04,7.291749801081779617e-04,3.184721664028403870e-02
2.853469963719000191e+00,4.064797386690999659e+00,2.319085529335000118e+00,2.452305062863101921e+04,1.104459899314363253e-02,3.799070527799355279e-01
8.521442854159999580e-01,4.943636761058000317e+00,1.416160294838999967e+00,5.513547300633947998e+03,2.931516914244009994e-02,8.028167036742406282e-01
4.750936819070000205e-01,6.070430036431000431e+00,1.771294579691000015e+00,2.727460115110007791e+03,5.897457146221426472e-01,4.944495920004943628e+02
1.924875188347999977e+00,4.019088177928000327e+00,2.021165534234000027e+00,1.516929996292725264e+04,1.690920896683933538e-03,9.157791520396457025e-03
2.521493979379000105e+00,1.783330930101999945e+00,1.236753640040000102e+00,2.111016611465957976e+04,6.629500492779816234e-01,5.469398166643230752e+02
7.562359120949999625e-01,5.662114734805999916e+00,1.387601664421000081e+00,4.764274104340045596e+03,4.195854726809438535e-04,3.288360604133798697e-03
2.944461215729999859e-01,2.831702947638000012e+00,1.547021586410000094e+00,1.564685100625123368e+03,1.656010442819427796e-04,1.105364264477175251e-04
8.338815633080000067e-01,1.784033714193999920e+00,2.410635722218000154e+00,5.368695852003612345e+03,2.661690942102026836e-01,8.994440832920233788e+02
1.422051317278999916e+00,4.169736416680000168e+00,6.963053211509999674e-01,1.042189071864634388e+04,7.824354061838400881e-04,1.056861657234508221e-03
2.141931618434000040e+00,1.659453619415999892e+00,2.525524829222999923e+00,1.729808126003142024e+04,1.031287895499933410e-01,5.768096675275562468e+00
1.682850419365000016e+00,2.781079580630000159e+00,1.962168505004999952e+00,1.284822480513170740e+04,6.979075173441863511e-02,1.574426285322277330e+01
