1.570190746274999993e+00,2.642678509601999792e+00,1.399457198783000011e+00,1.178959353010691666e+04,1.202645236914000326e-01,7.919208797368216324e+01
1.155651417979000062e+00,5.733863671907999837e+00,2.149275193872000056e+00,8.046206198738429521e+03,1.711107375794263669e-02,5.919693770408713807e-01
1.275052164846000036e+00,3.142557962578000019e+00,1.247082023409999962e+00,9.096207308610120890e+03,1.753592786994601083e-02,5.780851247376925794e-01
2.802391039748000079e+00,3.517819417291999873e+00,1.193170781292999916e+00,2.399367025978449965e+04,6.508786582419908220e-03,8.453124020237424985e-02
3.450312154299999684e-02,1.911439119940000042e+00,5.329262029810000190e-01,1.582012075309956458e+02,1.273710849155390568e-02,1.192367677075756444e-01
8.779719086220000301e-01,4.523889597305999821e+00,4.776110821819999908e-01,5.720050208047673550e+03,2.449453463964988975e-01,4.102509800741746204e+01
2.183323797377000108e+00,6.148610820723999559e+00,1.785201055581000062e+00,1.770854614731317633e+04,2.372810109783288560e-02,8.792085400179746602e-01
2.304664389307999883e+00,3.810696507798000177e+00,2.490185510758000209e+00,1.891951661417918876e+04,2.915278250267956412e-03,3.115283272810010200e-03
1.202934499706000082e+00,3.938570305379999859e+00,1.683039407120999975e+00,8.458894505487936840e+03,6.496382842668613905e-03,5.483617682724983150e-02
1.785440273377999931e+00,1.901459117084999928e+00,1.387939302953000054e+00,1.382471934922522632e+04,9.604080737944126894e-03,2.584862387933755112e-01
1.223560447477999968e+00,2.978137800689999892e+00,8.622222972249999895e-01,8.640223829997083158e+03,4.145385605118043042e-03,2.691677089565804818e-03
2.232234800725000134e+00,5.496278838779000253e+00,2.478739182362999838e+00,1.819531616794939691e+04,1.315947673314681564e-02,1.025507071124001301e+00
1.153405224334000057e+00,4.843149064520000380e+00,1.084686491418999976e+00,8.026707961418218474e+03,3.242766544083847124e-02,8.907661469710562940e+00
5.299972285500000047e-02,7.471991828759999565e-01,1.268462767339000097e+00,2.460221839255887062e+02,6.547726710276562632e-03,1.036442136277511417e-01
2.615709424568999797e+00,4.800073387680000025e-01,2.055503953940000184e+00,2.207189069559782001e+04,1.573206528418472083e-02,2.268269200752049131e-01
1.477527361110000104e-01,2.812005231961999918e+00,2.460347981605000012e+00,7.270520894094431696e+02,4.200615974998455071e-01,3.857731407535007975e+02
1.931299696268000021e+00,2.117674971788999994e+00,1.660203956578000017e+00,1.523170538526931159e+04,2.901016644641541287e-03,7.351100203854490922e-02
5.155964987629999552e-01,3.429888186038999809e+00,7.673903880750000406e-01,3.005304769217586909e+03,2.703489883866569063e-02,1.174876340324356061e+00
1.413039959231999987e+00,4.304476818539000327e+00,2.525854470636000215e+00,1.033967120433681521e+04,1.587318481074707216e-02,2.855709293553983508e-01
1.494352876737000013e+00,1.252744036779999959e-01,9.068291964769999991e-01,1.108574254286225369e+04,3.473609203532013190e-01,2.595870224842506104e+02
1.372174431544999962e+00,5.424911033908999869e+00,2.787138971999000070e+00,9.968322431820042766e+03,1.456264963261174605e-01,6.574586641426857625e+01
9.973957364400000414e-02,7.162370773770000421e-01,2.367520156393999819e+00,4.769557507179761160e+02,3.611775483043016622e-04,3.823252424308733188e-05
1.434543889590000010e+00,3.173922741850999873e+00,4.364420980859999855e-01,1.053606731168453734e+04,9.884488427528488608e-02,1.312957645428216438e+02
2.348919324765999850e+00,1.486498202729999996e-01,2.354360327746999992e+00,1.936393266775409938e+04,5.840128389818258388e-03,1.005829426505459347e-02
4.438272404890000189e-01,5.440934107140000364e+00,2.411357852797999968e+00,2.517016787488611044e+03,3.232447148327364239e-01,1.275823479853182789e+02
1.136734865460000021e+00,6.022482287267999723e+00,1.333072427931000004e+00,7.882310072172736909e+03,9.371813663812833539e-02,1.719486267566040638e+01
1.451906533802999943e+00,1.882657053379999945e-01,2.871553559134000011e+00,1.069512467339189607e+04,8.809145714329420914e-04,4.296132197475432089e-03
3.847254255399999712e-02,2.722506201786000002e+00,1.544313653364999928e+00,1.768732753403548656e+02,3.420739101000598407e-03,2.787581499175651248e-02
1.355930573466999967e+00,1.196354139539999917e+00,9.093424766590000319e-01,9.821415161818309571e+03,1.658874198947282112e-03,1.533174935966723391e-02
2.550862060427999900e+00,1.498582722732999972e+00,2.524168315695999976e+00,2.140933426483611402e+04,5.046384813068989202e-04,1.946492730809911212e-02
6.947734302079999757e-01,4.266807340813000060e+00,4.476495656080000107e-01,4.298814937604384795e+03,3.898020430471970874e-03,1.608339276769948619e-03
1.122814975233999979e+00,2.221395014851999861e+00,6.922464353030000073e-01,7.762161328080428575e+03,2.638888050580303658e-03,7.647572188303915913e-03
2.810724120666999948e+00,3.795020140501999872e+00,1.390381949800000072e+00,2.407993285110090437e+04,4.355848758899946022e-02,4.699932802033777612e+00
2.282988034155000179e+00,2.318751679461000137e+00,1.428501035392000018e+00,1.870236636011502924e+04,1.096083223082049141e-02,1.217178458374054834e-01
2.214267022576000166e+00,4.628200746906999896e+00,2.177700582733999912e+00,1.801628158578570947e+04,2.962398336816838423e-02,7.750710742576695234e-01
4.397592016349999855e-01,2.820258038307000170e+00,2.367940373925999875e+00,2.489902936101629166e+03,5.464416863400389096e-03,2.830687874808600624e-01
1.833203945238000010e+00,3.322326716596999852e+00,2.007456277868000072e+00,1.428313800313108914e+04,2.940304425762849377e-03,1.653645227250845687e-02
1.569739190379999982e+00,2.494254250811999807e+00,1.196203732239000006e+00,1.178538105565817023e+04,4.154048373912543890e-01,1.276161797363820796e+02
2.209490149935000147e+00,3.680805888485000121e+00,9.840686763360000366e-01,1.796872593552860053e+04,8.048064930029670203e-03,2.779192997229122386e-01
2.698732614194999879e+00,3.759610344348999877e+00,1.714502860395999972e+00,2.292398700529652342e+04,2.418395346278521540e-01,3.366332548162032623e+01
1.181586943469000062e+00,3.837373584553999795e+00,1.571847116152000012e+00,8.272047743771141540e+03,3.166217752452084723e-04,2.881050270799320485e-03
1.913161862031999894e+00,4.441366353588000138e+00,1.880901762448000003e+00,1.505562046142695726e+04,1.422304952239040153e-02,8.514187146572352871e-01
1.811825976908000069e+00,1.622172175311000109e+00,1.916710984757000080e+00,1.407767245056654792e+04,4.833038431004724189e-02,2.677602940750852589e+00
