1.045901552414000069e+00,5.901062068901000046e+00,1.514114458214000036e+00,7.105575396852354061e+03,8.428399379584703560e-03,1.222855622500173822e-01
2.339764548727000015e+00,5.161428709775999657e+00,2.074895097483000050e+00,1.927188142083609273e+04,1.630602811641207184e-01,4.404686648371988156e+01
2.740980914062999929e+00,6.117092944631999707e+00,2.090243727344999858e+00,2.335919817669139229e+04,1.247613702090326904e-01,6.385950770880658922e+01
2.854036773363000101e+00,3.534161687014000020e+00,6.544128444650000320e-01,2.452893337608313595e+04,1.727121973290192680e-01,1.386234466393649143e+02
5.940616237710000247e-01,5.497097503064000357e+00,1.908596443873000092e+00,3.559420815971172942e+03,7.700938494023091586e-03,3.391294479414243002e-01
4.062296948440000111e-01,3.269950995738999833e+00,1.831954665972000074e+00,2.268829173952223755e+03,1.191568449546510783e-01,2.992403202986754707e+01
2.838039021440999843e+00,1.531843785800999891e+00,1.081428885176999977e+00,2.436296955278465612e+04,1.020879499915639671e-01,5.219029221698521326e+01
7.602499088940000149e-01,6.184451662907999747e+00,4.180867465659999782e-01,4.795046978137110273e+03,3.752646464792861640e-04,1.842885401418865431e-03
2.589345041040000073e+00,2.180839034593000214e+00,1.526704701679999943e+00,2.180219916643245597e+04,7.130243068473454855e-03,7.868553201011105336e-02
1.039267924777000029e+00,1.751621172486000022e+00,1.541132984530000083e-01,7.049548586141080705e+03,2.594687935404421664e-01,2.200262499269832972e+01
1.404902287684999918e+00,1.039298817798000041e+00,1.434986750878999962e+00,1.026552526659463911e+04,5.719640534772899802e-04,2.074928535083516313e-03
2.709000293533000203e+00,3.447652842060000000e-01,3.589960352559999901e-01,2.302965925010165665e+04,2.603970228613655680e-02,7.396434424093433213e-01
1.266993060956000061e+00,4.881063334072999638e+00,1.202379456437000060e+00,9.024536349400483232e+03,1.534284445207074240e-03,8.585919354339918708e-02
2.073648348384999895e+00,1.252305537206999997e+00,1.775676196060000045e+00,1.662400822554423939e+04,5.583494880973554134e-03,8.964546655134741915e-02
