9.690905373629999930e-01,2.234416945641000130e+00,1.655460833680000077e+00,6.463098352273362252e+03,2.823597194365795940e-02,2.492116969132814219e+00
2.933782656492000207e+00,1.320502135876000072e+00,2.807012813714000021e+00,2.535834677646286582e+04,4.622287721244720295e-03,1.213530365999661159e-01
9.198515478569999626e-01,5.149369823552000014e+00,9.452809974179999797e-01,6.058844971666221682e+03,6.827124361276066091e-04,4.375687993795084377e-04
2.097877427893999780e+00,3.172173896577000107e+00,1.611595794465999987e+00,1.686274727364066348e+04,1.884635868206114423e-02,4.936252898721710802e-01
1.983319534630000047e-01,2.013297761287000220e+00,1.569128868476999950e+00,1.003839126479087554e+03,6.320795609905189216e-04,4.655718334516099921e-04
2.821310904890999893e+00,4.493451666381999665e+00,1.731986846385999979e+00,2.418958293078309362e+04,1.979087024508187354e-01,2.009642516675070851e+02
2.832361561678999884e+00,5.355686571387000328e+00,1.756127646743000037e+00,2.430410502154361893e+04,1.507413405392742933e-01,1.034147454686261796e+02
1.763666857974999891e+00,5.251823118895999620e+00,1.433496741386000028e+00,1.361652681120828129e+04,1.621284047387984151e-01,1.260015362786063804e+02
1.895457186817999906e+00,5.507826754951000048e+00,1.570031516712000030e+00,1.488404051051710485e+04,2.557344659040056700e-01,1.080403240599176655e+02
2.746508658436999983e+00,4.486332693111999781e+00,2.704325993589999921e+00,2.341621921989466136e+04,1.441380903362006471e-01,3.944253637331735973e+01
1.127896907145000016e+00,4.108850263650000167e-01,7.045411544509999624e-01,7.805980469192414603e+03,9.444373741982728943e-01,3.256876589592538380e+02
2.851843698978000052e+00,3.413120511370000276e-01,1.615849444073000019e+00,2.450617348779911845e+04,7.857296280350612241e-03,1.551384935586362923e-01
2.932814528335999871e+00,5.140157675759000178e+00,1.470733949260000006e+00,2.534825674101138065e+04,4.248047708212484772e-03,4.677071562632564156e-02
1.611589872169999937e+00,3.648853668659999827e-01,1.807235363615000034e+00,1.217685981221620023e+04,8.768021526329136672e-02,2.964966582669175068e+02
1.455578530596999931e+00,8.111171187250000303e-01,1.201212190399999935e+00,1.072881804150006428e+04,1.043268954343184833e-02,7.494886814431149513e-02
2.383944467032999892e+00,5.079722309412000314e+00,1.005850510366000039e+00,1.971666676252765683e+04,2.225064072075923476e-03,3.795668635421264175e-02
1.436831549854000079e+00,4.665844565426000123e+00,4.659766855220000004e-01,1.055699981905764071e+04,3.679039395468748728e-03,2.806667259914109522e-02
1.452309577117999906e+00,2.729989025549000026e+00,1.089339206410000038e+00,1.069882197696366165e+04,1.059048564107265347e-02,1.336864990307629411e-02
9.386551977639999711e-01,4.214244230355999932e+00,1.525288682552000008e+00,6.212488562699064460e+03,6.335376275978368615e-04,3.349357683207213532e-04
2.796414474765000158e+00,5.120656465794000134e+00,2.305570446464999979e+00,2.393182628555571500e+04,2.930616699593849035e-03,1.425328287027077291e-02
