1.619945304680000087e+00,4.957982403475999611e+00,5.457399783130000293e-01,1.225527128464553243e+04,1.037355538780784098e-01,6.750546118122990435e+01
2.879129032005999900e+00,5.660491423256000409e+00,1.166666663685999916e+00,2.478953334955011815e+04,2.371361708745932384e-03,8.247254366361159161e-02
2.774720219753000094e+00,5.688655647970000118e-01,1.028078199614999910e+00,2.370751220272306091e+04,5.349021523092194197e-02,4.060841120850100516e+00
2.646728948834999873e+00,3.154920423526000217e+00,1.521421413386000010e+00,2.238975919143744977e+04,1.868306026093561126e-02,2.261561954001652386e-01
1.646231924979000061e+00,4.966804545106000113e+00,9.862579628830000500e-01,1.250249586977475337e+04,2.681941986646176890e-01,5.084317504511001573e+01
1.166040566279999968e-01,5.816275032377999921e+00,1.060650748992000070e+00,5.633519849499341490e+02,1.732681550284750904e-02,4.250351372452214616e-01
1.047057737400000077e+00,1.923922591936999993e+00,1.595180785646000077e+00,7.115350518403544811e+03,8.605821621025948375e-04,3.843453641395626862e-03
1.652681647671000009e+00,5.979695797664000168e+00,1.674356389678999912e+00,1.256327847666124399e+04,3.015537104053766463e-04,3.234959493700489703e-04
1.879683403402000019e+00,4.357844145359000443e+00,2.331287492287999807e+00,1.473142578798002978e+04,2.571396644073830617e-01,1.393357041743817888e+02
2.309476836396000099e+00,5.170643641688999814e+00,1.229477889702000004e+00,1.896777435985284319e+04,8.147933033956017900e-04,7.478127321390422300e-03
9.650046676010000102e-01,4.131610756511999938e+00,8.459598872750000442e-01,6.429319150370153693e+03,2.207229274882581763e-02,6.051615923001965047e-01
