1.858341659383000000e+00,1.255502565280000038e+00,1.372658828008999965e+00,1.452532374829909350e+04,3.828749939979111255e-02,9.629430542595598386e-01
2.861341624800000163e-02,6.179467648502000365e+00,1.106494350583999919e+00,1.306735899460137773e+02,2.274921408413420765e-03,7.884063384202600472e-03
2.393223504359999865e+00,5.626532720021000245e+00,2.693279781793000094e+00,1.981026118330362078e+04,6.091245618236400781e-03,5.533739767962263939e-02
2.378133851443000157e+00,3.769033060899999732e-02,1.619170275029000017e+00,1.965808803085653926e+04,5.522291969547883086e-04,1.789598201774977035e-03
5.497176718599999790e-01,1.929904402872999913e+00,1.827317035100999965e+00,3.243770787195788216e+03,3.240497250499835887e-03,6.918755621023615909e-02
2.889594766271999848e+00,1.513059376408000034e+00,7.490755239159999634e-01,2.489832988113951069e+04,5.916399251766816386e-02,4.775111790302633885e+00
2.487399104457999943e+00,1.315044684464000024e+00,3.478070193999999726e-01,2.076355879351936892e+04,1.511341488359303938e-02,2.757340617591380258e-02
1.629810096711999945e+00,1.888491242413000037e+00,1.899153023578999955e+00,1.234795406019998700e+04,1.207130373020087527e-03,2.025181956619793999e-02
3.838524655069999736e-01,3.769176737202000194e+00,9.946156995270000190e-01,2.123729793041921766e+03,1.583826944762940780e-02,4.552989140364545051e-01
2.984391716049000109e+00,5.012386014502999920e+00,2.287771650287000025e+00,2.588650415983519633e+04,4.599525855873595748e-01,7.410801690074478074e+02
5.240243936289999960e-01,7.791813050679999852e-01,1.667229263882999968e+00,3.063838681787321093e+03,1.484046528886988608e-03,8.975315926854007809e-03
2.171807488678000109e+00,5.002906908390000185e-01,1.226766075997000049e+00,1.759420723711752726e+04,1.680504419287748297e-01,3.413964284003358216e+02
1.442613340520999987e+00,5.703630197951000014e+00,1.584684321229999915e+00,1.060993747939178502e+04,1.505137258337045092e-01,8.474240719826430279e+01
2.949224575945000204e+00,6.011102954857999947e+00,5.503412153229999548e-01,2.551935387856596935e+04,7.078616103075260901e-02,4.267569741888156898e+01
2.132644159532000039e+00,4.460806863032000358e+00,1.772348769344000097e+00,1.720617209627273041e+04,1.507478544313057243e-02,8.617543803836896776e-01
2.636028139577000218e+00,7.175835074249999890e-01,2.267347065097999881e+00,2.228003655365719169e+04,1.286672789396819949e-02,1.495888974630819601e-01
1.246176964420000061e-01,5.690752460340999797e+00,2.592042710084999868e+00,6.049606910877769224e+02,3.000755451165186181e-04,2.022740375350957269e-04
2.872713804233999912e+00,4.138770961789999703e+00,1.147505955251000076e+00,2.472287388877590274e+04,4.903214138746792711e-02,6.265989184102941145e+00
2.375469107046999984e+00,2.136581109989999838e+00,2.953772496470000064e+00,1.963123201517732377e+04,1.175641131240417678e-03,2.876114178614312070e-03
1.102278292442999907e+00,3.310339965279999741e-01,9.959329625099999639e-02,7.585620910196234036e+03,1.136425929210617240e-03,2.440913835882844562e-03
4.980783058409999908e-01,5.300038925275000423e+00,1.562916160386000008e+00,2.884422289462123445e+03,1.096859413570193051e-02,3.888413102495930640e-01
3.196682215189999843e-01,3.897742123332999853e+00,1.856235569931999896e+00,1.718926584641536010e+03,3.639384615598587058e-02,4.502119225752795550e+00
2.811577741514000195e+00,5.696950791199999892e-02,1.398553033515000044e+00,2.408877181456302424e+04,3.580458240319244617e-02,1.571292551995420450e-01
5.081348992090000127e-01,4.995799287978000436e+00,1.915911010157000050e+00,2.953686219847289522e+03,7.612608296121588236e-02,1.127644579714018924e+01
2.511038896097999906e+00,5.689297242679000277e+00,1.317100276719999963e+00,2.100379823778239734e+04,1.551481431686603518e-01,5.525520967964967411e+01
1.709157591005000087e+00,3.615524495364999868e+00,1.683486376025999931e+00,1.309753598798758867e+04,3.351585632997800684e-03,8.078913416324433328e-03
2.160129451511000109e+00,5.170348448997000190e+00,1.713014514631000074e+00,1.747837058067925318e+04,6.634775035286931237e-03,7.651153160211412896e+00
1.359294424642000010e+00,5.016191874767000236e+00,1.585184801662000043e+00,9.851803968524654920e+03,3.719483071420087716e-01,2.210115543636027553e+02
1.024669904887999916e+00,2.884257232977999852e+00,2.474504351179999950e-01,6.926606609202299296e+03,5.228355938100219535e-03,5.335337574427885254e-01
6.568925925470000537e-01,1.578474286138999982e+00,2.235481259339000104e+00,4.017186613156656222e+03,6.684280071271875463e-03,8.654305347693788675e-02
2.528837639719999864e+00,2.513401306545000047e+00,1.516528042680000132e-01,2.118492206458927103e+04,2.339031533032652488e-02,5.873086519320906973e-01
2.125371365183999828e+00,1.659700842092000084e+00,2.430975521723000021e+00,1.713424929367224104e+04,1.715691234941583206e-03,1.995167354601757453e-02
1.826160479137999948e+00,5.177237726492999847e+00,1.896437121776999968e+00,1.421539172913628317e+04,3.845588431892908027e-02,2.054267954460603107e+01
2.537757354939000010e+00,5.034421921376999620e+00,2.093120784019999903e+00,2.127576914377774301e+04,9.632339781070372586e-01,2.851135599796072597e+02
1.292438301989999871e-01,6.263292431953000339e+00,1.691824390669999900e+00,6.291415888715958999e+02,9.873348031440849055e-05,3.305020326341138911e-05
2.330601536645000138e+00,4.564799862507999961e+00,2.153952152745000070e+00,1.917980831840300016e+04,6.897983249232619851e-02,2.222950854704902568e+01
1.536842327169999911e-01,2.869976014649999740e-01,1.953786702107999984e+00,7.588187812966191359e+02,1.408058851907509519e-02,3.310898280092213319e+00
2.482682663550999980e+00,2.418839974807000193e+00,5.258230876470000315e-01,2.071567269033176126e+04,7.616181268010799310e-02,1.458479194719339622e+00
6.303662238420000286e-01,2.757223702030000001e-01,5.885945155389999961e-01,3.822465460620696831e+03,7.935874129479829620e-01,3.780454707495613320e+02
1.644639564040000002e+00,5.377060319636999708e+00,2.580785169809999835e-01,1.248749683179183739e+04,8.465306676643908571e-04,5.361567304208250846e-03
1.663081330133000080e+00,3.307485474652000157e+00,1.450674982285000025e+00,1.266138689334339870e+04,8.596176409546207788e-04,2.454948690611300985e-02
2.378264469954999960e+00,3.625611085111999810e+00,1.430145243142000089e+00,1.965940458346465311e+04,5.306872092532726511e-04,6.181510646791273621e-03
1.580340515772000076e+00,2.433180766302999842e+00,1.125874658504000037e+00,1.188434537584701138e+04,1.744400105495950704e-01,8.333338600439707022e+01
9.176658593519999574e-01,7.126534643009999614e-01,1.091487889187999993e+00,6.041046130147755321e+03,3.271123991369597611e-02,9.556289351278533795e-02
3.691003769930000233e-01,3.461370546322999786e+00,1.330298575415000073e+00,2.029173702928492048e+03,1.717745701385406257e-03,9.483592229558916037e-03
2.495443889560999828e+00,2.927985205915000222e+00,1.591665723228999907e+00,2.084527216130195666e+04,1.364286077389589569e-01,7.016342726959945431e+00
7.271895233080000187e-01,5.267373364409999592e-01,1.788257190586000078e+00,4.543020171604121060e+03,3.737297688459793044e-01,5.095394860850126975e+02
1.939269896941000049e+00,2.367531460980000002e+00,2.441565710829999958e+00,1.530917880242587489e+04,1.819672972214924911e-01,5.985319812195576787e+02
2.594575797133999995e+00,1.844611859260999909e+00,2.191391512227999883e+00,2.185567113781517764e+04,6.622443295497404403e-01,5.543063085938380254e+02
6.556120981909999701e-01,2.453455030100999856e+00,1.850848358696999929e+00,4.007739099093215827e+03,1.474031643639230234e-03,2.857376084253736379e-03
2.199009718406999880e+00,6.806690283709999623e-01,1.066584451153000046e+00,1.786445137352410529e+04,3.699299676626782458e-04,4.851284881107414439e-03
