2.481309941265000152e+00,6.651091847390000478e-01,1.710124056331000064e+00,2.070173807186152044e+04,2.194632021816736098e-03,5.804935542877746879e-02
1.100669680533000072e+00,4.156884084339999674e+00,2.380180154951999860e+00,7.571829556398934074e+03,9.062123470764921890e-03,1.804556923448268901e-01
8.178400427390000171e-01,1.451846586122000016e+00,1.432291098741999891e+00,5.242282020434876358e+03,4.246129408623448842e-02,5.930157425297318818e-01
1.065558671068999930e+00,3.307324410829999839e-01,1.241714323080999938e+00,7.272172528945800877e+03,2.574283817902118798e-01,2.740392000300908535e+02
9.521120809830000420e-01,5.370480285003999654e+00,1.351277794989000025e+00,6.323005718588025047e+03,3.807535674323030833e-02,1.694458058961132352e+01
1.014189015671999927e+00,5.626477182750000416e-01,1.309425797842999950e+00,6.838640397689655401e+03,2.507768420587627722e-01,1.162566012435513052e+00
2.666319242443000004e+00,2.688482663827000074e+00,1.824157275781000065e+00,2.259081465924205986e+04,1.590787433985424828e-03,1.077535292908730902e-01
2.540959817469999882e-01,2.964234212135000046e+00,1.023652873682000086e+00,1.323901761629561179e+03,7.178649299949171891e-03,3.364543011483909773e-01
2.379327817985999793e+00,5.518327297220000371e-01,9.398337986800000543e-01,1.967012288062385778e+04,9.357817166479017734e-01,8.330818177237506461e+02
6.086342197190000025e-01,9.809599285429999593e-01,1.460321161773999954e+00,3.664517876108607197e+03,1.406625279560698265e-02,3.908274799692585399e-01
1.311316953715000011e+00,3.540062424767000060e+00,1.811350678122999991e+00,9.420065850470866280e+03,1.269806199482192283e-02,4.649219540342828694e+00
2.601711435629999958e+00,3.178807793203000109e+00,4.251984825999999829e-01,2.192864427966827134e+04,2.918403461168815327e-01,1.070559766543267841e+02
