2.628536142751999982e+00,1.345382607294999922e+00,1.984195220491000056e+00,2.220325817835806083e+04,9.251291129619903597e-04,9.768232050034172942e-03
1.062251745193999897e+00,5.643781896834999756e+00,2.343488254528999892e+00,7.244086235206629681e+03,1.193896692462733944e-01,1.276505491557671661e+02
1.781055202079000033e+00,5.649750641908999782e+00,8.493102505799999813e-01,1.378275040931768854e+04,9.167553220409872805e-03,6.919927069049763846e-02
1.651449012415000084e+00,4.324254545544000017e+00,1.099721525190999971e+00,1.255165833853314325e+04,7.362993572573623899e-03,7.545975654537738497e-02
1.155441038006999932e+00,4.398495326588999887e+00,2.292474857201999949e+00,8.044379567926645905e+03,4.079722767802460644e-04,1.055586253571508953e-02
7.945939474600000052e-01,2.944797317280000160e-01,8.416340553579999550e-01,5.060491394764237157e+03,9.744934960988367242e-03,2.401851652725600361e-01
1.312941289737999950e+00,1.956357939874999952e+00,1.969223523901000084e+00,9.434622602148767328e+03,2.834390053561661529e-02,2.717759379593692071e+00
2.409037922688999966e+00,5.110610288093000442e+00,4.928012210189999798e-01,1.996991590594438094e+04,2.150506597359051926e-03,1.805309041902031925e-02
2.567094916447000053e+00,1.136283693950999929e+00,2.566537766097999995e+00,2.157493609346558151e+04,3.951199702594659219e-02,7.608205464126640560e-01
2.576950761064999984e+00,9.781183780540000372e-01,1.742403055220000108e-01,2.167556457968012910e+04,1.844493917465428283e-03,1.382415846900101469e-02
6.242541877949999707e-01,3.714513984317000084e+00,2.301996794799999968e+00,3.777897766598498492e+03,1.915204848141863550e-02,9.132732164292399479e-02
2.686311091582000099e+00,1.821548134573000022e+00,2.741099800364000139e+00,2.279623270582397890e+04,2.549155524490206038e-03,3.270476124332831469e-02
2.838018682272000159e+00,9.459065239010000514e-01,1.630509070131999971e+00,2.436275864172639922e+04,1.619541763374485969e-03,7.585238027429934415e-03
4.748517895580000037e-01,1.885254965664999949e+00,2.108082136864000145e+00,2.725818292496978756e+03,2.424198958950142188e-03,7.545072671866429048e-02
2.205925403329000112e+00,5.220073645887000069e+00,1.545722935162999967e+00,1.793324904258348397e+04,2.108409259794584607e-03,5.103639243117369384e-02
1.872820511760999951e+00,2.006230772356000003e+00,3.829594252990000114e-01,1.466510084969158379e+04,5.455983105853470273e-03,2.041830051562450871e-02
1.003126928307999988e+00,2.393689889092999845e+00,1.578331909826000024e+00,6.746074500534082290e+03,1.518285640336189124e-01,3.494148918855471209e+01
2.251610290553000215e+00,3.493614535500000340e-02,1.295339656626999902e+00,1.838865551154638160e+04,1.981365016161418593e-02,7.187523519609468003e+00
1.513364219759999907e+00,1.404673029340000046e+00,6.443100441939999534e-01,1.126148950707166841e+04,5.290506259602214545e-01,3.143030450593692393e+01
2.625481424409000120e+00,2.429615520220000102e-01,1.293282001998999897e+00,2.217196340007626350e+04,1.946322037359807799e-01,3.147734776576868398e+01
2.792630941547999956e+00,5.463180649690000390e-01,1.838075604152000109e+00,2.389268578685157627e+04,8.937033286455325215e-03,3.146844781794454482e-01
2.194156091410000009e+00,3.008415332149999788e+00,1.999817397084999948e+00,1.781618968588185089e+04,4.426945207290258581e-03,1.217810718614262544e-01
1.038863069303000097e+00,4.810100412368999656e+00,1.537874883111999935e+00,7.046132404292703541e+03,1.217049184138832736e-02,1.065782465815305058e-01
1.980144989218999951e+00,4.159791697290000201e+00,2.546374527907000029e+00,1.570741843439936383e+04,4.819454765711672639e-02,3.848417575781042377e+00
2.721378191230999999e+00,3.405127925907000197e+00,2.721887247299999979e-01,2.315713329232563046e+04,7.000784830610878168e-03,1.357148637789717671e-01
2.493143812713999985e+00,4.721524187361000102e+00,2.069349179602999911e+00,2.082190513371821362e+04,5.616587801859062798e-03,9.071019642584086939e-02
2.240171476912999893e+00,6.516251289490000431e-01,1.666476284075000036e+00,1.827447807898754400e+04,7.891473242062353732e-02,2.031799972174856528e+00
1.975688223859999870e-01,5.263217026639999574e+00,1.103539130981999961e+00,9.995653163944577955e+02,1.091391886829030586e-02,7.320697232698343271e-01
6.269197133610000527e-01,4.736300508390000275e+00,4.143405815969999906e-01,3.797320311348415999e+03,3.806390927818552230e-03,9.434056041333266363e-03
5.163195446360000496e-01,5.358809193895000433e+00,2.615910211930999818e+00,3.010316946140796972e+03,1.697445519221419674e-01,1.291682129071563878e+00
2.334705128517999828e+00,1.408536929490000089e+00,1.139386527437000085e+00,1.922103505366781974e+04,2.181410625757496547e-03,1.245698729430850041e-02
1.577564361262000059e+00,1.461983962167999973e+00,9.976537269009999598e-01,1.185841634516662634e+04,2.389612737137831837e-03,6.520052808395868614e-03
6.918353047049999871e-01,2.469992997077000041e+00,8.430219123809999937e-01,4.276824896971143062e+03,2.041928881813535965e-03,4.140176427931201511e-03
2.965335696852000158e+00,4.270741367158000124e+00,1.590790551600000047e+00,2.568747452267597328e+04,2.491808796061381181e-03,2.623598011719281350e-02
1.857406971659000039e+00,5.613894462842000443e+00,9.338232994620000449e-01,1.451630749714223748e+04,4.805864962445748068e-02,2.765172301916584985e+01
1.017271800115999936e+00,7.555334441150000080e-01,1.715472900883999952e+00,6.864487811853885432e+03,2.924095409471824114e-01,1.180959153882490398e+02
7.427654031699999493e-01,4.138357174010000028e-01,4.032434884939999908e-01,4.661378806313980022e+03,2.361020725682702864e-03,1.625254055859930158e-02
2.332364966009000007e+00,8.639063225569999505e-01,2.397278670807000189e+00,1.919752311059346539e+04,8.837469475417384854e-03,1.478781177630589916e+00
1.210096671365000098e+00,1.386983874840000075e+00,1.879852644237000048e+00,8.521771503747608222e+03,1.271791017503110920e-03,7.184323909299747749e-03
1.507114496697999906e+00,2.988522735760000271e-01,1.811541483872000091e+00,1.120366247819444652e+04,1.187193629857566726e-03,4.725212873790367437e-04
2.824609308936000041e+00,3.279359650242999802e+00,1.183532986079999905e+00,2.422375874297931659e+04,2.907055384145872199e-03,3.002947812614356615e-01
1.781847935307999897e+00,1.120660098512999969e+00,3.009363719183999919e+00,1.379033608501090021e+04,3.671815520338264638e-02,1.142460000846235113e+00
2.411300666379000202e+00,3.999377230010999984e+00,2.373361455267000153e+00,1.999277342878960917e+04,1.072037170767104267e-02,2.031186183424464886e+01
2.531250491772000011e+00,6.210799842873999665e+00,1.993146341315999992e+00,2.120949174401508208e+04,2.420121592582224947e-03,1.000436355557887853e-02
2.213486664869999954e-01,3.034802102518999956e+00,4.533314367829999747e-01,1.134106772217431626e+03,2.651231446472603406e-02,1.213470358226697299e-01
1.549828812898000008e+00,6.199618696898999914e+00,2.467993618372999798e+00,1.159989363906920335e+04,4.503719433427045768e-03,1.524455751553567377e-02
