2.670119136347000044e+00,3.456266727106999781e+00,1.858211321268999905e+00,2.262984013143237462e+04,1.171330308810777515e-01,1.574243081746909638e+02
2.125028289599999870e-02,5.246022302297999929e+00,1.007024626785999910e+00,9.655952183051368820e+01,2.598202630554090065e-01,1.611567809852130040e+01
1.885605527770000123e-01,5.366447172644000396e+00,2.143899634918999819e+00,9.493382772214928309e+02,1.374385059648818540e-03,4.481365447609557233e-03
2.724041405464999954e+00,5.412001604001999588e+00,2.675494531961000177e+00,2.318457218629388080e+04,8.080453839359310816e-03,5.044028070094136451e-02
1.954552484304999949e+00,1.864458745589999911e+00,1.447370287520000076e+00,1.545789547631819369e+04,6.496333607255738718e-01,6.435017973785660388e+02
1.662395435284000023e+00,8.481484109160000173e-01,1.346094712741999988e+00,1.265491248020475359e+04,3.119151134246700430e-02,6.210437232081046588e+00
1.375562047749999961e-01,5.791475145257000356e+00,1.081779939717000039e+00,6.728840917062020708e+02,5.695584626511379514e-04,2.290597651953415418e-03
2.212990698776000187e+00,3.782331470632999793e+00,2.177767650200999938e+00,1.800357353355576561e+04,5.180758848487947849e-02,7.551275935197334643e-01
2.125789527728000117e+00,2.704475761210000107e-01,1.544362680534999921e+00,1.713838344694406987e+04,8.932561829454216569e-04,3.355020692872120146e-03
6.391748199579999623e-01,3.439017421662000196e+00,4.534258423599999976e-01,3.886894027047307191e+03,8.018538635293070288e-04,1.981204245478116431e-03
2.556682801575000052e+00,4.197374232329999622e+00,2.354725543018000078e+00,2.146869571080117748e+04,3.398185813872839529e-03,2.860153802460595196e-02
1.910709252980000050e+00,1.609393643593999945e+00,2.311417428351000058e+00,1.503183392518970686e+04,1.854697319980265794e-03,1.186582405736300375e-02
5.977045602900000337e-02,2.899463321592000042e+00,1.364651390663000008e+00,2.786829365537712988e+02,1.044039696763984434e-02,8.276326877345699384e-02
2.740368118369000072e+00,3.217334918356999918e+00,6.338045663910000238e-01,2.335287803242289374e+04,5.703381075082175275e-03,1.412568298261752675e-01
2.649458541635000053e+00,2.412501825215000117e+00,1.535887679813999984e+00,2.241775893001300938e+04,3.660846242927202204e-02,5.738710135341154484e+00
2.121715177782999895e+00,4.326064829852000138e+00,2.360144882799999788e+00,1.709810854210886464e+04,5.383901016801264511e-02,3.870121642270635487e+00
2.447398327736999946e+00,4.463506069431000256e+00,2.636593967261999794e+00,2.035790550932841143e+04,1.745281062378112313e-01,1.054432895443570928e+01
2.532696395608000195e+00,5.788784547399999703e+00,1.648313670440000100e+00,2.122421698830464084e+04,1.397179421257377097e-01,1.959641712154306390e+02
1.534535552241000023e+00,3.087414230099999948e-02,2.183150274234999966e+00,1.145775924224003211e+04,2.540957457782554423e-03,6.577789014982904359e-03
4.912256650169999905e-01,4.698684719594999670e+00,1.430252122880999899e+00,2.837428840486674289e+03,1.971368771542878341e-04,1.157193110949089425e-04
2.840260521355999934e+00,1.325825103269000049e+00,9.236829191550000040e-01,2.438600722702552957e+04,4.523366856438897771e-02,1.865920437771676532e+01
2.591842679742000222e+00,5.455767428059999924e-01,3.128995132180000249e-01,2.182772916477228864e+04,1.249662075901122188e-01,1.311288650533833220e+02
2.707681058807999808e+00,1.188166547440000054e+00,1.368354570683999905e+00,2.301607848663843833e+04,6.118613814670934839e-04,2.796852480437149110e-04
9.334631736999999818e-01,1.084828032894000094e+00,1.396954124512000073e+00,6.169972607920257360e+03,1.018076789524254427e-01,6.737604210922645720e+00
2.606236496290999849e+00,3.206513800514999790e+00,2.612652976975000207e+00,2.197493783218235694e+04,9.806110379335972183e-02,1.094006757256563986e+02
1.973256588716999937e+00,2.954345734778000221e+00,1.281659527671000109e+00,1.564019906265689497e+04,2.862199022060484335e-02,4.880602861069874981e-02
1.139014806100000055e+00,1.996885976949999975e-01,1.976902900989000011e+00,7.902026306068626582e+03,1.743896270705101552e-03,6.303139404260592604e-01
1.422883276459999957e-01,1.779318518618000056e+00,7.769473211199999785e-01,6.979534194921340031e+02,3.319780588360184970e-01,5.036037694947791579e+02
2.064726463313999894e+00,5.418273819654999990e+00,2.127258041600999849e+00,1.653622214894451463e+04,8.222313757842432229e-04,2.224279609030391670e-03
2.319364547355999839e+00,3.580959658257000022e+00,1.969947850495999964e+00,1.906697897709947210e+04,2.161364682197829470e-02,1.528972344696497287e-01
1.574781029311000058e+00,4.895380934003999762e+00,1.416676274127999902e+00,1.183242978062694419e+04,1.879354569690903226e-02,2.567315397758466844e+00
5.802726256129999705e-01,4.334762584275000386e+00,2.490431570745999856e+00,3.460589987047334944e+03,8.117688134490374423e-04,8.981452073860726575e-04
1.323021026726999949e+00,5.495522014320000093e-01,1.015608931030000051e+00,9.525049480131718155e+03,3.215366549544705632e-02,2.008830174637671995e+00
5.367041541460000342e-01,5.786407349534999689e+00,9.324566632409999611e-01,3.152358739096734553e+03,8.142364736049650942e-03,1.500719301685700946e-01
2.518941104049999824e-01,1.829984173885000009e+00,9.673506130790000546e-01,1.310979690569694185e+03,4.604085586910228699e-03,3.266925470803558329e-02
2.551596576412999973e+00,5.385241099558999878e+00,2.041951894168999804e+00,2.141682387190976078e+04,6.081572410285328648e-04,6.847093146220809175e-04
2.352875795685000160e+00,6.996452023379999829e-01,2.719807380466999991e+00,1.940373368820727046e+04,2.244996038710050379e-01,5.769452617014108853e+01
7.854142243409999447e-01,2.289936252833999930e+00,7.579589017790000494e-01,4.989169730142534718e+03,1.549068205418335439e-02,2.966765292288703559e+00
1.088003230563999946e+00,2.952064428962000164e+00,2.705306100191999796e+00,7.463424077859449426e+03,1.599798357251083075e-02,3.253393623865906914e+00
2.504339672402999817e+00,3.865581943667999898e+00,2.006372314005000046e+00,2.093567970225660974e+04,6.897695499771390459e-02,1.366133447520734201e+01
2.870688371247999804e+00,4.973344954957999775e+00,2.405655656805000042e+00,2.470183232016509646e+04,7.185865917863920767e-03,3.108189641161001604e-01
1.002011627144000050e+00,3.144354344113999833e+00,1.897951674206999950e+00,6.736757642098045835e+03,1.837509219312704820e-02,2.642868456185303305e-01
9.874136331749999718e-01,4.456387917133000087e+00,1.913540424090000025e-01,6.615086757011144982e+03,5.829382210855010675e-03,4.133652143180219923e-02
2.908373530971999799e+00,1.289815889285000017e+00,1.635267374082000069e+00,2.509369583735394917e+04,3.809187185953291643e-01,2.999109057053422021e+02
1.668105674988000109e+00,2.369141688513999977e+00,1.301928157547999954e+00,1.270882989229494888e+04,4.201752953328245777e-03,6.895471116447239590e-02
2.204903525613000070e+00,4.569159102243999904e+00,2.713950048318999997e+00,1.792308098326848631e+04,8.576161170173327020e-02,1.209897120754246735e+01
1.313951144957999917e+00,5.542991612095000242e+00,1.923169593015999990e+00,9.443674748100256693e+03,1.635770255569582790e-02,5.403793635560043551e-01
9.209896928370000513e-01,2.337330190464999902e+00,1.278589554650999993e+00,6.068118305936880461e+03,1.417908515818147412e-02,2.676610061238598348e+00
2.663351897390000111e+00,1.056009202098999955e+00,1.415852736791999966e+00,2.256034552367760625e+04,1.693598082568488483e-02,4.411711528347504463e-01
1.119548353067999935e+00,6.162336953821999863e+00,2.867257081471000113e+00,7.734022442403365858e+03,1.416684166829595363e-03,3.580985010224219545e-03
2.629157834172000108e+00,4.519443671980000188e-01,1.464753517694999951e+00,2.220962805100561673e+04,9.939197197641405288e-03,3.422837636170846798e-01
9.079644913650000149e-01,4.878606592350999804e+00,2.495674241679000094e+00,5.962198071900872492e+03,5.067678237566108912e-02,1.083270722325477742e+01
1.571421953580999897e+00,2.769314563848999988e+00,1.297091098981000057e+00,1.180108051470572354e+04,4.276893702512669058e-04,1.113526792538413902e-03
9.898676573500000409e-01,1.110397121029000012e+00,2.473461727159000034e+00,6.635504687369671956e+03,7.685963022727365429e-04,1.407469029210319878e-03
1.633884147103999984e+00,1.486719053540999980e+00,1.505174870142000021e+00,1.238626449487182981e+04,4.127714150957635664e-02,4.620678688567942061e+01
1.193305853617999901e+00,4.136562360580000042e-01,6.369430535990000530e-01,8.374513426066958345e+03,1.890152306933613746e-02,3.741085542108145479e+00
6.468875288680000502e-01,2.174337850597999999e+00,2.451967418305999846e+00,3.943497405439442900e+03,9.219808681898286062e-01,6.432757320106655925e+02
2.955323722096999894e+00,3.698623473716000198e+00,1.564456676597000051e+00,2.558298277945415612e+04,4.605204742046125829e-03,6.543574555510255353e-01
