1.924514170783999889e+00,5.252896620458000321e+00,1.500322557777000076e+00,1.516579430574826438e+04,3.351052618217820883e-02,3.846946436899924215e+00
1.236001541834000017e+00,4.365157593110000178e+00,1.840028337569999950e+00,8.749968931673312909e+03,1.000232352828074253e-03,4.793848570789572411e-02
1.527479874813000071e+00,3.252284956758999979e+00,3.041782541403000195e+00,1.139228500055475160e+04,6.901752724662600690e-04,1.131122137419839210e-04
1.692250419330999955e+00,3.522994805670000007e-01,9.688818318980000344e-01,1.293721930369471374e+04,7.201102898587294875e-03,8.139358465924505237e-02
2.310931414350000157e+00,6.116070055248999715e+00,9.651254144249999944e-01,1.898236378723704183e+04,8.113725054455878105e-02,8.015463396759120229e+00
2.630649512474999785e+00,4.653855041156999661e+00,1.082006480598999953e+00,2.222491261548225521e+04,1.764721065227442120e-04,1.779454092620804068e-04
2.474366649423000108e+00,4.679082896978999706e+00,7.667951030259999579e-01,2.063127614226467631e+04,8.904347831547082537e-02,2.872138308164741360e+00
9.874820200249999624e-01,4.616324132424000304e+00,7.815665323649999552e-01,6.615655509682524098e+03,7.548309901451471420e-04,7.110207412712705544e-05
1.952996404879999981e-01,2.163369865730000008e+00,2.462293689768999982e+00,9.868744254685627766e+02,6.324648173160642151e-02,4.610377054226910132e-01
2.297940989164000136e+00,3.371885307360000250e-01,1.349774551327000083e+00,1.885212530905528547e+04,1.486022318477527894e-02,4.800658587503939145e+00
2.535171263872999958e+00,3.425229248612999822e+00,2.580068907398000100e+00,2.124942449917908016e+04,1.806470908575026277e-02,3.745444351285525525e-02
2.878815485319000000e+00,1.162240491034000067e+00,2.146845630489000012e+00,2.478628786424842838e+04,5.738539303573811021e-03,1.949742050128482410e-02
2.849191441421000004e+00,5.677437532281000010e+00,2.710571711421999819e+00,2.447865198686569420e+04,1.314249176338454228e-01,7.130483041679025469e+00
2.071850173801999873e+00,3.658431734356000220e+00,1.538240902784000053e+00,1.660630981109236382e+04,1.019452955350687307e-02,8.943875897111436268e-02
2.686549464926000219e+00,2.105711719660000036e-01,1.437108985205000078e+00,2.279868347623658337e+04,1.440579823913218198e-02,3.369156445353119894e-02
6.340781394550000227e-01,3.229768641431999932e+00,2.908906758700999795e+00,3.849587050861420721e+03,3.559983768718996949e-03,2.780286684715631285e-03
