1.500310784265999953e+00,3.297490701740000141e-01,1.053857361971000106e+00,1.114076786138579882e+04,4.210677464153789185e-02,3.867920552391411082e+00
1.285645006349999953e-01,4.998491920366999963e+00,1.981366379240000031e+00,6.255833750349263482e+02,1.444788032058693826e-03,7.044608489944636674e-04
1.926590864046999974e+00,9.420594629759999616e-01,2.489667427941999911e+00,1.518596165183426456e+04,1.551142278378346007e-01,2.796969140679623678e+01
2.724961028088999981e+00,2.459503789300999888e+00,1.134624987615000080e+00,2.319404798670801028e+04,1.952201644103600947e-03,1.681586599885935215e-02
1.285390102623999997e+00,5.055519520019999824e-01,1.196579257868999990e+00,9.188305577838447789e+03,3.497002979911242350e-03,1.387390909173643293e-02
2.971689036548999852e+00,1.681043323376999910e+00,2.399163192178999982e+00,2.575381002607876144e+04,1.384802726512829795e-03,6.400543283562001862e-02
1.114845458922000043e+00,1.653920941003000022e+00,1.618299088736000035e+00,7.693549669076823193e+03,4.199878694403200718e-01,4.055898459647639953e+01
8.964994948190000423e-01,7.731022173149999510e-01,1.918292729265000052e+00,5.869342978199033496e+03,3.416068393226998623e-01,1.743607318524438199e+02
2.315878591224000083e+00,3.160466929999999983e-03,3.233530371239999868e-01,1.903199572954679024e+04,8.006140961587131233e-02,4.415872590708547207e+00
2.641228819465000210e+00,1.475916544511999939e+00,2.220658178674999927e+00,2.233335384481757137e+04,1.821159242761552152e-02,1.430983346768201214e-02
1.184642272120999928e+00,2.327463224209000092e+00,2.107924261908999952e+00,8.298737478023407675e+03,1.591832370922040829e-01,1.761797251184650008e+02
2.332615432876000039e+00,4.171701118570999789e+00,8.489465256310000374e-01,1.920003939710582199e+04,5.500349403325846542e-03,4.569315590141478922e-02
