2.122076784442000097e+00,5.529727958984000047e+00,1.509869831752000069e+00,1.710168245243053389e+04,2.442934277631014436e-03,9.870578015690051332e-03
1.646278660394000060e+00,3.312737331294000054e+00,1.684283950826999998e+00,1.250293610039308624e+04,9.773049401609044430e-04,5.180249570278388366e-03
2.950209507843000178e+00,5.169328694699999449e-01,1.857091773010000058e+00,2.552962773192175518e+04,1.871439691413543868e-02,4.256816951405088645e+01
2.628089041202999798e+00,1.502924643825999995e+00,8.699394600259999777e-01,2.219867735804024778e+04,1.133993584999859125e-03,2.995164250779887554e-03
1.511802888909000053e+00,4.956997721623999986e+00,2.729732383286000097e+00,1.124703813327236458e+04,8.042738201158871475e-03,1.229612233453652864e-01
1.412624282506999895e+00,5.610388018256999842e+00,2.518712137977999976e+00,1.033588144159991134e+04,7.800811674697713007e-04,1.446552673833404259e-03
1.707812591279999903e-01,5.251820845196999876e+00,1.739092586381999928e+00,8.514243463924514117e+02,5.391677961762769700e-02,2.911778063717457066e+00
8.995236924780000143e-01,3.525903894758000146e+00,9.587465478990000456e-01,5.893801303986064340e+03,3.625813866253107631e-04,9.554688419112149916e-03
6.951188288590000042e-01,5.459882211159999832e-01,5.022448851830000338e-01,4.301401624681341673e+03,5.941518521493665411e-02,9.168832447803527685e-01
1.547424812582999909e+00,5.456763658957999752e+00,2.204139966011000151e+00,1.157753138706375830e+04,6.898556318871674423e-04,8.779106225771294734e-04
