8.696316981580000105e-01,2.858226649420000154e+00,1.990226147088000053e+00,5.653158788761061260e+03,7.722691068871833098e-01,1.168832289187086104e+02
2.579427604924999784e+00,5.241862608295000392e+00,2.877874045826999794e+00,2.170086298760445061e+04,4.862188297583138613e-03,9.904262180392782444e-02
2.157620371524000102e+00,5.476649762982000347e+00,8.131232391189999742e-01,1.745349677165922185e+04,4.732075761480299125e-02,2.805828221473122053e+00
2.499739141810000120e+00,6.043946404457999577e+00,2.215154628957999972e+00,2.088891806535142678e+04,9.493741139514601246e-02,3.312437495158746525e+00
2.194745346672000164e+00,6.194149312192999801e+00,8.059200005329999472e-01,1.782204785387279844e+04,3.827789606200776920e-03,2.080302849239998308e-01
2.378589197204000083e+00,9.752726133639999517e-01,1.891332591947000097e+00,1.966267765937267905e+04,3.578285468926470370e-02,1.945323516244898132e-01
2.497791349768000213e+00,3.320319439086000024e+00,1.976528935786999952e+00,2.086912420418859983e+04,2.627387768192783815e-02,7.453124870786655976e-01
1.117364880483000089e+00,4.016473834500000062e-01,1.155260304323000087e+00,7.715226010246830811e+03,2.575281868380473460e-01,1.449225539287832305e+02
2.535513987599999908e-01,5.494558953921999667e+00,2.105642894629999873e+00,1.320703652842646534e+03,3.618552491318659248e-02,7.368953830352559242e-01
2.257827673920000111e-01,4.014682693832999583e+00,1.989338357714999894e+00,1.159502759399066917e+03,1.755280069173041331e-03,9.174911422363353497e-03
1.873805140346999965e+00,4.437821893004000096e+00,5.600434263839999538e-01,1.467461379627035967e+04,5.337437247144733929e-03,1.557723689055592019e-02
2.594235492481999916e+00,1.573295691276000108e+00,1.481219120315999893e+00,2.185219190426670684e+04,7.789037889383300904e-03,3.130833075354550465e-01
2.117117064267000082e+00,5.236580613353000402e+00,2.540939805594999878e+00,1.705267264015760520e+04,3.617010619949331818e-02,6.737851010503059790e+00
2.043486775944999945e+00,1.218805846813000082e+00,2.344127883080000085e+00,1.632751005242710380e+04,2.640770797277425253e-03,1.182771618511990752e-02
1.620492049342999952e+00,3.484906225951999836e+00,1.773658129019000107e+00,1.226040513026215558e+04,5.543156837713056340e-02,3.227905236839664571e+00
1.160310374705000092e+00,3.604114669717000119e+00,2.924697089994999999e+00,8.086680192879066453e+03,2.148647438534764548e-03,1.042900423904948894e-02
2.637175614905999943e+00,2.406021389339000116e+00,2.227917716537000103e+00,2.229179900609762262e+04,2.802598347413500293e-02,5.132200490113713265e+00
2.678735065401999904e+00,2.975948178408999834e+00,9.935500421339999999e-01,2.271835971944704215e+04,8.812575455187424134e-02,3.457929319873469520e+00
