2.910844213921000012e+00,2.007592784553000165e+00,8.399856607410000064e-01,2.511941406835513408e+04,3.062325893078698263e-02,2.011259607740394806e+00
1.593645555171000039e+00,5.583224923717000188e+00,2.193161458397999919e+00,1.200874446603468823e+04,5.876592980909024723e-04,3.315382333161122352e-03
8.242163331249999780e-01,1.454646449228000016e+00,4.442342812100000260e-01,5.292436785382173184e+03,2.535547646359114990e-02,2.177363395109690181e-01
2.791827957308000041e+00,2.413075529796000041e+00,6.299333603679999616e-01,2.388438000013954661e+04,9.008820858471513343e-03,5.390520419232608385e-01
7.743885129659999755e-01,3.160233304715999836e+00,1.057254972641000101e+00,4.903861829771840348e+03,1.212238973667148847e-02,3.749141008780081802e-02
1.284405593603999973e+00,1.832656078834000057e+00,6.851375132989999672e-01,9.179527043998239606e+03,3.999135814250415755e-01,4.429113745414798018e+02
2.892509906173999834e+00,4.342024866145999695e+00,2.079907206946999931e+00,2.492864499783604697e+04,1.607537710612932892e-03,3.247371304486759789e-03
4.975134386469999836e-01,1.294698881361000087e+00,5.457859326570000391e-01,2.880542327292979735e+03,2.375110475223033146e-01,7.947385389306300851e+01
1.934023461005000000e+00,4.468241622262000057e+00,9.159053129049999908e-01,1.525817478101798588e+04,4.536458699591125465e-01,3.350074907359897907e+02
5.908139580369999866e-01,3.840942151400000143e-02,1.409712739206000043e+00,3.536089399070669515e+03,1.648923536155672540e-04,4.040833366909728588e-05
4.400893924700000071e-02,1.472896281638000016e+00,1.225142793192000035e+00,2.030762193430309139e+02,1.908285498164885921e-02,6.369723145514614160e-01
2.147510693561000217e+00,4.764735777340000089e-01,4.221300970679999764e-01,1.735332577357372793e+04,2.888347897472482925e-02,8.322345923839415960e-01
3.133200504720000112e-01,3.277529893037999909e+00,2.399177595622000059e+00,1.679841401483366326e+03,1.076495496903607873e-04,9.671214304126193222e-05
1.301138241542999952e+00,3.744415019933000188e+00,2.973592710310000164e-01,9.328945839053891177e+03,2.087972083410714105e-03,1.706727293439487189e-02
7.241534749439999530e-01,9.284030671170000470e-01,7.732723413909999843e-01,4.520025876066250930e+03,1.882616494394084572e-01,1.664054834689336246e+02
2.082037079151000114e+00,4.991787385562999724e+00,1.888815447634000000e+00,1.670660990209423835e+04,1.053341064844258435e-02,3.684096454096408291e-01
1.513933547788999912e+00,2.225817978528000118e+00,2.282883360311000143e+00,1.126675972940027168e+04,6.513492459135505896e-02,1.188003643751847171e+01
5.088190280109999852e-01,5.366919677180000292e+00,6.431925730080000347e-01,2.958410916835312037e+03,2.166104991378072289e-02,1.494764043292727829e+00
8.851441001049999979e-01,2.681924253161999783e+00,1.493940655073999979e+00,5.777729850754188192e+03,2.921481163831453581e-04,3.658608619550472382e-04
2.771982121366999952e+00,1.797628642957000089e+00,2.445392653085999957e+00,2.367922070880117099e+04,3.961096665585748244e-01,1.026096082487225942e+02
1.468715258120000033e+00,3.511613627218999945e+00,7.072921740809999802e-01,1.084951179033039625e+04,4.937947293459239153e-04,1.299975870719711265e-03
1.401477656029000096e+00,1.467242871659000025e+00,1.030905147851000070e+00,1.023435109225771703e+04,9.426607834235713190e-02,7.929799407310428982e+00
2.362330539134999796e+00,3.976661299100999969e+00,1.741284434275000015e+00,1.949889158085358576e+04,3.583043585444373874e-02,8.328997719948334932e+00
1.794595930092000025e+00,1.301045499698000096e+00,1.218237445943000097e+00,1.391241116002253148e+04,2.977715334998556266e-04,1.828577115067720610e-03
2.405545189016999874e+00,3.121292609493000025e+00,2.328389150221000126e+00,1.993463960664803380e+04,5.389380961515622803e-04,1.296945130898424781e-03
1.583885961647000018e+00,4.917491937859000295e+00,2.454480099401000093e+00,1.191747335066904088e+04,8.549544586357805042e-04,3.140638350299399580e-03
1.038827501744000070e+00,5.253846539225000001e+00,5.972350946940000460e-01,7.045832299694773610e+03,1.677431590210547380e-03,9.581405897169154376e-03
6.824810628999999906e-02,6.099025914399999748e-02,1.761690652201999940e+00,3.199606242408790422e+02,8.141921939239576619e-03,1.246084677327723850e-01
2.944537368757000007e+00,2.130488881315999894e+00,1.038880806539000057e+00,2.547046858563046044e+04,9.442513075002658199e-03,2.109317427236505893e-01
1.349539817034000055e+00,4.904512232336999844e+00,1.186867797651999901e+00,9.763729969727630305e+03,4.988306492591529917e-01,5.910185337135312693e+02
2.282594954281000010e+00,2.859997062161999892e+00,2.446954527126000034e+00,1.869843179043536293e+04,3.666102582146411604e-01,3.153874205975354172e+01
8.162155702860000028e-01,3.830542739947000008e+00,7.683928188249999902e-01,5.229523995127546186e+03,2.431988638629454386e-03,3.700012537282729164e-02
1.164021314990999922e+00,3.422176682557999783e+00,1.529757359540000028e+00,8.118948160424896741e+03,8.307022604570048208e-02,7.742329798841852018e+00
6.298192484889999498e-01,2.320938353379999874e-01,2.104183419917000197e+00,3.818472425512048176e+03,2.609800457913485916e-02,9.472401146317802612e-01
8.963622887700000152e-01,4.635942222883000063e+00,1.006752850577999903e+00,5.868233908550579145e+03,1.477910423687198160e-01,1.915853603454007015e+01
2.928986549624000180e+00,1.759589472722999925e+00,1.959716793254999923e+00,2.530836637941262961e+04,7.048163473503891996e-02,1.451939826939351086e+01
1.467098229744999927e+00,3.001262718532000218e+00,2.694792354790000122e+00,1.083464238478569860e+04,2.185419614349976350e-03,9.483312146700569045e-03
2.214288951349999923e+00,2.885752110090000211e-01,1.037158224076000002e+00,1.801649993322213777e+04,8.956704810526282604e-03,2.212759910258079998e-01
8.522537130099999692e-02,3.204709503037999951e+00,1.747281523810999992e+00,4.038877245337935733e+02,4.964593799524420759e-02,1.532915505678615453e+01
5.500049639580000260e-01,4.452797744236000277e+00,1.276174604528000023e+00,3.245795197267470485e+03,9.643014723006083921e-02,3.964676718865988647e+01
5.262156231140000529e-01,5.716450272123999810e+00,7.218285017590000407e-01,3.079097131013189482e+03,8.773758493733168869e-05,6.462218326026254809e-05
1.226570681666000029e+00,4.091936388312999995e+00,2.677531251921999811e+00,8.666752245768344437e+03,3.575720767825522027e-03,1.551346255176693466e-02
2.343178367630000203e+00,3.344873801247000067e+00,7.917863224390000454e-01,1.930620032669801367e+04,3.805486552498623092e-03,1.543753712595062437e-02
