1.599085674009000035e+00,1.449077759089999917e+00,7.783975008090000536e-01,1.205967040241912582e+04,2.598380437657143126e-03,1.012223815184000453e-02
2.451900587914999985e+00,3.174636451589999964e-01,2.327619552464000208e+00,2.040350937623762002e+04,1.188321051803219452e-01,5.355467969797308436e-01
7.722296997069999502e-01,5.582791042152999594e+00,1.018741698576000054e+00,4.887204693738000060e+03,8.806731192938509201e-02,2.916984955718121775e+00
1.871952393386000058e+00,4.848798045209999685e+00,2.501270900473000047e+00,1.465671441754079387e+04,3.396898645359306985e-03,5.763196111891130680e-02
2.892652369788000222e+00,1.418757827000000039e-03,2.198562244405999788e+00,2.493012663738517222e+04,1.321189109359527381e-01,3.948643157875001464e+01
1.755373618781000067e+00,2.997004518459000177e+00,8.677121509440000047e-01,1.353735990986996330e+04,4.933211479506670050e-01,3.068686409643441380e+02
2.237254582803999803e+00,9.501043926940000439e-01,1.062783550904000007e+00,1.824537884578856392e+04,1.307622769190048238e-02,4.539905145345099480e-01
1.194414886527999986e+00,1.734603971524000032e+00,3.566429586489999748e-01,8.384223717159115040e+03,9.957312889317783758e-03,3.849867722372222190e-01
1.947530919427999940e+00,1.041563665591000110e+00,2.598915361096000076e+00,1.538954095209046500e+04,1.570707256035588917e-02,1.005128513841541338e+00
1.340300491365999935e+00,4.314679392000000252e-02,1.609243438548999983e+00,9.680445633946230373e+03,1.804855163847206290e-01,2.841357465678001049e+01
9.508100487089999886e-01,5.164200976004000410e+00,6.167564171010000429e-01,6.312292343128958237e+03,8.232599095633147618e-04,2.371990153154444024e-03
1.999376580165000084e+00,1.412028644902999952e+00,1.807644751662000004e+00,1.589531274219164516e+04,7.034091329936916458e-03,8.711786257997722327e-02
1.480182220429999973e-01,4.625537662990000243e+00,2.428313643301999836e+00,7.284699119067453239e+02,6.559701032339554242e-04,9.917777228574749422e-04
2.619553156913999814e+00,5.144766720543000105e+00,2.419194058923999968e+00,2.211124637202640224e+04,1.462130703441026289e-02,8.390672918075763043e-02
1.107584962933999995e+00,4.239996199615999828e+00,2.932602229782999892e+00,7.631155556107192751e+03,6.907422230265437557e-01,1.160434752605877406e+02
5.322353950929999966e-01,5.621813531135000375e+00,1.887315012149999971e+00,3.121099308437590025e+03,6.841942190852187515e-03,1.615584656142551867e-01
2.337826636977000216e+00,1.450197004082000030e+00,2.443235440190000052e+00,1.925240350138845679e+04,1.703165253641681157e-02,1.101952703119930543e+00
8.916408087670000260e-01,3.698840886631999947e+00,9.546502488960000310e-01,5.830100595740022072e+03,1.929364123357627248e-01,2.299170534433515556e+01
1.230775158648999890e+00,5.487773523779999607e+00,1.779916155663999966e+00,8.703832397614605725e+03,2.891869792276448477e-03,1.340650706856484353e-01
