2.407714371269999987e+00,5.813792102295000319e+00,1.990579866313000101e+00,1.995654687681874202e+04,4.096909199122974327e-02,1.025635362479720314e+00
9.106105577090000125e-01,2.082031124694999846e+00,2.539327986610000032e+00,5.983679039257529439e+03,3.249991179203552856e-03,1.518421977430297991e-02
1.583862986605000023e+00,1.965307362904000099e+00,2.441098138996999900e+00,1.191725866281745220e+04,4.427917257920913063e-02,1.024768807504277124e-01
2.829462377337999879e+00,5.803727347584000107e+00,2.854239853726999954e+00,2.427405300791727132e+04,3.017395394790145426e-03,1.282456697516170564e-02
2.570073498440000215e+00,2.748425813383999827e+00,1.173254950198000079e+00,2.160534097168451990e+04,9.562866147395529537e-03,2.407262878676532172e-02
3.139219761920000185e-01,5.541229862321999988e+00,1.124878162429000072e+00,1.683539847985371125e+03,1.040612323701644296e-04,5.168036034927439966e-05
2.482149416693999910e+00,1.442679487684999984e+00,1.632775079900999904e+00,2.071025952459806649e+04,1.674365915942351291e-01,4.475480479132142477e+02
2.124698094255999870e+00,1.605788402306000062e+00,1.578533584419999913e+00,1.712759330279859569e+04,1.270893747049147149e-01,2.941052829074358499e+01
5.244597993370000433e-01,5.413780007418999674e+00,1.949051974407999932e+00,3.066869291334228365e+03,5.916455768684788508e-01,2.421361348835621072e+02
2.404081827728000054e+00,9.079347367760000065e-01,1.802998416851000041e+00,1.991986239834996013e+04,1.387983761404855930e-02,3.360418193207074244e-01
5.068444691660000112e-01,2.929350366518999937e+00,2.709510922174999781e+00,2.944778744389066105e+03,2.666925971421593156e-01,3.838728715324494800e+01
6.297978739359999523e-01,4.912603289081999947e+00,2.452220226721999907e+00,3.818316405118599050e+03,6.643074027097374372e-03,2.395012474342610720e-01
2.937951927685999998e+00,3.090868736017000185e+00,1.365342539493000107e+00,2.540180528361494726e+04,1.513815458457086916e-03,1.081842672244425624e-02
2.391306973863999819e+00,1.600824191050999934e+00,2.806789637366000179e+00,1.979092480433606397e+04,2.645604332917668878e-04,7.080271277011512376e-05
1.604382843523000091e+00,9.581928030449999856e-01,2.426072046598000131e+00,1.210929254082173793e+04,1.682316009372005448e-03,3.001810888601600877e-03
1.795484774796999972e+00,2.515444031631000055e+00,1.896243262110999916e+00,1.392092880183505622e+04,2.054595233734090587e-01,1.551520262281649707e+02
6.189785476200000414e-01,3.938387724216999786e+00,1.977573336722999953e+00,3.739520154045137588e+03,5.899535598935037872e-03,1.878365436818223988e-01
1.924130499064000022e+00,3.695380788711000175e+00,2.127545173309000059e+00,1.516206880217138860e+04,2.910803712721672046e-03,3.991898212488815822e-01
9.227684930559999499e-01,1.138992940844999913e+00,1.497395930539999975e+00,6.082618411643442414e+03,9.995531975880614373e-02,5.357610492980769834e+01
1.429286164319000019e+00,2.113002968147000171e+00,2.462434093661999945e+00,1.048798663157108967e+04,7.673730660086398002e-03,6.651172023536902067e-01
1.686379840535999985e+00,2.312740903532000125e+00,1.798851876552999940e+00,1.288162802712392840e+04,7.558216788706969558e-01,2.939139009600057193e+02
1.197714692526999913e+00,1.688850528964999986e+00,1.805336344866000031e+00,8.413129219281763653e+03,4.731015534731286033e-03,1.016331830876945480e-01
7.090917504429999907e-01,4.122367755324000349e+00,2.318160370340000220e+00,4.406323950293687631e+03,2.133301276851828996e-03,8.822476646427849720e-03
1.781323651883000014e+00,5.923223354254999684e+00,2.230179945493000027e+00,1.378531913201836323e+04,2.023251957593924164e-02,4.324598208508620090e+00
2.942944609052999816e+00,4.049062750921000209e+00,2.071702991941999805e+00,2.545385955627400108e+04,1.727123415621836799e-01,9.924980243622498222e+01
8.664231589519999499e-01,2.738570141653000167e+00,1.200403115257000053e+00,5.627477649230015231e+03,2.773856780813957479e-02,1.471280902399563217e+00
9.980096382549999978e-01,4.912408499899999920e-02,2.271510905642000200e+00,6.703351290970997979e+03,2.207119419014825501e-01,1.148264963937783989e+01
9.091745891399999335e-02,3.015747600557999952e+00,2.159402020462999783e+00,4.323996556160128648e+02,1.712438997207327935e-03,2.900832972939997381e-02
1.368540412428000064e+00,8.750123082709999611e-01,4.937936827559999964e-01,9.935421620259518022e+03,4.209959315246456640e-03,3.181421744657365186e-02
2.674296343602000192e+00,5.367441507002999934e+00,2.191220734778999812e+00,2.267275091537689514e+04,1.874462479632304709e-02,7.943135355533907038e+00
1.902733654713000044e+00,6.011581577263999776e+00,1.587632072469000066e+00,1.495452222020969202e+04,2.124225436721819717e-03,5.719505841933469892e-01
2.480241902512999808e+00,2.353736509578999936e+00,2.561705977242000110e+00,2.069089729040042221e+04,1.700615961362979267e-02,9.716308829397068969e-01
2.254650665677000010e+00,3.434557229196999906e+00,9.896796728819999833e-01,1.841902010159199926e+04,1.314593728818206630e-01,6.474903651587750630e+01
2.714666330701999808e+00,2.421669484400000016e-01,2.277865878170000080e+00,2.308799958924082966e+04,2.674701308766938568e-02,1.088489352720035264e+01
2.449369831780999984e+00,5.977806566331000049e+00,8.551526680300000072e-01,2.037787341332192227e+04,4.801559062502482739e-02,4.065705645741813923e-01
2.186939456965999895e+00,5.498347555524000008e+00,1.508121587471999980e+00,1.774446564254818804e+04,2.973716091580214105e-01,2.896915611142602529e+02
2.653949014350999835e+00,4.967290499176000296e+00,1.859841137024000002e+00,2.246383135904651863e+04,1.225068954802158855e-01,1.814939436437819253e+01
2.667646984667999988e+00,9.713910117859999582e-01,1.124721132716999916e+00,2.260444967750417345e+04,1.435984413487306210e-01,5.287910160892919720e+01
2.227075927782999898e+00,1.989945402645999950e+00,2.245567150170999948e+00,1.814388619088019186e+04,8.707031279765251172e-04,1.020186455626853487e-03
1.472941326908000059e+00,4.172880039098999738e+00,9.267319889859999549e-01,1.088838973134417938e+04,2.742868469878105217e-02,5.471335670232595483e-01
4.954620256899999742e-01,3.509814111813999826e+00,1.468999047702999938e+00,2.866461024124622782e+03,6.072845494145696910e-03,1.288702649157655311e-01
2.544561753435000018e+00,1.317982199952999922e+00,2.536126135222999789e+00,2.134510666648650295e+04,3.513590922917339153e-04,7.368303890107632224e-04
8.604547449880000087e-01,4.552172370065999729e+00,1.214797773691999927e+00,5.579784628940975381e+03,1.298679282471537763e-03,1.185359173980723253e-03
2.800954833020000034e+00,4.570273333401999594e+00,6.072077622889999748e-01,2.397880689253930541e+04,8.046618573767112814e-02,8.235934477792278585e+01
6.038578168160000370e-01,4.853774633159999574e+00,2.134921796951000150e+00,3.629997709387303985e+03,1.680009023478032338e-03,1.601830964554837094e-03
2.628966660100000130e+00,5.678156968688999662e+00,2.761473200621999968e+00,2.220766919406260786e+04,2.037772301873020109e-01,2.047312687873028949e+02
2.534071105190999873e+00,4.934981050375999878e+00,6.405436250560000433e-01,2.123821846463915790e+04,5.939746981815107602e-02,2.488779717108119272e+01
1.015951461888999985e+00,3.852894407360000217e-01,1.054922577951999951e+00,6.853414791188195522e+03,5.368395003125370907e-02,1.973877075648188111e+02
1.677534588487000100e+00,1.145133684154999942e+00,3.887186588759999895e-01,1.279794130675138331e+04,9.746821122621578820e-03,9.792464769742535713e-02
2.504528005706000204e+00,5.661271450917999992e+00,9.925553853049999820e-01,2.093759429662715775e+04,3.319081342984705942e-03,5.706107938345272163e-02
