1.793425554094999930e+00,1.873033823520000030e-01,1.666219623930000004e+00,1.390119661101209203e+04,1.311780242903758283e-02,1.605450856772937529e-01
2.143203636761000119e+00,4.785877401909999773e-01,8.018810410819999790e-01,1.731067468953422940e+04,2.071779329457182611e-03,2.298835725730815141e-02
2.046576368445999883e+00,1.251901948350000016e+00,8.090891790059999700e-01,1.635784587678146818e+04,2.858438076142709363e-03,1.786926711731529061e-02
4.092655525950000261e-01,5.334875473897000120e+00,1.812795941614000039e+00,2.288666889308836289e+03,1.823484823317297193e-02,2.745676543245137435e-01
1.189400301914000035e+00,5.589985245600000319e+00,2.451595768095999883e+00,8.340336133470354980e+03,6.267249118459455870e-01,1.540949171225302337e+02
1.389566276040000048e+00,2.158338541910000130e-01,1.842350619207999918e+00,1.012605832040598762e+04,2.472803431862148887e-03,1.229564365785528867e-03
2.113677945781999856e+00,4.811199603319999962e-01,1.628902984808000109e+00,1.701870064677333721e+04,4.386836630016194977e-02,4.007286948703164597e+00
2.126544137715999927e+00,4.954414518636999887e+00,1.090618418568999992e+00,1.714584425238802578e+04,9.983219599864457360e-04,1.667274577795226217e-03
2.490087438006999943e+00,6.146815247203000432e+00,2.181308561477000030e+00,2.079086074036772334e+04,1.048976913822630662e-02,5.066370568256637341e-01
2.869987502653000178e+00,5.338892304227999652e+00,4.562661414849999986e-01,2.469455186065358430e+04,5.862533277030103351e-02,3.471287350637262570e+00
