2.474192641314000074e+00,1.078044353332000105e+00,2.181797467403999935e+00,2.062951068497230881e+04,2.635481516433640370e-01,2.814657479126255524e+01
2.586575054188000156e+00,6.159989198226999640e+00,1.091488690173999965e+00,2.177388881701318678e+04,1.282133510162977155e-03,1.358942049815153657e-03
2.906753682814999795e+00,1.750806065319999938e+00,1.477383579183999984e+00,2.507683597744351937e+04,1.490419732158980784e-02,9.672570234040656773e-03
1.965883275196999902e+00,8.356840423250000427e-01,1.211408954609999977e+00,1.556829539465957896e+04,2.464561030234995592e-02,4.657474044011721825e-01
1.274286045485000018e+00,2.188058096205999892e+00,1.912577092754000008e+00,9.089389324372243209e+03,3.697529311461707491e-01,2.887267922052016047e+02
1.289025329597000002e+00,1.786655423493000105e+00,1.208188054769000042e+00,9.220733651404845659e+03,4.643724108442084386e-01,1.088867441895940118e+02
1.188939082682999970e+00,6.120678757681999649e+00,2.269015507684999822e+00,8.336302083833317738e+03,4.588156784512256725e-03,1.471678422586300029e-02
5.314870391770000202e-01,3.891963034366999974e+00,8.887627642200000011e-01,3.115871068995577843e+03,1.626735895584608131e-04,1.178082158870213853e-05
2.963687016598000046e+00,2.121290743168999793e+00,1.342451153325999957e+00,2.567026420551642877e+04,5.917541585233175583e-02,1.102751177168298113e+01
1.349433154158000026e+00,4.544200068491000444e+00,2.161418212387999915e+00,9.762767732793454343e+03,9.055732731540327984e-02,1.949552676174244548e+00
2.224534255413999961e+00,5.698971519469999691e-01,1.889388194889999983e+00,1.811855591589234973e+04,2.676441564388621665e-03,9.545953987222723092e-03
1.661833998567999959e+00,5.496489208529999893e-01,1.504864137710000049e+00,1.264961328481893543e+04,3.239917520841946973e-03,1.942461629205744500e-01
2.741110335225999783e+00,4.322928825650000029e+00,8.656347140429999643e-01,2.336053300374357423e+04,7.698460199329353222e-03,9.556689357890890690e-02
8.581643533320000294e-01,6.139390514569999624e+00,2.178073281421999852e+00,5.561509476568120590e+03,1.682094663147507344e-02,9.545919696304393520e-01
9.036550388899999842e-01,2.158579054657999929e+00,2.745303527386000031e+00,5.927253977510275945e+03,9.719426325121148947e-04,2.963884797346859942e-03
2.320529650217999951e+00,4.151133925276999648e+00,2.041112711325999918e+00,1.907867339301598622e+04,8.452090015514611698e-01,6.798919978772742070e+02
2.264755497743999868e+00,1.826735086690000065e+00,2.783701572855000084e+00,1.851998881300500943e+04,8.557031707773643178e-03,2.058161629714187757e-01
1.372096486058999920e+00,4.927430815731000280e+00,1.326545708430999948e+00,9.967616532292095144e+03,1.159878888872320768e-01,5.066115059082459737e+01
1.719383814058000004e+00,5.389417327594999918e+00,7.386230537910000171e-01,1.319465593183740384e+04,7.833870769110535398e-03,2.238123066052983279e-01
1.628995756506999903e+00,4.984310511801999688e+00,1.002635462755000040e+00,1.234029871781529255e+04,1.240376427302448915e-03,2.988275107576047768e-03
9.556731858299999383e-02,4.704774346313000066e+00,1.852087699229000073e+00,4.558285884526985683e+02,7.010978520129275415e-02,4.508428636827778746e+01
1.755813036526999937e+00,5.027960852411999859e+00,1.205265696569999934e+00,1.354155273242262410e+04,3.700926868914970747e-02,8.861082409169281249e+00
1.405765810282000094e+00,1.276064324060000033e+00,1.637640924143000110e+00,1.027338858628949674e+04,5.090646436856446910e-02,1.093529699879620765e+01
1.625822686183999943e+00,2.519760741630999945e+00,7.859088949989999628e-01,1.231047726975578553e+04,1.485594829046418992e-03,4.253575756916146838e-03
1.607270055077000048e+00,2.213649558268000028e+00,1.249491327390999995e+00,1.213635321506523360e+04,1.421743947441533266e-03,7.051264814297670824e+00
1.790820620374999894e+00,2.664894064547000063e+00,1.640735952196999969e+00,1.387624117676748210e+04,1.204698952344773928e-03,4.400373043578703104e-03
2.502935653055000209e+00,1.469216761822000006e+00,2.315923516489000189e+00,2.092140711531048146e+04,2.493431442378521157e-01,1.993027622609054674e+02
1.655520110250000010e-01,2.119411847852000097e+00,4.647600546369999863e-01,8.229373681332518800e+02,1.228708409386367606e-01,9.073456968929853872e+01
5.615402454540000532e-01,2.036572105134999866e+00,8.280960926960000412e-01,3.327303542906800431e+03,3.008380365518975499e-03,6.412694926414878871e-03
2.676133548810000207e+00,5.146214572333000170e+00,8.847241468959999855e-01,2.269162712361556260e+04,2.471251909948121439e-01,7.098337521195333011e+00
2.810645012190999825e+00,4.965141725339999645e+00,1.265132285143000024e+00,2.407911374518743833e+04,6.382114817447615603e-04,3.463260172304282510e-03
2.312416667029999928e+00,5.297003552128000337e+00,2.256032750953000043e+00,1.899726251181605403e+04,1.210648471099803336e-01,3.034784915158192931e+01
2.815032883962000021e+00,4.260574616509000379e+00,1.275157357070000108e+00,2.412455223390213723e+04,7.850860452353242147e-02,1.200616044964778473e+00
1.805669105768000104e+00,1.555263251471999952e+00,1.073024781730999910e+00,1.401858421366922448e+04,2.454754600954553011e-03,4.418316414843891787e-02
2.667565324137000093e+00,4.458064634361000422e+00,2.357714650764000108e+00,2.260361104425145095e+04,2.421936553349391952e-01,8.793699216358028536e+01
2.774770242080000227e-01,1.946885251399000039e+00,8.313929967469999571e-01,1.462513982837657522e+03,7.716531206005626808e-01,2.749137563143791567e+02
2.538835086746999981e+00,2.097137809508000217e+00,1.711114867270999929e+00,2.128674933627728024e+04,4.449426986645025478e-03,1.172433286687734610e-01
1.786988665953999966e+00,2.869096405341999834e+00,1.747282493266000047e+00,1.383954355834298440e+04,8.281814177064032723e-02,2.758870497852825210e+01
2.919260954514999895e+00,5.730097895925999829e+00,1.334288095298999943e+00,2.520705177782568717e+04,4.267884538241069337e-03,5.019941214337916152e-02
2.980088065962999799e+00,1.582757360013999914e+00,1.926181846828000088e+00,2.584153802172490759e+04,5.043619278324652441e-03,3.835765218227120688e-01
1.339453399304000092e+00,2.735113983200000015e-02,2.408980118846999918e+00,9.672816572960537087e+03,1.001976800199404771e-01,5.916241258078531473e+01
2.922168991459999976e+00,3.998951630565000137e+00,8.512589430000000457e-01,2.523734018110831312e+04,8.871819735382514838e-02,1.187524835697838732e+01
6.850273903860000235e-01,4.618896908870000040e+00,7.283548376980000238e-01,4.225965451463241152e+03,4.579776344998477190e-04,5.338339748621098160e-04
1.241547754881000110e+00,5.134951578761000057e+00,1.978786189693999997e+00,8.798981793060587734e+03,5.785664647944313566e-02,8.914313619376670772e+00
1.331407569482000008e+00,4.923394389491000389e+00,8.827733819480000355e-01,9.600411137300943665e+03,5.692563073340645499e-03,1.327981184409039728e-01
2.681890218829999784e-01,2.074225843540999925e+00,1.859181076634000007e+00,1.407147375568458301e+03,1.037511037054540284e-03,6.971096389809472438e-03
2.846726255737999978e+00,6.155085974477000121e+00,1.891847611440000132e-01,2.445307478677428298e+04,4.048141530104297503e-02,7.140081319132455029e+00
3.365473676190000041e-01,5.702202952825000004e+00,1.596894166738999976e+00,1.823699587461991769e+03,1.100894809493524473e-02,4.434927196874538069e+00
3.452516379869999819e-01,4.245123213204999857e+00,9.682670105439999952e-01,1.878205471607773461e+03,1.933246972848749745e-02,1.641364776785469992e+00
2.964314956028999859e+00,4.945276210560000107e-01,7.584019234109999896e-01,2.567681904913524340e+04,1.006988681892423236e-02,6.044682432679852058e-01
2.504291958040000043e+00,5.870701083070000159e-01,2.358324215505999799e+00,2.093519464290357064e+04,2.261253584507352810e-01,5.225186776679889533e+01
