2.812853002803000102e+00,3.187968369640000077e+00,1.346704851052999974e+00,2.410197726524461177e+04,9.569533036292472575e-04,1.108167494871547913e-02
2.417680630158999922e+00,1.232494466786999920e+00,1.902660672174999901e+00,2.005724180317909122e+04,3.134893965048151099e-01,1.912760541541909447e+02
2.602703324019999820e-01,1.994662298738000050e+00,1.342619840957999910e+00,1.360258602186179132e+03,3.182065956209979667e-04,4.177109926814875310e-04
5.858886898239999974e-01,2.964245085222999787e+00,2.875775308619999970e-01,3.500769582157680816e+03,6.489740365914217247e-03,1.018484834926195320e-01
1.688354395958999943e+00,4.646287512077000414e+00,1.909721490394000076e+00,1.290032173054299165e+04,2.410020664170820781e-01,3.347221219838787647e+02
2.155763781329000039e+00,7.240999360100000559e-02,1.344295947945000069e+00,1.743509467947306621e+04,3.239006603562258335e-01,7.161188620467639510e+01
5.256080211089999565e-01,4.229595714528000094e+00,9.963055135889999914e-01,3.074864504516076067e+03,1.889734829369690882e-03,6.279637184787654168e-03
2.601932563356999850e+00,3.809224413377000129e+00,1.798627860305000103e+00,2.193090688980964842e+04,1.141906924297633567e-02,7.124529374058350406e-01
2.425801211027000193e+00,4.712427040197000316e+00,1.866107170924999892e+00,2.013933984431050703e+04,5.945704812810507361e-02,2.670590083581859897e+00
2.186742820400000009e-01,3.473505220722000075e+00,2.531470206884999907e+00,1.118835955407057554e+03,8.604285337193090868e-03,5.746332508393429267e-02
2.931013896079999737e-01,2.233672027518999847e+00,1.561362262792999944e+00,1.556540983726010836e+03,3.130916360406087000e-03,8.182080119669028762e-02
