9.283239340829999575e-01,3.130490536233999865e+00,1.135651201471000071e+00,6.127957896065596287e+03,1.032368572423245437e-02,1.107153042316375569e+00
1.873794777472000073e+00,2.017335962245999870e+00,6.770388594289999951e-01,1.467451367129295068e+04,2.314248324375454535e-03,9.330295600135492251e-03
2.345890165055000143e+00,1.562021815345999931e+00,1.155004912814999951e+00,1.933346768690114186e+04,7.133778413157783049e-01,4.180938477241166993e+02
2.108317857688000174e+00,4.496667487155000309e+00,1.639434975236000014e+00,1.696577258531408006e+04,4.721283820689171906e-02,7.080413412540959017e-01
2.349997110500000042e-01,5.197900240357999913e+00,1.091423326334999944e+00,1.212598034406661100e+03,8.366558042190190211e-03,2.635567054361609429e-02
2.894358506690999810e+00,1.713633781473999917e+00,1.860245055173000095e+00,2.494787141595630237e+04,2.023747606221459883e-01,1.015797561623270724e+02
7.383329629270000138e-01,3.109774219765999881e+00,1.562709219660999960e+00,4.627631177127014780e+03,5.198390824951337925e-03,2.224817507679235362e-01
2.105731227081999890e+00,2.302521611177999805e+00,8.371359766089999654e-01,1.694023948619606381e+04,1.485564713940134424e-02,9.148422330619637721e-02
8.167982354759999453e-01,6.262946995282000273e+00,1.913518615986000038e+00,5.234099110807426769e+03,1.229178374596180668e-04,8.010968657591578885e-04
2.204308450595999780e+00,5.460157931339000292e+00,2.065184219824999889e+00,1.791716014943895789e+04,2.032782762587293512e-01,9.858347599078913959e+01
2.561725075723999989e+00,3.182674011543999981e+00,2.168503154965999880e+00,2.152013549955054623e+04,4.959673565672981926e-02,7.867560701223992314e-01
7.101653397899999887e-02,1.064228658398999938e+00,1.716466228899999891e+00,3.335317233752258517e+02,4.396899903077404644e-03,4.012227992888284939e-02
1.562331894246999919e+00,3.970452570013999871e+00,2.544487114184999843e+00,1.171631590347379642e+04,2.217211968331432581e-03,6.026027731007421034e-02
4.924478122889999754e-01,3.539581650135000146e+00,1.362114148107000045e+00,2.845797815080144119e+03,1.059280508974946508e-03,2.307110366873383906e-03
1.036967684566999948e+00,1.527455404104999914e+00,6.828280642840000025e-01,7.030144159595202836e+03,2.881610917534884820e-04,3.307539417141983979e-05
2.511563681566999939e+00,1.034518499999999980e-01,2.314083312683000049e+00,2.100913554451856908e+04,9.867721789968043888e-02,7.152436464472983202e-01
1.971716269605999994e+00,1.269977053162000047e+00,2.673835003827000012e+00,1.562517397516794153e+04,4.093204444456230440e-02,2.045134454829938164e+00
2.480638488397000074e+00,2.208186347999999910e+00,1.988758037693000080e+00,2.069492261747693919e+04,9.182099611364266667e-02,1.147824485274061956e+01
5.213414341500000049e-01,6.178779545530000306e+00,1.175729198888999960e+00,3.045178424227333835e+03,6.425077793114541969e-01,3.334823072597469036e+02
2.655120679366000047e+00,7.576698632400000188e-02,9.293488933779999739e-01,2.247585536488326034e+04,4.811831697749049952e-01,1.538258349604650732e+02
1.998246159877999917e+00,5.306270931354999831e+00,2.602604648116999986e+00,1.588425933084222925e+04,5.231554520555951188e-02,1.414097673462672411e+01
1.167127633705999923e+00,3.055956768761999953e+00,1.088013372240999921e+00,8.145979378025932419e+03,3.868549585613531832e-04,9.262030358001442166e-04
1.831132515713000064e+00,6.197386765460000113e+00,1.999203814808000024e+00,1.426320896122449813e+04,2.432589024239955044e-01,6.272099100288039608e+01
2.233849020111999817e+00,1.078761748770999951e+00,1.256438361625999978e+00,1.821141286040862542e+04,9.323277366181743821e-04,1.004981052125998066e-02
2.938693205508000172e+00,5.992570422224999582e+00,1.660556283665000077e+00,2.540953306922541378e+04,2.898451678645703328e-02,2.404743875546470289e+00
4.516223713599999690e-02,5.546615610837999810e+00,2.325921167196999928e+00,2.085579462628898852e+02,8.203815612360328136e-02,1.618169382100986553e+01
1.771647507975999902e+00,9.176407582190000412e-01,2.132346381053999984e+00,1.369277835403548670e+04,2.477531527890061702e-02,5.894446377936802817e-01
1.919077200228999969e+00,2.017301506459999949e+00,2.811771043284000182e+00,1.511301353040535832e+04,8.443013086493019641e-04,2.392673581434355632e-03
5.926265952550000549e-01,2.873626960048000001e+00,1.692899076320000029e+00,3.549107390105794366e+03,3.994780339842865513e-01,6.347139220593486186e+01
1.155197391181999933e+00,3.115560599350999826e+00,1.399437050913000080e+00,8.042264192753193129e+03,1.139054510510687131e-03,1.619958692253669827e-02
5.247406011649999868e-01,4.875297421021000055e+00,2.229739412933999798e+00,3.068824134833294465e+03,3.577474466190459692e-03,9.130976017804368072e-02
4.529658862579999945e-01,4.618544346680000245e-01,1.582921194359999895e+00,2.578152568180964408e+03,1.098846324830557095e-03,5.330169560596490635e-02
5.296580799350000257e-01,4.239149772412000416e+00,2.417777709754000082e+00,3.103101384937730018e+03,6.866159924138511839e-01,7.909986267273822023e+02
2.447305565058000010e+00,1.599088662153999918e+00,1.358347959260999938e+00,2.035696605381140762e+04,4.464466662530321671e-03,3.085955121320601777e-02
2.066456020528999904e+00,9.288521268380000029e-01,1.593871750958000044e+00,1.655323460667603649e+04,3.686089011549620450e-04,1.387258133098941094e-03
2.400851219239000134e+00,6.234363992670999721e+00,1.337798124242999931e+00,1.988733276391155960e+04,9.161279724133909452e-01,1.557476063715934167e+01
1.065493206885999911e+00,5.425081488852000255e+00,1.387273355540000086e+00,7.271616289050911291e+03,7.542425400800922830e-02,1.426867392145418023e+01
8.165680447549999998e-01,5.480962388052000200e+00,1.684276484815999897e+00,5.232291518837710100e+03,4.925153805304879895e-02,4.357622879618159573e+01
2.600041461592999870e+00,2.748916452091000107e+00,1.806707015646999981e+00,2.191156378256727476e+04,2.708412287756184478e-02,6.174768833939844326e-01
2.531307377971999895e+00,5.599027036936999657e+00,8.278344573179999832e-01,2.121007104535254985e+04,6.926905884730668629e-04,6.182095195237049699e-04
1.347167525631999929e+00,3.121774500158999821e+00,1.012059244093000077e+00,9.742333071456971084e+03,1.704353066034327777e-02,1.753305995480428425e+00
1.951315298341999904e+00,6.101736211929000397e+00,8.035285351600000014e-01,1.542637614373546603e+04,1.651900168273428768e-02,5.287256643971087744e-01
3.667813748850000111e-01,5.418170400542000387e+00,1.485847292252000074e+00,2.014390418725215568e+03,3.736656998394535540e-03,5.767550949605713961e-02
2.625076378799000132e+00,2.503322406905999831e+00,9.877207558020000278e-01,2.216781422722934803e+04,7.062857245105831974e-03,9.148409489215530987e-02
