2.413574448747000112e+00,3.684148027682999871e+00,1.809919314287000036e+00,2.001574627348997819e+04,3.167035894338533081e-02,1.499134994053549663e+00
2.287471748405999872e+00,1.459222710599999973e-01,1.598477635907000094e+00,1.874725473689274440e+04,4.968531799530365514e-03,1.227940239539710543e+00
2.089891291329999956e-01,3.013306199017999898e+00,5.128416841709999563e-01,1.063828354005061783e+03,4.234235685275544031e-03,7.844543153976871186e-02
3.316310704559999878e-01,2.333771004329999954e+00,2.970437866599000110e+00,1.793056431283941947e+03,6.280389907255789529e-03,1.367798999341049149e-01
1.776898626026000017e+00,5.898434552310000134e-01,7.222800798559999569e-01,1.374298668636228649e+04,2.795326824355097092e-02,6.157873956632925472e-01
6.889034255999999523e-01,4.637691854916999645e+00,2.243676099668999946e+00,4.254905838554806905e+03,9.108335274686154559e-01,1.684285816475686204e+02
5.470382228860000140e-01,3.411883199586000170e+00,2.003598817433000168e+00,3.224903164256851142e+03,3.916512749854888717e-03,3.008736725796714792e-02
5.195461200069999563e-01,4.256994099899999995e-01,1.348572083622000095e+00,3.032705584970213295e+03,3.172346062395145494e-02,3.094978138476300877e+00
1.080373334976999944e+00,1.035585550153000023e+00,2.070026969460000199e+00,7.398287778404286655e+03,4.862700980337059803e-02,2.762816925274072521e-01
1.160349418160999901e+00,4.572362669300000348e+00,3.617703521230000163e-01,8.087019323210131006e+03,1.115476374856770939e-02,8.944285159686299336e-01
1.315108507941999960e+00,4.881853845342000398e+00,1.610361475756000083e+00,9.454051161875677280e+03,1.745276371267536712e-03,3.913230718942984909e-01
2.162336767261999970e+00,2.902886997161000071e+00,1.989034530684000046e+00,1.750025699384941981e+04,7.644614464505460234e-03,3.513498589389232180e-02
2.729755480780000187e+00,4.508064168347000411e+00,1.639499155860000057e+00,2.324345848292499068e+04,7.467651097242198298e-03,2.796591519437737761e-01
1.737323713065000108e+00,4.422817764450000411e+00,1.816319895581999910e+00,1.336531005318801544e+04,8.130249316715201791e-02,4.820357377773047602e+01
2.075875718780000045e-01,4.531287423262000402e+00,1.317375162912000075e+00,1.055906591455674288e+03,9.150344302361943893e-05,1.428293955286470771e-04
