1.675813013586000100e+00,8.865644083020000066e-01,2.466840452721000165e+00,1.278166342181033906e+04,2.154899592285332375e-03,3.182731954694318494e-02
3.750087024139999725e-01,4.194234634916999660e+00,7.326185918540000230e-01,2.066937896383169573e+03,1.803289974046387856e-01,1.104653027158468177e+02
3.961619602000000101e-02,1.996811974022000058e+00,7.174950637960000321e-01,1.822707877210516187e+02,5.260441340017340400e-02,1.317853221521834861e+01
2.483548365120999968e+00,6.352712277819999587e-01,1.477637071785000034e+00,2.072446106261781097e+04,2.500142320360049936e-02,6.479305201602360675e+00
2.099035273904000132e+00,5.336958104728999785e+00,1.012438030059999994e+00,1.687416832149920083e+04,1.038946231646031902e-04,2.207123451496637023e-03
2.240660796214000161e+00,1.677654269462999892e+00,1.270327223728000110e+00,1.827936021610183889e+04,1.798250436800695809e-02,2.831218602991161681e+00
3.698812398929999801e-01,2.317739636998000119e+00,1.742756920988999925e+00,2.034156550564322743e+03,1.415517633886507337e-03,5.502265055766251099e-03
1.389857182310000050e-01,5.065335289042000255e+00,4.181728502190000252e-01,6.804444661098551705e+02,1.825926219943706436e-04,5.125365165102137771e-05
2.288414184311000188e+00,3.899098269983999998e+00,2.901152747444000202e+00,1.875669177119688175e+04,2.852867937677944221e-03,1.046387238281529415e-02
1.744297848525999894e+00,5.463047441012999883e+00,3.224089712859999901e-01,1.343174517852828103e+04,3.605179336972993281e-02,3.772186013090587320e+00
1.655044733923999978e+00,4.315179593316999629e+00,1.491453087573999969e+00,1.258556040811384992e+04,4.746668544657788036e-02,2.379661201422553773e+01
2.240643406389999814e+00,3.232291622822999866e+00,1.747815700017000040e+00,1.827918670756597203e+04,1.482035096859122582e-02,1.725365191591804459e+00
7.784415629559999772e-01,4.524119481708999579e+00,1.710555006244999898e+00,4.935175480037122725e+03,7.409733702632306795e-02,1.972938981600485420e+02
5.491185015339999920e-01,5.186102246623000234e+00,5.521265063069999979e-01,3.239549599818491970e+03,1.994027104370495879e-02,3.367573321687318266e-01
1.359831468662000109e+00,1.389789694002999898e+00,1.890311214588000110e+00,9.856657207064063186e+03,7.920602381481002263e-01,7.888785990691209236e+02
2.679686254332999784e+00,3.639882138117000121e+00,7.435478005760000064e-01,2.272813495988493742e+04,6.045228238628243961e-02,2.272385905101272474e+00
1.037415676543999909e+00,4.053693131431000296e+00,1.784873493632999963e+00,7.033922409508004421e+03,1.088951024882404972e-02,3.494284417431977041e-01
2.000592105817999844e+00,1.434496387752999924e+00,1.648267571534999920e+00,1.590719964544323011e+04,1.674872756223331760e-01,4.389124581255313906e+00
1.774657116753000086e+00,3.938953080216999858e+00,1.723309155024000061e+00,1.372155115916717659e+04,2.092234068987657569e-01,1.784793700284605578e+01
9.431588550570000340e-01,5.861507536307000166e+00,1.407364287870999986e+00,6.249424063022986957e+03,3.330736276021963871e-01,1.645510925590935472e+02
