1.166483011733999930e+00,6.154558330879999595e+00,1.904705193956000020e+00,8.140368342237515208e+03,2.738340652386926297e-03,6.450496093769396422e-02
1.574723055103000036e+00,6.235238723675999850e+00,1.784703641144000041e+00,1.183188860540045061e+04,2.239512833636422406e-03,6.257054743304250877e-02
1.383290904566000012e+00,5.056692405885000241e+00,1.840917704528000076e+00,1.006909090836959876e+04,1.232435161131233831e-02,9.643318679719997677e-02
2.266746717504999786e+00,2.856359219729999732e-01,1.795411392931999917e+00,1.853989447397178083e+04,2.111960502299739181e-02,1.741120574734703164e+00
2.083958368233000069e+00,4.973257594508000423e+00,1.644370268742000096e+00,1.672553672075904979e+04,1.894289852668484819e-02,6.181500136060486206e+00
8.176124601830000449e-01,5.021752402996000342e+00,1.821795680693000019e+00,5.240494182541478040e+03,5.577769896689153267e-03,9.185839429719439009e-01
1.671593117100000025e+00,4.463011435298000151e+00,1.138683157922999900e+00,1.274177751346186596e+04,1.689563336831990115e-01,1.275926591686292682e+02
2.342429536086000130e+00,3.399067323648000016e+00,6.010045719669999675e-01,1.929867166367938989e+04,3.384046621005665657e-03,7.595163666127469071e-02
1.210479842515000071e+00,4.326228797745000243e+00,2.425704785095999849e+00,8.525138033271798122e+03,4.626640790164174115e-03,1.455964048333207861e-01
2.923239094526000059e+00,4.983960286851999655e+00,1.685058091461999918e+00,2.524848688192062400e+04,1.506172085776064486e-03,1.234481462022462249e-02
8.867435575030000461e-01,3.924326404556000014e+00,1.962661969697000020e+00,5.790612434195752030e+03,8.853819658318821950e-03,1.371853367063432527e+00
1.226105552861000092e+00,1.753293674447000017e+00,1.905861730732999915e+00,8.662652119262962515e+03,2.394883685749665814e-02,7.088567748234048983e-03
5.485796930980000319e-01,3.113956899075999818e+00,1.588828712817000000e+00,3.235754681048895236e+03,7.259169475982527042e-03,8.803007633585030467e-02
5.089904726549999703e-01,4.605621839620999580e+00,9.121351487080000542e-01,2.959595194266584258e+03,6.947032821732415306e-03,3.710327027109523723e-02
