2.877263976926000222e+00,1.032141134443000041e+00,2.648147513361999827e+00,2.477015129418918877e+04,1.337958912641188103e-01,3.312637148303602785e+00
4.696776084789999750e-01,4.383377840299999828e-02,1.152779830707000075e+00,2.690749754939041850e+03,8.384472932870963291e-01,9.728106129620554157e+02
1.595033287621000051e+00,3.946825592343000011e+00,2.601818251201000187e+00,1.202173188648819087e+04,3.109126238131811326e-01,1.442326773060210883e+02
4.165866527320000179e-01,5.602430817003000385e+00,1.628476193185999898e+00,2.336654296209435870e+03,4.740507468303704550e-03,9.220573222844410943e-02
2.917352732896000056e+00,4.158703783524999587e+00,9.789433519879999768e-01,2.518717965563504185e+04,2.146005545938487434e-03,1.282921779375449482e-02
2.559394797878999928e+00,4.810636983679000167e+00,2.452137882040000161e+00,2.149636103241210003e+04,5.437662744122683835e-03,9.970478552730156763e-02
2.770538635297000063e+00,4.527062701209000117e+00,5.234065410879999991e-01,2.366430678000062471e+04,4.689614991686757821e-03,3.088569309568641591e-02
2.887643742903000188e+00,1.650518665222000081e+00,2.990593871780000135e-01,2.487804346588249609e+04,2.981901709208222874e-03,2.557930933264066994e-02
2.866547647244999997e+00,5.070991928369999791e+00,1.704031784601000021e+00,2.465882279748630754e+04,3.460738371529287205e-01,6.514188967596156488e+01
2.119280121204000000e+00,5.383826149896999702e+00,2.046021071664000157e+00,1.707404455468666856e+04,1.951154327999718831e-03,8.957701694069699488e-03
2.836013556513000022e+00,4.117113410129999984e-01,1.834902354001000102e+00,2.434196985374705400e+04,1.278512786459922758e-02,1.075325668924256517e+00
2.628727513499999890e-01,2.461234676988000025e+00,1.955026862053000025e+00,1.375636055165066409e+03,2.983556298746054426e-03,9.073142851790706731e-02
2.730133916954000206e+00,5.392850562208000298e+00,1.683501851476000066e+00,2.324735912944188749e+04,1.846157550951868162e-02,2.445371863007141933e-01
2.315827923874000049e+00,4.837416044233999735e+00,1.241801016853000039e+00,1.903148732361400835e+04,5.620188766179174539e-02,7.792799849621601993e+00
1.218999908607999894e+00,1.203684994837999955e+00,1.698863926543999980e+00,8.600064091046853719e+03,1.165596155865948440e-02,3.572654202312207095e-01
6.454309166239999840e-01,2.344624502423999779e+00,1.303022329170999916e+00,3.932793822507026107e+03,1.771333816403733719e-01,2.861365269759120906e+02
1.601111197153000099e+00,1.310778737104999925e+00,1.620598923858999951e+00,1.207864084325526892e+04,1.564453165116998223e-02,1.531539133796820717e+00
1.282739586599999926e-02,1.097942009152000020e+00,7.771586556130000156e-01,5.794787739724822018e+01,5.551313881068655962e-03,8.818969500173917675e-02
2.757304112610000080e-01,3.559140479657000089e+00,2.434514929660999805e+00,1.452071981965867735e+03,1.623051155833469400e-02,1.758192749540390620e+00
2.727721414079999906e+00,2.316220695585999856e+00,1.778992685339999991e+00,2.322249425289860665e+04,9.955803248662743223e-04,4.367719364943498106e-03
1.644721194836999967e+00,5.659113908222000333e+00,7.336583095730000448e-01,1.248826557472074091e+04,1.064732871723779797e-02,5.597931034229333136e+00
1.603653801309999904e-01,4.193063129945000078e+00,1.349368243897000053e+00,7.948239835605667167e+02,2.456333725217193231e-01,8.310979464303724740e+01
1.398414876306000032e+00,2.285869736580000033e+00,6.537083386119999506e-01,1.020648554074808999e+04,4.796245738110240333e-04,1.555797184845167911e-04
2.069232884218000112e+00,2.209388914572000040e+00,2.697540719620000194e-01,1.658055421314416526e+04,1.651304060470143165e-01,2.309965094873472253e+02
1.666611468714999988e+00,3.783140604611999969e+00,1.058100089562999946e+00,1.269471768868059735e+04,1.318602224703353028e-03,3.731824672506814378e-02
1.686728531243999907e+00,2.408089518259000084e+00,3.354944120489999904e-01,1.288492888029063943e+04,1.391814153614368173e-02,9.331053937086193628e-02
2.005004137684000209e+00,2.336905273564000129e+00,1.690925340056999904e+00,1.595035698602496450e+04,2.733744556297473469e-02,1.729146972677347405e+00
1.747987959939999891e+00,1.671604233847000076e+00,1.890160226452999970e+00,1.346691824387115230e+04,1.034353170836303099e-01,1.455237306044166168e+01
3.403548520349999884e-01,4.386626484121999958e+00,1.557722932941000060e+00,1.847502390527425632e+03,5.424363477021786409e-03,4.519650712594621211e+01
2.627693126411999813e+00,1.848946879102999930e+00,1.028541724906000043e+00,2.219462116181172314e+04,3.218276926039394855e-04,1.578213662199857851e-03
2.551025389633000184e+00,1.146162458462999911e+00,2.812959010970999874e+00,2.141099963438896521e+04,3.395927688268199351e-02,2.824342103209303012e+00
2.003816263113999963e+00,1.038743527308999992e+00,9.781703392460000535e-01,1.593873583663950194e+04,2.440220325899605802e-03,1.277871406612827825e-02
2.314895776986999998e+00,4.571258915976000203e+00,1.417891522811999927e+00,1.902213432244440264e+04,1.352736387072958277e-02,4.680013853777683641e-01
1.805973019916000011e+00,5.728766578009000021e+00,1.753969268309000018e+00,1.402150001936617628e+04,6.968057429194283170e-01,8.277059934720334695e+02
3.618868213040000170e-01,8.834336200710000142e-01,2.159140085128000042e+00,1.983261053824383453e+03,4.112173136491629848e-03,2.509906947688247264e-02
6.077404585079999588e-01,5.222159246790999632e+00,2.196519793095999873e+00,3.658053078145365362e+03,2.564810781390352012e-01,1.103177879050651455e+02
6.742482957650000053e-01,4.485784053807999605e+00,1.807835362365999954e+00,4.145708120607640012e+03,6.484923657617779058e-02,1.887087908288597760e+01
1.516416543307000042e+00,2.774230179737999791e+00,1.077316418182999946e+00,1.128975038311793105e+04,7.342605447886459136e-02,1.926470579089797797e+00
2.649206630322999967e+00,5.080978707054000232e+00,1.800267841393000001e+00,2.241517464519894929e+04,6.701499473964162706e-03,5.447638096825836024e-02
1.277672322087000101e+00,1.570336084060000026e-01,1.473657905238000110e+00,9.119532596015551462e+03,2.724154512330017458e-02,1.892246041221558484e+00
1.820785898160000027e-01,2.057356980679000191e+00,1.089499092395999957e+00,9.134525500301266447e+02,1.763770422119413928e-01,9.582794079459853265e+01
1.052436572431999950e+00,4.566924257525999842e+00,2.906270305167999890e+00,7.160865765837947947e+03,1.015605978075435900e-03,1.643321726910484601e-03
1.546694660148999922e+00,5.203841903975000349e+00,1.169319792503999977e+00,1.157074087449493163e+04,2.918302979345576212e-02,7.116271653754756699e+01
1.550078223397000077e+00,1.308601517203000109e+00,1.563173740851000026e+00,1.160221410171400021e+04,1.295482990696421484e-02,1.911646234155483237e-01
2.613986906895000129e+00,5.518129441251000245e+00,1.698274366663999890e+00,2.205425700010369110e+04,5.343984790846660268e-03,1.190690929876961901e-01
2.565360617885000138e+00,4.400464369507999685e+00,1.401311698486999990e+00,2.155723533320421848e+04,3.702759203250809324e-03,4.204097034434110119e-02
1.390487921462000065e+00,5.314886596524000417e+00,1.725049039366000070e+00,1.013442993057446984e+04,7.399473828381537138e-03,1.086702032761708153e-01
2.251417898996999956e+00,4.480711535616999974e+00,2.063053356415999851e+00,1.838673431212541618e+04,3.351877646703583548e-03,3.709720589716728606e-02
1.272989015010000058e+00,2.574851302780000184e-01,1.695353999102999998e+00,9.077848831643492304e+03,2.375860490097399524e-01,2.643584458281857152e+01
2.572793353238000069e+00,3.008699289097000129e+00,1.127854794792999993e+00,2.163310972068768024e+04,5.277616475654102642e-03,3.986159707453580670e-02
1.526495852322999891e+00,5.333033965361000384e+00,2.729716717895999789e+00,1.138315869080000994e+04,1.697850835533886715e-01,3.948681359970295546e+01
2.251304431022000063e+00,9.153054720000000644e-02,1.711364504315000090e+00,1.838560120616517452e+04,3.345731366822664050e-03,2.191685214635873680e-01
