5.609695489189999718e-01,3.548819565919000052e+00,2.377242156933999873e+00,3.323260732206104421e+03,5.643969716903755873e-02,5.633285116563061479e+01
2.380814203043000177e+00,4.404112846153999783e+00,1.534258118052000075e+00,1.968510659685069913e+04,5.221865873759152718e-03,3.568420998587330112e-02
1.354520835083000030e+00,1.207182918215000011e+00,1.974723517589999977e+00,9.808684908245688348e+03,1.294438694387222977e-01,6.595714709255608099e+00
2.111946929466999912e+00,6.225412720475000050e+00,1.595445180947999919e+00,1.700160516301352982e+04,4.538958247112564841e-03,5.150159705479114697e-02
2.495454739132000110e+00,3.631130049999999887e+00,1.973961887556000105e+00,2.084538239235278888e+04,4.034338862511847174e-02,9.011836833535044278e+00
1.138318871954000056e+00,1.173164016182999925e+00,1.884201725370999947e+00,7.896007055685846353e+03,5.598834308493884360e-02,2.048472025079757231e+01
2.719176009069999900e+00,1.968588883680000068e+00,8.755364735449999714e-01,2.313444725758010100e+04,1.115081506272348234e-03,7.200914274475361809e-03
5.739884229289999862e-01,4.276765194259999903e-01,1.086010755076999956e+00,3.415749798365940023e+03,1.437914942742363764e-03,2.781667994127092966e-03
1.968453309884999891e+00,3.713589895939999885e-01,1.437899579048999898e+00,1.559335245109963034e+04,1.751746460655504711e-01,4.416697183144048608e+02
1.901705646883000034e+00,5.177093063570000098e+00,1.213653060129000094e+00,1.494456167601604466e+04,5.925074495872422603e-02,3.903723270853612348e+01
1.969280533037000014e+00,5.546861877396000118e+00,2.344915816042000056e+00,1.560141866410971670e+04,3.439868868953442349e-01,5.213215500202590391e+00
2.893700202116999964e+00,3.750874907501999811e+00,1.866473215664000040e+00,2.494102448484375054e+04,4.138258919523519520e-03,1.169988476408770239e+00
2.937247498936999879e+00,1.357993346228000053e+00,2.032882903530000007e+00,2.539446246561790031e+04,8.509169978344817723e-04,4.972418159116642755e-03
2.165473392082000181e+00,4.241095360252000290e+00,7.589767220290000171e-01,1.753136458047954511e+04,1.935116072465012729e-02,1.390658795709197149e+00
1.709580570813000078e+00,3.562111308132999810e+00,2.100890639180000186e+00,1.310155075655565452e+04,4.010400531497909649e-02,9.473688866323939806e+00
1.793137793707999972e+00,6.214739150108999688e+00,2.043846708678000113e+00,1.389843955502517747e+04,6.550982269246386804e-03,2.133166777793170377e-01
1.449218181523000082e+00,3.452384261339000115e+00,1.628743104383999940e+00,1.067046902170666908e+04,7.646205620182425916e-03,4.658780394816261494e-02
2.464576068922999852e+00,5.546267897765999599e+00,2.929599144887999884e+00,2.053197434641476502e+04,1.537049648061122875e-02,1.275318313749050636e-01
1.439913167900999991e+00,4.021717402550000209e+00,1.063453801972999990e+00,1.058520896048534451e+04,1.177656475742494407e-01,2.306657563259198085e+01
9.993664168029999795e-01,1.933560962760000057e-01,1.119489232807999946e+00,6.714672551667374137e+03,6.681254988703869829e-03,4.180453320909830600e-02
2.748814303316999830e+00,3.601922613575000209e+00,2.607949043601999861e+00,2.344000817546522376e+04,1.236375524976822708e-03,2.947297925267157361e-03
1.531947965709999915e-01,3.039945507851999906e+00,1.037024011491999964e+00,7.561904692534645847e+02,1.778386141646042245e-04,4.503259224933081509e-04
4.405789024160000067e-01,1.373642123999999944e-03,2.145213640453000004e+00,2.495361309268426339e+03,1.565294685002411798e-02,8.171769685049182996e+00
2.554135231344000001e+00,2.787288747613000162e+00,2.286580735729999980e-01,2.144271234839814133e+04,8.505598243192889069e-03,3.047125228549201759e-01
2.723298180658999978e+00,4.311747032927000234e+00,1.713155135770999982e+00,2.317691420666481281e+04,1.963496427657630272e-01,2.571079065396824603e+02
2.515694760435999822e+00,5.763980748154000189e+00,1.460759273192000052e+00,2.105115713936391330e+04,1.892677413284615242e-03,1.049903569943493563e-02
1.853176561201000050e+00,5.369309040824999713e+00,1.121307233779999940e-01,1.447551022146219839e+04,2.240394649027252667e-03,1.632208816685032024e-02
1.544994589335999979e+00,2.719017893949999820e+00,1.819987019974999898e+00,1.155493262295143359e+04,5.256349174306923500e-03,1.616068056423727861e-02
6.488628785279999533e-01,2.421060244287999819e+00,1.191757678194999892e+00,3.958022849664811474e+03,5.499415706341127634e-03,8.022828840737442069e-02
2.371100039158000161e+00,5.012940135067999847e+00,2.641930458926999847e+00,1.958721015949241337e+04,5.597986155825462884e-03,1.026119175453390764e-01
2.603689471836000191e+00,5.263911977701000389e+00,2.287643815865000096e+00,2.194887936414889555e+04,1.669748704664116290e-01,4.896892505973034559e+01
2.501814210568999997e+00,4.829087126231000227e+00,8.707906499509999732e-01,2.091000842607329832e+04,9.523033580862779075e-04,1.767241863516485871e-03
1.765705996349999918e+00,2.243920403886999981e+00,1.846877832205999992e+00,1.363600346994633765e+04,7.032531941680838844e-04,4.617167614799081907e-04
2.053559527976999810e+00,2.629935659496999811e+00,1.151424736817000083e+00,1.642644173636175765e+04,4.869803742105184574e-02,3.297032675562750370e+00
2.897574458014000154e+00,2.080097736767999805e+00,1.365040050633999913e+00,2.498132348226454269e+04,3.865875977846140732e-02,2.468457801115216288e+00
2.869732033896999823e+00,5.314274664663999559e+00,1.234945553907000004e+00,2.469189814319376455e+04,4.860233711459927691e-02,4.032098945417366131e+00
1.566825355008000020e+00,1.069268692419000022e+00,2.984348567939000052e+00,1.175820445218598979e+04,4.420196729151402819e-03,1.151319711658039258e-01
1.076111677956000046e+00,1.860504726637999928e+00,1.623758358149999914e+00,7.361960290425085986e+03,4.637472560005159727e-01,8.117041784085992049e+02
1.824219575305999985e+00,6.081279554646999763e+00,1.652824701456999890e+00,1.419673226570953921e+04,3.034895405127382723e-03,1.369379194328361124e-02
1.621120898163000090e+00,5.742598237931000327e+00,1.738258989134999988e+00,1.226631031879878537e+04,4.621846439702035833e-03,3.411711757847958604e-02
1.354474609648999905e+00,3.286422997564999893e+00,1.419681064231999912e+00,9.808267534393566166e+03,7.507614738330418147e-01,4.419510065595887909e+02
5.629696968039999971e-01,5.396343654206999574e+00,6.474616818699999721e-01,3.337434434877581225e+03,1.565661935710074490e-02,8.606200339102255681e-01
2.177284549967999805e+00,5.617491977819000226e+00,1.428337343434999962e+00,1.764857279909449062e+04,2.719805153512728779e-01,3.532485978816111469e+02
2.928213525005999962e+00,4.463115478903000088e+00,1.400822239732000041e+00,2.530031103512903428e+04,1.998683202915585086e-02,3.498948615741372503e+00
8.434435193560000377e-01,5.739774698687999610e+00,1.371281171938999899e+00,5.444414348749035526e+03,1.042959205464457154e-02,1.621088147797848308e-02
7.040736173749999605e-01,3.700960288252999941e+00,1.372694229239999952e+00,4.368580406312412379e+03,7.811228812658157269e-04,4.106057869316719067e-03
5.657183900640000429e-01,6.071036241508999787e+00,2.409079356241000003e+00,3.356933849979667684e+03,2.671860905756665572e-01,1.483283042907155114e+01
8.811002260439999567e-01,1.457853162761000076e+00,7.078324826530000280e-01,5.745190858665386259e+03,2.383821521505468093e-04,7.527947325806231368e-06
5.299522933879999842e-01,5.955405993391000408e+00,9.546226444609999806e-01,3.105154801043103816e+03,3.022746640848289566e-03,5.619871392903731666e-02
4.120135442769999878e-01,3.240208010489999957e-01,2.184545531885000003e+00,2.306654614188551477e+03,1.373385766085079979e-02,6.409630434052761006e-01
