9.620087697019999995e-01,3.995610708434000014e+00,2.202775484020000007e+00,6.404577507693034931e+03,4.352384260221226452e-04,1.637835870948334748e-03
2.926698910034000178e+00,3.286064572846000065e+00,1.247894585315000082e+00,2.528453018779738704e+04,3.896254261478040298e-02,1.533143759170865827e+01
3.456232849040000166e-01,3.095583496731999951e+00,3.843782896130000237e-01,1.880539854051261955e+03,9.162212729543990413e-04,2.257595275771569470e-03
2.753330469575999917e+00,3.017423090520999995e+00,4.785879623420000173e-01,2.348661402222852485e+04,1.961378525234757364e-01,3.940248090115515822e+01
3.376325521149999842e-01,3.211576359895000010e+00,2.876892113953999797e+00,1.830477421768524891e+03,1.073179209038902654e-02,1.398296440530874207e+00
1.735407963659999941e+00,2.342693593238000194e+00,1.364847505859999865e-01,1.334706930895085679e+04,1.510909800169990200e-02,2.026898813125863619e+00
1.319760462144000002e+00,2.442660559611999904e+00,2.201068583452999938e+00,9.495780473111983156e+03,5.316839694014707969e-03,6.803774197070269758e-02
1.423276131264000099e+00,1.024033315017000012e+00,1.633130099798000057e+00,1.043307502224601194e+04,2.126680098285869125e-01,5.709805983178384281e+01
8.241930982480000223e-01,3.320345590980000150e+00,1.167014818431000078e+00,5.292253800032235631e+03,9.703453593670561400e-03,2.514029781143602427e-01
2.602685784090000176e+00,5.262025783616000041e+00,2.460357045238000140e+00,2.193861181900307565e+04,4.847132332309937036e-02,7.218072883102135684e-01
2.511969859521999915e+00,3.510374172260000147e-01,4.693850315779999893e-01,2.101326651410789054e+04,2.211270334889954732e-03,2.869201127657735814e-02
2.251975605629000121e+00,1.443006695223000069e+00,8.957613926390000092e-01,1.839230358171933403e+04,2.185542615847410348e-03,3.455525486520878015e-02
1.642987489580000071e+00,3.292784428147999876e+00,2.321565903158000044e+00,1.247193829306320549e+04,4.104932493818788317e-03,9.201625704237104131e-03
1.570569256619999965e-01,5.608157675769000150e+00,2.514182853195999989e+00,7.769649648692604842e+02,4.129195949435232474e-04,4.370499851141018607e-05
5.114993503250000462e-01,3.415694417465000132e+00,2.212812258846999836e+00,2.976937276611478865e+03,2.563324650723631248e-01,4.220062708362996204e+02
2.039606026785000026e+00,4.139451947661999753e+00,1.939518124908000019e+00,1.628941775716668235e+04,3.407159316045514919e-01,8.445564936479721609e+02
2.142215379015000032e+00,2.889332105685999963e+00,1.923997363400999916e+00,1.730089052920471295e+04,1.878109267539411400e-03,6.262832920923417680e-03
1.282439815800000105e+00,5.786394020852999809e+00,7.093605711360000399e-01,9.162003773811813517e+03,9.158515677892077600e-02,7.863961407034167905e+01
1.466338243884000025e+00,4.598630530930999605e+00,1.723980478060000099e+00,1.082765517272094439e+04,4.537802834189475810e-03,2.470554285846370338e-02
1.030070969002000014e+00,2.208599406907000073e+00,1.189648880825000088e+00,6.972036765132964319e+03,1.449953462434928723e-02,1.307127165132216717e+00
2.475664122658999933e+00,2.634110471131999809e+00,9.375092666509999839e-01,2.064444069113216756e+04,1.242085178622215867e-02,1.209421098275210493e+00
2.119207823022000170e+00,1.928836205479000032e+00,1.703228637854999894e+00,1.707333015513115606e+04,4.378791709253978398e-03,2.735002406743484646e-02
5.774471556400000427e-01,5.854816333319000421e+00,1.149799918343000105e+00,3.440413506723971295e+03,1.208117499747506617e-02,1.903312432705270372e-03
1.981366216385999968e+00,5.112715201950000399e+00,2.262822407011999992e+00,1.571934005585629347e+04,2.215158792733605650e-04,7.120264246709235786e-03
2.798881172809000173e+00,2.499630814699999870e-01,1.920247476085999994e+00,2.395734857886091777e+04,5.301680451575314923e-03,1.888180321367407544e-01
8.670419045730000107e-01,9.809346021360000334e-01,2.175241719106999927e+00,5.632427804231758273e+03,1.797784462218123339e-02,1.844558334879801587e+00
9.315475867700000190e-02,6.216186649634999561e+00,7.012934886180000049e-01,4.436571928382348347e+02,2.190518484856963900e-04,2.303314608466576702e-04
2.420038122843000128e+00,1.319967456637000103e+00,8.781225770620000315e-01,2.008107100997921589e+04,5.061085633897119962e-01,3.006814540941460834e+01
1.906605044791999992e+00,2.139367315350999998e+00,1.590721461793999980e+00,1.499204215631411535e+04,8.959192323619110179e-03,6.102747917680340084e-02
1.257323705199999919e+00,5.629034474820000078e+00,1.980537254971000083e+00,8.938692013972904533e+03,2.832027536142326177e-02,1.759897482609447561e+00
2.842911448425999854e+00,1.388219301199000055e+00,2.654694832831999918e+00,2.441350188041939691e+04,3.483468898754480403e-01,1.527750147693913902e+02
2.144411243397999822e+00,2.881951286048999972e+00,2.263805756140000014e+00,1.732263159946321321e+04,5.860659989249088079e-04,1.796899557926759936e-03
2.117851087736000171e+00,5.475799413905000357e+00,2.600006754434999845e+00,1.705992467004188438e+04,6.383980181280773936e-02,7.860516461799770127e+01
2.828420740904999953e+00,3.655944853968999819e+00,1.317610086228000021e+00,2.426325690250915068e+04,5.526683642515821913e-03,2.098766491789847977e-01
6.149483479159999488e-01,3.887639431313000049e+00,2.334088414586000138e+00,3.710259794232895729e+03,1.143687717213912880e-01,2.019503621506133939e+01
2.490147608007000191e+00,2.174779894147000014e+00,1.350148425488000070e+00,2.079147185366642952e+04,6.409425755444807526e-01,3.433234425880387448e+02
2.281135559222000175e+00,2.211204199598999942e+00,1.644473803024999903e+00,1.868382488949742037e+04,2.085628906926703663e-02,6.385292415915845288e-01
8.056854212920000480e-01,4.338714418432999764e+00,2.456451211735000140e+00,5.147020518243889455e+03,4.668227158553005306e-04,8.453937109729311918e-04
1.949578163103999895e+00,3.488448988599999745e-01,1.476406439000000015e+00,1.540946605702101442e+04,5.710204805807434641e-03,1.446422950026141942e-02
1.433697213802999970e+00,4.734240949689000111e+00,1.107703850038000093e+00,1.052832197904887289e+04,3.486229204034622942e-02,4.365574616816905174e-01
3.239067335490000143e-01,9.288667113990000113e-01,7.200523859099999813e-01,1.745120478937267535e+03,4.205489644647611991e-01,8.789891849848985430e+02
2.734608343326999869e+00,5.441898376622999578e+00,2.200734099128000221e+00,2.329348468320568281e+04,2.615115832187780293e-02,7.211611438624205839e-01
1.705543392992999951e+00,5.947212758215999706e+00,2.656127615347999793e+00,1.306323889349623641e+04,1.463776475004773545e-03,5.118428816682975106e-03
2.083245345657999792e+00,1.537134727708000081e+00,1.999147494353000098e+00,1.671851228716793412e+04,3.431448550042444021e-03,8.165005460468433701e-03
2.286792218133999910e+00,1.074362133339999970e-01,9.922586144939999908e-01,1.874045070849530384e+04,1.684858358711344706e-01,4.880353380575113142e+00
