2.530137343093000091e+00,5.434274508935000192e+00,1.473911794676999953e+00,2.120885410382368354e+04,8.912463014047742813e-03,2.947679625943204207e-01
1.753478681400999939e+00,7.617038616650000371e-01,6.933563956430000008e-01,1.356119518121747387e+04,1.385905322365812986e-02,2.314381723403237667e-01
2.557926232807000044e+00,1.928185316230000002e+00,1.675617451748999898e+00,2.149117174629899819e+04,8.475044700006265641e-01,1.181644428560255022e+02
1.921887684397999951e+00,4.861376090881999623e+00,2.088111159713999854e+00,1.517447981920912207e+04,6.661331591118156703e-02,1.392879705931410328e+01
2.864792189216000207e+00,4.515023993019999793e+00,1.879204156716999918e+00,2.464132638337884055e+04,2.572034151051309503e-01,6.014030221016993210e+02
2.786050908052000175e+00,3.680302771900000047e-02,8.091557179460000526e-01,2.382753112548639183e+04,9.347479087257511013e-04,5.195460545412157113e-03
1.508170854444000009e+00,5.707239946669999675e+00,1.731899805547000071e+00,1.126692776216199854e+04,6.534179977202241203e-03,3.548127367432221679e-02
5.862916825389999920e-01,1.417622394844999967e+00,2.392275448531000048e+00,3.528350767038442882e+03,5.924252115058518953e-02,5.488941909971402078e-01
1.639542280806999930e+00,1.644564656950000092e+00,1.304208363479999910e+00,1.248680619091219160e+04,1.354425674829527141e-04,8.946222728021072665e-04
2.117665266962999837e+00,5.903142413059000226e+00,1.658319044121999930e+00,1.708390652078318453e+04,5.857814156045893644e-02,1.045200757924747315e+01
2.710710589068999976e+00,1.973360409692999973e+00,1.557731294807999989e+00,2.305233543472714155e+04,8.228396761296382506e-03,2.648221481337894798e-02
2.648473858207999854e+00,5.963988520251000125e+00,2.438672101508999823e+00,2.241459815120311396e+04,6.826394084363738603e-03,1.091443980604553943e-01
1.678586173338999954e+00,1.122114745776999989e+00,2.397431625069999850e+00,1.285333583112762790e+04,2.049065333291420765e-02,3.344071103043851245e+00
1.242646852405000057e+00,3.860818997975000055e+00,1.353955840150999901e+00,8.872343129644528744e+03,1.390820236340491525e-03,8.862381974662658646e-03
2.901500574068999860e+00,3.042746980532999856e+00,2.113433841842999872e+00,2.502193295606353422e+04,5.130332206137226680e-03,3.008053760786231767e-01
2.268649341886999959e+00,5.658871783437000147e+00,1.320658634788999919e+00,1.857882969861759557e+04,2.273378785960062601e-03,1.371019526658384668e-02
5.164154954109999585e-01,3.689404176210000053e+00,2.248724559529000189e+00,3.027830333982115462e+03,2.842770838709100523e-01,3.022307426901172533e+01
1.063235209873000020e+00,5.436203171100000009e-02,1.859967350615999937e+00,7.318025370791796377e+03,1.770827268932392493e-02,4.602124553313650945e-02
1.103152584909999900e+00,1.640221186680999921e+00,9.362192305969999628e-01,7.658819887474000097e+03,1.664277032400226716e-02,4.176607059932300747e-01
1.904151685800000049e+00,2.485532211551999993e+00,1.465943998498999923e+00,1.500324380921751617e+04,1.336213369275751411e-03,1.073718710045708192e-03
4.300996480450000048e-01,1.119275790572000107e+00,1.212142109313000038e+00,2.434219154353826525e+03,1.793138394264236440e-04,2.547689794842871190e-05
1.422703692275000042e+00,4.842485579109999883e+00,4.176466179139999846e-01,1.048515886625541134e+04,2.751055945447471911e-04,2.455774146616980145e-04
6.755844792159999557e-01,1.759734083412999972e+00,2.642119831090000037e+00,4.191447605441003361e+03,5.245746200164709810e-04,1.073119748373323472e-04
2.524665839019000213e+00,5.637843343566999899e+00,2.648807362746000038e+00,2.115332808266922439e+04,4.031664936538979088e-03,3.040509644349115650e-02
2.637665205803000124e+00,7.952275805259999553e-01,1.424018587526000079e+00,2.230409082475424293e+04,2.731817318770439831e-02,1.452839088027896519e+00
1.430723609760000126e-01,4.630552379726999845e+00,1.964278518503999926e+00,6.972984833341018884e+02,2.309158136030331921e-03,3.818098372520884604e-02
9.871016866299999748e-01,4.204519415540000082e-01,6.295197084950000521e-01,6.676716907894185169e+03,5.452573325634960805e-02,2.745060700788476638e+01
6.002527433090000253e-01,3.717900841434000014e+00,1.846145553688000041e+00,3.630347783968324620e+03,1.956537350993063085e-01,8.536778156133870255e+01
1.055022641592000099e+00,5.886671497813000364e+00,1.329486927730000101e+00,7.248289971095649889e+03,6.343945448032018743e-03,5.833499694994588591e-03
1.126479629439000041e+00,4.951424029414999595e+00,6.846044003900000341e-01,7.859357014878629343e+03,2.460180575739502693e-03,1.510555168917613322e-01
7.537488526379999554e-01,4.637486381067000174e+00,9.436292268949999507e-01,4.791560357544503859e+03,2.631954690604228035e-03,1.643863269511232628e-01
2.108229869710999793e+00,2.010373176244999893e+00,9.136533693070000295e-01,1.699110715178499595e+04,2.667339034318790773e-03,5.485892656385746129e-03
1.499407222247999938e+00,4.077805504376000201e+00,2.342571241784999980e+00,1.118632046844617253e+04,1.385418988467462288e-02,1.772514954662923747e-01
1.912066972049999980e-01,3.583212387760999817e+00,2.253685638532000102e+00,9.595132192414009751e+02,4.298518444239065976e-03,5.368868521430881363e-02
2.072688400171999845e+00,2.022616449300000119e-01,1.832418973213999935e+00,1.664223160993058264e+04,1.090470625321293295e-03,1.051558592791620311e-02
1.504399400383999996e+00,3.900740608407000209e+00,1.493609605552999930e+00,1.123222596165685354e+04,1.603219087162863210e-03,2.267208978573865327e-03
2.454067028317000076e+00,6.236830624943999979e+00,1.191639032966000045e+00,2.043870877510312130e+04,1.344936487245001859e-03,1.443468631025331432e-03
2.230849184555999898e+00,2.981821557702999836e+00,7.825496620190000030e-01,1.820284543395120272e+04,3.865222867128409630e-03,1.381602722621562140e-01
2.864174856305000016e+00,2.466306111439999782e+00,4.751619628379999960e-01,2.463493221391239058e+04,2.126412527469681048e-03,1.889990731818167249e-02
2.525354845440999974e+00,3.215338884327000102e+00,1.873944041337000099e+00,2.116031915971870330e+04,1.116631434514020645e-02,1.065965885183571132e-01
9.861922524599999740e-01,3.407392229664000016e+00,1.905690643210999902e+00,6.669127978872394124e+03,8.276354884841476221e-04,1.330198099138511303e-03
2.135307708610000077e+00,4.764854739550999696e+00,1.945895835895000037e+00,1.725762573592685294e+04,9.324050709258012090e-03,2.054132353012760870e+00
1.657548049492000075e+00,4.847199032247000439e+00,2.590857933899000098e+00,1.265561970509127241e+04,8.833523435108335889e-03,2.425740477359011882e-01
2.230802087069999884e-01,3.353584980559999984e+00,1.020177305468999984e+00,1.140146237552969524e+03,7.651719890953547019e-04,5.887903094622824653e-04
1.028002919194000109e+00,1.482875845878000032e+00,2.732993134076000086e+00,7.019794644340503510e+03,8.064489643225300486e-03,2.879691471207678627e-02
4.250233778000000323e-03,3.451734934627999962e+00,6.818656461169999572e-01,1.881318617134221682e+01,8.500786478465253981e-02,1.440444461533375131e+00
8.953137113389999513e-01,5.681355065149999994e+00,2.401606150860999822e+00,5.919829816683923127e+03,5.642241474308560813e-05,4.302800865617066656e-06
2.557897475490999994e+00,6.033209315429999720e+00,2.292806138200000010e+00,2.149087932387804904e+04,2.217093801172767206e-02,1.803064884554872682e+00
2.150016130382999879e+00,3.736032107704000182e+00,1.551878100351999912e+00,1.740265379104667591e+04,1.647425005324952285e-01,2.455890119804335825e+02
2.030830138283000075e+00,4.197483492111000025e+00,1.814540942305999938e+00,1.623275988171411882e+04,1.321327165933497806e-03,4.156198587352634248e-03
2.775830949037000117e+00,4.194536644899000244e+00,1.421810460129000031e+00,2.372217483688300490e+04,2.088059006607298485e-02,1.585418326256829713e-01
7.755985281270000309e-01,4.256309835599999758e+00,2.174561411653999965e+00,4.962355349150665461e+03,1.090996264255316914e-02,1.963321046356075739e-01
2.176678782306999960e+00,4.616553478454999748e+00,2.164033091004999854e+00,1.766600930431649977e+04,1.908580810334832289e-01,1.733224875275962518e+01
3.989024442429999762e-01,3.442154503228000095e+00,9.740263111579999800e-01,2.226921100692402433e+03,6.653590255996551239e-04,5.978549496941921960e-04
2.599209980082000104e+00,2.913482561061000009e+00,2.034078354621999818e+00,2.191153291633202025e+04,1.715858505981545171e-02,2.264863802854789609e-01
2.288389581969000108e+00,5.882251132050999587e+00,1.612670324543000078e+00,1.877561983091931324e+04,5.529513548356272956e-01,1.180419724606017695e+02
2.486535028200000053e+00,2.316255526262000153e+00,2.753366120553999874e+00,2.076693252632625081e+04,6.709527928533277896e-02,7.215768030860501447e+00
2.149343591335000081e+00,2.719629111490000084e-01,4.334877105600000169e-01,1.739601849213156311e+04,1.010825134389627599e-03,6.384660469335574212e-03
3.683314205639999783e-01,1.903809750830999903e+00,2.017631479174000209e+00,2.027757043935146612e+03,2.243048442731725503e-03,1.541608261708632757e-02
