2.522385741950000093e-01,8.973570679019999830e-01,1.980753383701999937e+00,1.310064305872322620e+03,2.682839896489001754e-03,7.946577513645471449e-03
2.659638416189999965e-01,5.982718090932999999e+00,2.118679382515999965e+00,1.391545680260799145e+03,1.359480320770456571e-03,7.185129291168315755e-04
2.342553635577000026e+00,3.173303800937000041e+00,1.884218615571999988e+00,1.931710321684619339e+04,9.714099029765065063e-02,7.826354270577661865e+00
1.394473278406999972e+00,4.951422194676999844e+00,1.775159703461999916e+00,1.022912900321276175e+04,1.302642471007363079e-01,7.655048350632743848e+01
2.395729712581000204e+00,2.260742050345999843e+00,5.645735256239999833e-01,1.985083106128398867e+04,1.586153615313961596e-01,2.750721786493389800e+02
1.944129280349999878e-01,3.491924060516999884e+00,2.189842132077000070e+00,9.774364423712652297e+02,3.900158525792453608e-05,7.414517281446763524e-06
2.619712153383999986e+00,5.768996725829000027e+00,2.349053797809999899e+00,2.212070430069230133e+04,4.242269649152340290e-03,5.420832123264003322e-01
3.550632058389999735e-01,2.917022236493000076e+00,1.635541004645000074e+00,1.942580326609684789e+03,8.087721122094242154e-02,4.737627288519860036e-01
7.376126788800000389e-01,4.474955557659000327e+00,1.249256070286000053e+00,4.666259437788919058e+03,4.360191774353180255e-02,5.396068848547534991e+00
2.091218636957000054e+00,2.444761281910000084e-01,1.483893972226000058e+00,1.682398921000091286e+04,4.013639098270764191e-03,2.057766398573201982e-02
1.222685689960999911e+00,4.592565022077000236e+00,1.776788536763000081e+00,8.696647074573289501e+03,5.613489994621491223e-03,6.783482597897914912e-02
6.118433880829999838e-01,3.932323198248000029e+00,1.199109536107000107e+00,3.715512107166809983e+03,3.824562433700556038e-03,2.903775752338931190e-02
4.752964355120000151e-01,4.215237002542999711e+00,2.099721852901999863e+00,2.741487218795089575e+03,2.836679297354075110e-04,8.092554595874219825e-04
1.621108105765000085e+00,4.743867152032000156e+00,1.070689564739000010e+00,1.231436832337865599e+04,4.605430789540353002e-03,2.670929979547119471e-02
1.988781019333000000e+00,2.707730213022999877e+00,2.318404518579999962e+00,1.582299458272534685e+04,7.157415090371761594e-03,8.402620037576493672e-01
2.690506542506000187e+00,2.032312830613999921e+00,3.604504755769999957e-01,2.284504034643299747e+04,7.694256894272977210e-02,3.722527203723300371e+00
1.956433414641000068e+00,4.050926999520999772e+00,2.106882763738000097e+00,1.550886959017079971e+04,4.672493096534139842e-03,5.000792226698573539e-02
1.073560867532000085e+00,5.413665181396000392e+00,1.955193577980999908e+00,7.405889214334114513e+03,4.257399248978759321e-01,1.649031844684061525e+02
2.848093362699999909e-01,6.202038739433000103e+00,1.487466791547999989e+00,1.504947002660007684e+03,5.599901568419391861e-04,2.094206505840585930e-03
2.781437038482000190e+00,3.370292183289000043e+00,1.394738295023000063e+00,2.377995960856692909e+04,1.106252739556530182e-02,1.126861287144644841e-01
5.641980574270000215e-01,4.137045071795999895e+00,8.450084769050000277e-01,3.368269320897733451e+03,1.605785154589559893e-01,9.799329091487182097e+01
3.865667932740000090e-01,5.990314622810000156e-01,1.460611718810999937e+00,2.146074821183099630e+03,4.704938031237235543e-03,5.921924739312010161e-02
