1.410120133828999922e+00,4.631947813283000315e+00,2.437822017348000081e+00,1.037089659200536516e+04,3.037215329896451599e-01,1.478227667081723240e+01
2.377488455221000052e+00,3.444220958143000111e+00,2.423910939015999855e+00,1.966751069329112943e+04,7.587959968515766741e-03,5.340803632308539772e-02
1.999208178369000111e+00,2.319518711225000196e+00,2.506786707773000167e+00,1.592445709115970385e+04,3.160318072601524687e-03,5.278079918897760070e-02
2.302708509342000109e+00,5.677800136972999567e+00,1.482855395102999907e+00,1.891855188536995047e+04,3.241530154224213107e-03,8.886894724876999788e-03
7.385157412470000349e-01,3.316598722460000204e+00,2.009001363911000038e+00,4.673252955800395284e+03,3.868653563965107067e-01,2.324627336413995948e+01
2.728235922127999924e+00,2.600105941673000132e+00,5.467118681029999872e-01,2.323235046666823109e+04,1.338367860809830130e-03,1.421735761576340372e-02
2.042271288530000117e-01,4.491301249536999940e+00,1.438131697578000079e+00,1.032645162335973964e+03,3.421288732287138673e-02,2.411821185660925071e+00
2.389685707907999834e+00,1.480020085997999946e+00,1.028219565609999941e+00,1.979006350007012952e+04,1.463542684641485486e-02,9.874585890672309407e-01
2.743853375927999938e+00,1.992218585492000038e+00,1.575565868276000092e+00,2.339292648880993511e+04,2.048046500884657083e-03,4.079956684040344367e-02
1.847759132738999943e+00,5.619118184179999753e-01,1.161225400426000087e+00,1.446083017640066464e+04,1.582216198138192273e-03,1.038011645277422956e-01
1.989027117723999982e+00,5.999196452878999608e+00,1.852931895281000108e+00,1.582538812286668690e+04,2.819410729595700753e-03,1.970967841518419042e-02
2.930000323455999922e+00,3.797196647254000190e+00,9.737546993240000504e-01,2.531795432757492017e+04,3.991459314724017833e-03,1.405991006588021459e-02
2.146504015415000133e+00,6.132845605371000097e+00,1.801157763019999969e+00,1.736800725360509023e+04,1.270948626746260619e-03,7.115786895257935306e-03
