2.415295101651000031e+00,4.042224464293999731e+00,1.232077950419000034e+00,2.004772561278294961e+04,8.592056060713389870e-03,1.540723723296212877e-01
1.589671204313999997e+00,3.759267345861999843e+00,1.734049166384000085e+00,1.202123095610814562e+04,3.505397159460993395e-03,3.092141876559102026e-02
2.256697097432999843e+00,4.317056664024000234e+00,1.825334865447999944e+00,1.845982439247707225e+04,6.346260910394147491e-03,2.838692353925155107e-02
1.716644463688000055e+00,3.271481640673000069e+00,1.869069947759000039e+00,1.321227715036916925e+04,3.641812203957579906e-03,2.514845677738184251e-02
1.529505793101999966e+00,3.538164167025000140e+00,1.651828218831000061e+00,1.146357913121112142e+04,7.432907962162610405e-02,1.253245272017924172e+01
2.641160595352999962e+00,1.643086465069000024e+00,3.758872102429999806e-01,2.233981944262842808e+04,8.781312611045990818e-04,7.662732459162891960e-03
1.067266400994000053e+00,3.068703898996000046e+00,1.894607535595000058e+00,7.352303382104919365e+03,3.454936373676595340e-01,3.695403285248318070e+02
1.794182881240000027e+00,4.794974816803000195e+00,1.443418248878999943e+00,1.394846515562210516e+04,2.148636811228530480e-02,2.117826252263879105e-01
1.550728474123000078e+00,6.140729556482000362e+00,2.006368808875000020e+00,1.165977020383307536e+04,2.010406390249006373e-02,7.194270295789204628e-01
1.406898608442000098e+00,2.308978269520999937e+00,1.091151139451999930e+00,1.034167986974233463e+04,3.150035928750735854e-03,2.194268756653528635e-02
7.187143884960000007e-01,4.380051600024000180e+00,2.132452286741000069e+00,4.520429689661595148e+03,5.208256588082432444e-04,1.375239119070736883e-03
2.205360338761999994e+00,8.462697061110000529e-01,8.014448898549999534e-01,1.794995384202912828e+04,3.652180029851499407e-03,9.447575675314291432e-01
1.280627985813000080e+00,1.933379371200999897e+00,5.891795065349999527e-01,9.208432073137506450e+03,4.456779806342673744e-04,1.166165340507791491e-03
3.821659835669999894e-01,1.256564057644000032e+00,2.355683662526999900e+00,2.117389379940361778e+03,2.364236055478649481e-03,8.795209210399215424e-03
