2.883929112509000081e+00,1.515860171978000048e+00,1.802548970099999925e+00,2.483964966549842211e+04,3.962417372445865144e-02,7.429751620794593947e+00
2.913666033745000217e+00,1.333743002370999964e+00,7.250005828819999776e-01,2.514823748843869907e+04,5.375493081353154533e-03,1.094401386153350669e-01
1.943393790660999931e+00,3.267659048820999779e+00,1.625924377413000110e+00,1.538251841918364698e+04,2.771700874618246522e-03,1.213608648130373724e-02
2.286938985889999998e+00,1.646407506792000097e+00,2.302423006771999958e+00,1.876114866469401022e+04,1.936206095391474480e-01,1.583902160011650153e+02
2.282177531280999982e+00,1.402751610616000066e+00,2.527706649206999945e+00,1.871365966880429551e+04,1.875845743151829947e-01,3.686671517319001623e+01
2.447023423417999943e+00,6.008047395896999987e+00,2.395755497740999829e+00,2.036760092816605902e+04,3.433225032560657114e-03,7.298355770968738797e-03
2.954629666040000102e-01,3.906522565630000110e-01,8.079703813159999637e-01,1.569820415367492842e+03,1.581476368410312527e-01,2.156557892721471603e+01
2.671638564934999849e+00,2.729911325311999981e+00,6.445305516220000142e-01,2.265168264984510461e+04,1.397506969780309138e-01,4.445191238796482314e-02
2.909346103700999997e+00,2.301103322549999941e-01,6.091258476359999730e-01,2.510337746969522414e+04,4.434089380988070518e-03,8.056793559810850047e-02
8.640356580039999512e-01,4.788901436024000091e+00,1.887175469793000104e+00,5.666276587614677737e+03,8.330173288410534782e-04,5.270661393119074022e-03
1.788319370583000056e+00,4.277614217982000255e+00,1.873072585152000036e+00,1.389257051677554773e+04,3.372940725231885449e-03,8.863959398399186285e-02
2.534111953900000103e-01,3.985159111404999788e+00,1.697946938629000035e+00,1.316988679512834096e+03,2.629203409044855375e-02,3.376468432629925687e+00
1.488333358767000014e+00,2.694644104261000095e+00,2.782334728406000046e+00,1.108460705274455722e+04,1.599306785719816631e-02,2.685882452289659383e+00
2.259143855091000130e+00,4.816235212287000245e+00,1.708749032440000093e+00,1.848417706523161542e+04,2.352824884922827611e-03,3.416199007493016943e-02
1.144763293285000039e+00,1.795224595726000016e+00,1.762224810326000091e+00,8.017231279195341813e+03,4.715078038170762015e-02,9.437017510021068034e+00
2.729871900581000155e+00,5.399676056790000400e-01,1.707756602376000021e+00,2.324916435259957507e+04,1.112672927428362962e-01,8.767128936205373924e-01
1.982659918878000083e+00,4.653330453122999977e+00,1.957579304970999967e+00,1.576347894774774431e+04,5.095296475244683911e-04,9.227134681453211468e-04
2.715947212279000045e+00,2.103366631260000119e+00,5.547878942570000360e-01,2.310610472790488711e+04,5.434147859032537010e-04,2.083064780488069062e-03
1.683683895328000002e+00,3.091065521305000008e+00,9.092102128819999907e-01,1.290132001544242485e+04,3.435713087385122155e-01,2.411421818782156734e+01
7.394765783240000445e-01,5.074339122131999780e+00,1.748659300526999916e+00,4.680696376133993908e+03,1.082263851574774647e-03,2.862240960977729953e-02
2.640473060658000026e+00,4.512857408027000083e+00,1.540167042573999945e+00,2.233279109440289176e+04,1.733210357760096298e-01,2.338285355538156907e+01
7.729990956259999990e-01,4.993331303787000408e+00,1.216453932856000009e+00,4.941969005470120464e+03,3.149397517664608015e-02,6.769611609869071955e+00
2.187140798310999834e+00,1.826541238592999994e+00,2.087108013773999904e+00,1.776950500646685759e+04,5.645216531829911049e-04,1.470974402117696455e-03
9.594469873190000220e-01,1.306125666808999997e+00,1.079642053239000088e+00,6.446731911352265342e+03,4.416349156229810308e-03,1.119397764451513823e-02
2.136919928045000194e+00,6.175108348860000262e+00,2.413302226623000202e+00,1.727351374717945146e+04,6.775303934589374955e-04,9.037282157810787872e-04
2.557532524922999873e+00,4.348994605748999653e+00,1.201625252011000011e+00,2.148716832535348658e+04,2.087259453156208467e-03,1.966724462246548927e-02
2.610310802779999939e+00,3.031038143615000013e+00,5.471485826869999514e-01,2.202475420249986564e+04,1.573680466680984049e-03,3.571784685880595965e-03
8.608759396100000572e-02,2.365514053700000160e-02,1.354816747919999953e+00,4.042422694998699626e+02,7.265673850678646718e-03,6.478097716246943305e-01
8.959454689100000424e-01,4.961242691644000224e+00,1.559865336776999900e+00,5.924974747096310239e+03,2.213736274592818538e-03,2.635500426132598994e-02
5.351524222669999942e-01,2.668399349876000137e+00,4.746708484350000146e-01,3.160365139399430518e+03,3.576577916328380069e-02,2.566620553532758198e+00
1.749425214126000050e+00,2.860056163513999827e+00,2.877262732255000177e+00,1.352272602889216796e+04,1.508907392690382945e-02,6.760419052985726651e-01
1.513497575390000127e-01,1.613485234901999910e+00,8.844143425849999574e-01,7.414580387960984353e+02,7.277465444487786483e-02,3.095335862106151126e+02
2.445161368147000136e+00,2.640307687561000094e+00,6.287147644199999608e-01,2.034880859870027052e+04,3.011391536653708866e-03,9.232772621425730519e-02
1.048291034673999977e+00,5.615005073587999718e+00,1.319445617643000057e+00,7.191228223728774537e+03,3.887764868980731620e-02,3.662608809790461328e-01
1.804354827572000053e+00,3.618010306451000080e+00,1.837048592089000065e+00,1.404551548016858942e+04,3.086562656774294398e-03,2.137004122895403216e-02
9.906630326299999956e-01,6.128784882022999980e+00,2.801102312532000038e+00,6.706451868465227562e+03,3.642664940930590706e-02,4.867123768214209001e+00
2.095401679800999784e+00,1.821263580115999980e+00,1.445572389964999926e+00,1.686506037030507650e+04,1.378260528472931073e-03,7.551039695419752007e-03
1.888876865695999996e+00,1.374588397122999961e+00,1.048071938219000021e+00,1.485601363397746718e+04,9.706911202056545118e-01,1.887963924081996936e+02
1.560801765829999965e-01,2.672810854101999922e+00,1.630157792202999945e+00,7.668709113401881723e+02,1.384509667903790402e-04,2.146800862564139016e-04
2.811805348165000051e+00,3.713037171205999964e+00,1.923680339614000090e+00,2.409330527563487340e+04,2.373382913559799259e-03,1.315410448265806435e-02
1.902005582629000102e+00,5.630427761046999713e+00,2.417373628152000187e+00,1.498254437053283618e+04,6.091372164442991621e-03,2.793189262535503148e-01
6.940968508820000160e-01,5.045026294193999838e+00,1.213427477361000095e+00,4.331990313034051724e+03,3.324813501687097772e-01,5.241271031525811850e+02
2.049241673201999792e+00,7.377466322989999492e-01,2.623140934380999933e+00,1.641267766809355453e+04,1.847325009417663186e-02,1.465622384700690173e+00
9.292895970679999618e-01,4.009067764919000076e+00,1.693220107307999989e+00,6.197820613737913845e+03,2.617020003902207834e-03,9.370169156970321531e-03
1.416041948591999944e+00,4.005446250258000163e+00,4.152725633359999891e-01,1.042464080458036187e+04,1.462665910409693126e-01,3.854894505630533104e+02
1.272466562308999904e+00,2.479276972596999862e+00,1.334488205103000036e+00,9.136018776976117806e+03,8.946845599736552015e-04,6.288057338897905246e-02
3.441177634879999947e-01,1.981523895135000046e+00,7.704108935850000339e-01,1.872903748343127518e+03,2.599705183619498983e-01,6.707619062519557929e+01
2.556532825314000057e+00,3.436888945544999796e+00,6.436334972489999862e-01,2.147700333640092867e+04,1.556838536744295509e-01,4.972198680090225764e+01
2.624001248827000143e+00,5.425266144121000167e+00,9.742604741600000007e-02,2.216449768383887567e+04,3.287810775410866544e-03,4.661637410766746037e-02
1.976564812009999894e-01,6.185002117884000228e+00,2.319501742276000034e+00,9.956251203554832045e+02,1.261058876688200131e-03,5.985230154297596639e-03
2.243171048375999899e+00,3.799884513814999920e+00,1.098404462770999901e+00,1.832528348774489132e+04,4.492785511768395551e-02,7.137874013010075958e-01
