2.254346665573999875e+00,2.421098515578000043e+00,2.364206126082000203e+00,1.843643484851712492e+04,8.338587341494773167e-03,8.377047638926679585e-02
7.225184772920000276e-01,2.752606467406999879e+00,2.030755417132999785e+00,4.549703425932464597e+03,3.160464532468033731e-04,2.155542450310717572e-04
2.754567835369999829e-01,7.631172811690000168e-01,1.512855480762000049e+00,1.448450527378769948e+03,5.753735650968318238e-02,2.657175238316768784e+01
1.083692294250000021e+00,1.046754352735999927e+00,1.133703739376999975e+00,7.492299272557261247e+03,1.219993210033254796e-02,5.074054922904552151e-02
3.369327383460000158e-01,2.275805196388000162e+00,1.684880877396000010e+00,1.827458535668175500e+03,7.765355740766137927e-04,5.324617377422032885e-04
2.077278695039999956e+00,6.077753178600000528e-01,1.564199842624000025e+00,1.668722878187369497e+04,6.717006531988135160e-03,2.090210243218681638e-02
2.193743684670999894e+00,2.837056317480000089e+00,2.897596317999999727e-01,1.783486993537610397e+04,1.672531575853342545e-03,1.651819821618225048e-02
2.542930369816999825e+00,1.846221787876000109e+00,8.658756680720000043e-01,2.133875908310499290e+04,4.183801192241474488e-03,5.209889908616922166e-02
1.694801526263000069e+00,3.548575835669999901e+00,2.279399801283000127e+00,1.300607047431068167e+04,1.156283547540020058e-02,2.322820881141099414e-02
1.633107321530999911e+00,2.286675092552000077e+00,3.359734816250000144e-01,1.242656661966967840e+04,1.141361728169418450e-03,1.020179750503120552e-03
