1.861493622740000076e+00,1.181536560852999962e+00,7.093875526859999558e-01,1.459264596997614171e+04,5.801404377363608700e-03,1.594118142166794927e-01
3.588523694949999898e-01,3.279793088154999925e+00,1.195653073322999971e+00,1.966825956004801583e+03,4.201617880141473205e-04,1.536344278712522768e-04
2.837246288366999991e+00,2.522838506918999801e+00,7.925730834669999503e-01,2.435622697817011067e+04,1.521286159570140037e-03,7.320876924007849867e-03
1.581389500365999901e+00,4.418251229022000182e+00,1.392226295616000087e+00,1.194420547543041175e+04,5.280371759154628419e-02,1.270664152975951033e+01
9.843598325369999902e-01,1.856385721619999929e+00,1.154961654490999967e+00,6.653842318633408468e+03,4.172801956279898611e-02,1.875334062376348587e+00
2.448858710191000210e+00,5.945494133244999979e+00,1.845926432710000009e+00,2.038612548713949218e+04,1.846765774143807604e-02,1.008835604178574652e+00
1.858972348111999962e+00,7.703820079230000450e-01,1.336248410819000032e+00,1.456843408625836128e+04,3.234357839585192546e-02,5.308691224404390674e+00
2.885940284145999790e+00,5.109461195248999665e+00,2.799954663902000096e+00,2.486050433645580051e+04,3.468033283731573185e-02,2.139038921141648952e+00
2.694796909629999959e+00,5.757906178283000109e+00,1.848061798372000020e+00,2.288903869608317473e+04,3.630180691671598247e-03,4.396918290430833209e-02
1.500165327169999951e-01,5.869554976243000155e+00,5.674102764470000393e-01,7.343187529986842037e+02,4.255682423181165021e-04,8.424903432831183951e-04
1.265171983566999891e+00,2.779769588044000095e+00,1.579323256586999902e+00,9.071386006466174877e+03,6.096170821827109551e-04,1.345712406684246385e-03
1.044424037533000060e+00,1.510814123859000047e+00,2.642832159209000054e+00,7.158489217880699471e+03,3.876022710019105116e-02,4.395519118268154113e-02
2.850933723629000216e+00,3.073837197295000045e+00,1.026594834536000089e+00,2.449783684920710220e+04,9.355159265033446969e-02,2.270063239924499499e+02
4.359410374120000209e-01,5.841468472725000360e+00,1.121104642641999938e+00,2.473476252032801312e+03,5.837480024044814893e-04,5.697816691443876843e-05
8.135846883339999946e-01,5.271357814329999947e-01,9.876285410180000168e-01,5.262284721163659015e+03,1.668672009699238151e-02,3.247244888078955616e-01
1.285491500810000076e+00,3.947379095670000115e+00,2.710894976800999778e+00,9.251634127925162829e+03,1.204848471308864709e-02,2.638879030747580678e-01
2.515864738359999908e+00,1.956943926389000055e+00,3.057295994876000123e+00,2.106405500533648956e+04,2.973051498531169012e-01,1.057099995794643377e+02
1.596671378489999960e-01,5.183140310649999805e+00,3.649566176160000119e-01,7.862257825749665017e+02,5.661727821789200310e-02,3.227710972563424985e+00
