7.757281363050000378e-01,5.876412727652000179e+00,1.844745520747999912e+00,4.963372285855084556e+03,3.778032167754500903e-01,1.075169034273104671e+02
1.465799736071000003e+00,1.302675209960000080e+00,2.608408931426000166e+00,1.087813525822446536e+04,5.870308755838282884e-03,1.269896633924026408e-01
5.817706384640000117e-01,4.222250820814999805e+00,2.264884949339000197e+00,3.495459397883517795e+03,9.695135025688693051e-03,6.771181256668919179e-02
1.288214563289000081e+00,6.460599702620000162e-01,2.232037563643999967e+00,9.275838974707303350e+03,1.250674722343651513e-01,2.945347896118156950e+00
2.102499931460999782e+00,1.765214754997999957e+00,1.673154675172999983e+00,1.693478876722340283e+04,1.444482819142063335e-01,1.926023610279264346e+02
1.008459113538000107e+00,4.080921046908000172e+00,2.912504984041000000e+00,6.855433298143547290e+03,1.725964305658125517e-02,1.451542977249816457e-01
2.430253707508999828e+00,4.194217151046999881e+00,1.703063170370999968e+00,2.019844485799608447e+04,1.017818291235382672e-01,2.846221328921156868e+01
3.179086718329999783e-01,5.010664299797999988e+00,2.059655872866000159e+00,1.708271662022872988e+03,5.210884532011374193e-02,2.186019629855738700e+01
1.871218626801999907e+00,2.427219652270999894e+00,1.955823992747999895e+00,1.468609471106497040e+04,9.876946918555697813e-03,1.263802465771492745e-01
6.275003221149999533e-01,2.810858570830999881e+00,7.197089166829999662e-01,3.831241397457312814e+03,1.060467848969601223e-02,2.193209225769974791e-01
2.609758231630999958e+00,3.969310530340000032e-01,1.887416256407000059e+00,2.201911644224981501e+04,1.964706858955901636e-02,6.676337488554234811e-01
1.483311399740999903e+00,5.671494988955999794e+00,2.168410788107999920e+00,1.103853342767188951e+04,5.454103562054298145e-03,8.675323462880723743e-03
1.234606782681000103e+00,4.735075551050999643e+00,1.783693809796000007e+00,8.801496517401323217e+03,1.723582319765427917e-02,2.898977501666017975e-01
1.840459722437999934e+00,1.704118916809000073e+00,4.764054896020000207e-01,1.439085165955016782e+04,9.085634525083213786e-02,2.005691944459050546e+01
1.025179415211999956e+00,5.118128814331000420e+00,6.479111324699999841e-01,6.996001418342423676e+03,9.169198822625269051e-04,3.175339866196142270e-03
1.689897009010000062e+00,3.130069940582000054e+00,7.643847730499999660e-01,1.295984291399779613e+04,2.177157158250611624e-02,1.560963520050882902e+00
