1.905301514248000094e+00,3.881385397429999884e+00,1.323045395342000052e+00,1.501433588536333264e+04,8.128526050283499870e-04,1.867258868369602379e-02
1.098595146954999935e+00,4.229086883267999752e+00,4.666540019140000273e-01,7.619758348456605745e+03,1.163470727192624475e-03,4.223005266005892822e-03
2.382126185403000029e+00,2.389623847270999857e+00,2.314370912436999994e+00,1.971409589119276643e+04,6.020620513850342449e-04,2.615530954417973064e-03
1.146376789365999960e+00,1.895640742287000080e+00,2.802514426788000002e+00,8.031192229150950880e+03,6.640776781736064394e-02,1.754007514853833882e+01
9.780126058110000242e-01,2.518023895523000100e+00,1.623705223912000006e+00,6.600949842900798103e+03,6.499573612676606306e-03,5.791284296588826708e-01
1.496248177585000061e+00,2.558422127804000024e+00,1.568867245892999973e+00,1.115728829432067869e+04,1.651109538371626356e-03,5.963592621136027359e-03
2.602840561413000131e+00,3.946372778449999785e+00,2.056466416259000063e+00,2.194855372600792543e+04,1.307272314638387558e-03,4.888180156463067111e-03
2.716870981106000116e+00,6.097748548655999912e+00,2.585726760620000064e+00,2.311559167345562673e+04,2.074208480787726738e-01,1.699688116859002491e+02
2.898295435141000187e+00,3.945389159368999810e+00,1.426317610671999914e+00,2.498867036787149482e+04,9.590034728495957020e-03,1.562710756664064116e-01
1.582312086338999890e+00,4.008464828554999748e+00,2.030705841106000165e+00,1.195278201814834574e+04,2.606022568571136292e-03,2.058614221026777713e-02
2.181902420540000165e+00,4.310629139510999686e+00,1.320427080040000034e-01,1.771767311541020536e+04,1.481012622132594873e-02,6.016093931731061328e-01
1.129571900136999929e+00,7.586317642319999610e-01,2.091153061602999852e+00,7.886015424146078658e+03,3.798022112658373372e-03,4.579296880585603628e-03
2.969193509851999924e+00,3.218707537719999845e+00,1.542607227728000074e+00,2.572578451830187623e+04,2.874780184203325206e-02,1.783666402080664293e+00
2.711254798160000146e+00,2.818233283920000165e+00,1.250429590958999970e+00,2.305792255105305594e+04,8.011266436137521457e-03,4.245292160318175356e-01
1.858965854882000057e+00,4.739986353967999833e+00,2.000108340884999780e+00,1.456837173973782774e+04,3.658521808421568572e-02,1.610099218209855110e+01
2.452539296229999943e-01,4.774817295890000146e+00,1.086531086304000082e+00,1.268964178516316451e+03,3.206429075190688205e-01,6.063186959843380208e+01
1.266964796356000011e+00,6.267628430288000096e+00,1.940139378807000048e+00,9.087263168668228900e+03,1.013026316262110281e-02,2.056982853713515080e+00
2.217205026749999863e-01,5.777048995062999737e+00,9.730131801410000225e-01,1.132330241516168371e+03,1.679348721026856228e-02,2.485859996862666321e+01
1.329752800704999904e+00,1.276404518397000087e+00,1.949706927010000035e+00,9.646485155947793828e+03,3.744686956730295790e-04,1.971749898674243491e-04
1.936768429088000065e+00,1.171951053089999917e+00,2.361582277320999790e+00,1.531838143059497088e+04,3.514740208699795865e-01,1.237708754511445477e+02
1.843283938112999953e+00,3.871987844217999797e+00,1.487421889017999987e+00,1.441792068602158906e+04,4.248592234687902786e-02,2.392145442339014938e+00
1.248928552730000030e+00,5.616229836082999860e+00,3.888960082910000171e-01,8.927768863074856199e+03,1.003513445134833655e-02,1.507397335306598085e-01
2.307229412069999874e+00,3.871234816683000179e+00,2.099673721200999932e+00,1.896371210842069195e+04,6.486734502791692038e-04,2.572175024851030417e-03
2.185981895637000072e+00,1.022189757327000015e+00,2.395872153967999907e+00,1.775803615507823997e+04,8.113186674860186059e-04,1.574321477109169934e-03
2.809635090793999979e+00,3.922298403965000180e+00,1.281050473149000002e+00,2.407089409927823726e+04,9.138470510007407066e-03,1.424857853033847099e-01
2.600599311129999869e+00,2.282344990151000008e+00,1.664256323749999933e-01,2.192569882621513534e+04,1.267671018391933191e-02,5.924806369467582323e-01
2.682412911280999790e+00,3.051532545101999894e+00,8.885302861360000470e-01,2.276207015077514370e+04,1.785998511173478576e-01,2.545767233239678262e+01
2.254977405590000039e+00,3.911867796549999832e-01,2.358385094004999960e+00,1.844271102575726036e+04,5.368104796761408865e-03,2.423206969973550062e-02
2.724729156866999791e+00,3.779095923073000129e+00,1.849074903590000041e+00,2.319631494564615423e+04,3.728600126262561487e-03,5.860037927467463131e-02
2.895917667239999993e+00,4.126903781891000378e+00,2.052128886814999831e+00,2.496399789834120020e+04,3.510169440277166337e-03,1.228035531269251225e-02
2.192252017021000032e+00,2.942587898234000132e+00,1.643827780294000007e+00,1.782010016348920180e+04,2.167062321449245987e-01,1.102723854699130044e+02
2.865384631338999899e+00,4.850468801024000243e+00,1.775694467080999983e+00,2.464746294630217744e+04,1.274505074193531609e-02,1.795954546369001037e-01
5.421384113389999815e-01,2.863874453386999974e+00,1.271944531524999977e+00,3.210100492076963292e+03,1.211705287978034201e-03,1.005374710824497421e-03
1.384884143454000016e+00,1.202877928791999951e+00,1.616512853041000009e+00,1.014241893342697585e+04,3.332946229914199310e-02,7.946070983623923389e+00
7.629091906199999551e-01,5.647259259802999587e+00,6.630431242640000278e-01,4.863008721628297280e+03,3.117158369807602157e-03,1.039383996260158718e-02
2.578591016655999990e+00,1.841524272762000036e+00,1.510295567428000085e+00,2.170144565477059587e+04,4.395140592705754773e-03,2.256020873298455326e-02
2.141080065050000147e+00,4.506041666123000056e+00,2.570509318459999748e-01,1.731452086593232525e+04,7.412547317383979539e-01,3.215760717388464229e+01
2.406300525504000198e+00,3.786001176434000026e+00,1.145742003982999968e+00,1.995717535649696947e+04,8.280303175784002948e-03,2.437942890453274059e-01
1.908871823833000025e+00,3.767134815712999796e+00,1.967348917093000082e+00,1.504878581560414204e+04,1.111345780777166139e-03,2.249223916626435734e-04
2.341606466568999956e+00,2.188755480264000131e+00,3.222741599469999829e-01,1.930761535662781534e+04,1.920795681871985128e-01,3.464324186046550125e+01
1.842735803432999919e+00,4.140838574863000332e+00,1.872279290745000102e+00,1.441266639541567747e+04,4.653554253838223295e-04,7.887901099553790455e-04
2.452199248718000213e+00,3.011360302461000060e+00,2.490119107423999889e+00,2.041984944687660391e+04,1.326047306439424086e-03,6.491071597727289706e-03
2.537431713392999999e+00,5.720231733686000020e+00,1.541250692590000027e+00,2.128291030117687478e+04,1.161208825531520328e-01,4.120509225691529309e+01
1.423185663006000024e+00,2.919981132394000145e+00,2.148303913053000169e+00,1.048953968462601733e+04,5.400335410171915561e-03,8.864278279503971791e-02
2.308744366292000194e+00,6.089896126069000104e+00,1.232625145115999965e+00,1.897884876243361578e+04,4.168250966293371787e-03,1.355558087232000553e-01
2.510135771771000002e+00,6.209833490608000162e+00,2.284163422870999938e+00,2.100597201608580508e+04,1.921723067273171937e-02,2.125362477588326471e-01
1.672513180644999986e+00,5.512611316201000200e+00,1.328413774461999930e+00,1.279621002130110173e+04,4.284576933605024202e-02,9.463884507625326847e+00
6.754774059289999633e-01,4.090330008550999707e+00,1.456196969577000067e+00,4.190637679353488238e+03,9.671110610077163217e-02,2.388006756070527103e+02
6.273948378879999899e-01,2.206367307917000087e+00,1.502610418198000009e+00,3.830459090314737750e+03,5.502843844819935029e-04,3.695075634275936274e-04
1.430144479068000019e+00,5.985250235110000094e-01,2.447779497621000111e+00,1.055282692929444420e+04,1.390219667416976983e-03,6.640724502278507607e-03
1.363531956527999967e+00,4.438749672133000423e+00,2.367802663202000168e+00,9.949816516849501568e+03,1.733816753287881511e-03,2.468145412010497308e-02
1.550283429589000006e+00,3.638668220315000035e+00,1.461610784100999982e+00,1.165565021625146437e+04,4.223450886002985127e-01,7.239251592829515403e+02
1.794691251666000076e+00,1.809069485169999991e+00,2.022171744415000028e+00,1.395331295110091560e+04,2.453017778237288459e-03,5.265745471077778843e-03
7.258287514010000052e-01,1.013279400719999945e-01,1.075984163186000098e+00,4.575210359393324325e+03,2.855543831111972408e-01,8.580425289114705834e+01
2.629928047972999838e+00,5.325235793882000301e+00,2.162234354325000218e+00,2.222503211867631035e+04,1.675742501900771009e-01,1.956025577295629034e+02
8.458919317380000358e-01,6.104494988805000411e+00,2.306953542450000061e+00,5.520266798170076072e+03,3.193377656101084039e-01,6.001400472400353010e+02
