6.969921406079999660e-01,6.370273466250000460e-01,1.498996489750999972e+00,4.354061955438363839e+03,6.810388271440714902e-02,2.121406431526346381e+01
7.174678679429999928e-01,1.197373687907000051e+00,2.412209535132999960e+00,4.510846219247166118e+03,8.218083453857038048e-04,8.095589657464545303e-04
1.624564184450000059e+00,6.169613518235999905e+00,1.882671442669999973e+00,1.234666686995023338e+04,4.756710018482186025e-02,4.071160227627181882e+00
5.170944517840000421e-01,2.179690674585000210e+00,2.236900780062000216e+00,3.032610821250984372e+03,1.552451970846617339e-02,3.378826576826071681e-01
4.168811540630000256e-01,2.340651001271000009e+00,2.220425353202000185e+00,2.345895492892314905e+03,1.481701430398837428e-04,2.522035891474696851e-04
1.926546118312999933e+00,2.359366926689999977e-01,2.399549230593999827e+00,1.521950570503152267e+04,9.949766461490802683e-03,1.410026381669590989e-01
2.099116796627999992e+00,4.597194537185999685e+00,2.972853881400999931e+00,1.690154977785058509e+04,1.664220454789838155e-01,5.240716952651215621e+00
1.923419113742000031e+00,2.482442143900999820e+00,2.022676474050999929e+00,1.518927949439203439e+04,6.657984961426981207e-02,5.025955055802680427e+00
1.201805130776000041e+00,2.312072944996999890e+00,2.520626739163000174e+00,8.513566622370066398e+03,8.864388224706211492e-04,1.782239606680206855e-03
1.822644359444999917e+00,2.441477651077000210e+00,1.342147767318000007e+00,1.422028459698740699e+04,9.647413066964692174e-05,1.277817673521828255e-03
1.384191277298000067e+00,4.624683768853000032e+00,2.317170078704000158e+00,1.013615876455100624e+04,1.808861855408076813e-02,6.946955077729334294e-01
1.097222167426999961e+00,2.547433276411000147e+00,2.868594126867999972e+00,7.607998233571409401e+03,2.031732615915574688e-03,2.041075745776672890e-02
2.970906462009999860e+00,4.482798748586000137e+00,2.699795731112999864e+00,2.574362818058455014e+04,5.205329177682675723e-02,1.588215722209096903e+00
2.624588822319999792e+00,4.832797151347000053e+00,1.658084493028000095e+00,2.217049796547455844e+04,7.256583389317642838e-03,4.343623110131350495e-02
2.747634469656000000e+00,4.616373496580999714e+00,6.793043334330000071e-01,2.343182533859673640e+04,3.183317516831872529e-02,2.208005430528474200e+00
2.005035715866000157e+00,6.308830510780000234e-01,1.330021935933999977e+00,1.598120565591186823e+04,5.729951362503985651e-03,3.071407209033491514e-02
1.791872970595999925e+00,3.877457245132000185e+00,1.681419951180000094e+00,1.392644135779195858e+04,4.502645526855753033e-02,4.934748919656385624e+00
2.369756106541000218e+00,3.119811490020000022e+00,2.390784794155000004e+00,1.958987547634464499e+04,9.450119576059777451e-04,1.924065180607580083e-02
1.139878776263000049e+00,2.256791132335000061e+00,2.520157542350999869e+00,7.974995880832077091e+03,5.490167326313325977e-03,5.907661341460541948e-02
2.185718702473999908e+00,5.686863256568000402e+00,1.530898017786999965e+00,1.775543166784131245e+04,9.734802839250452419e-04,5.270014016183932615e-03
2.778297169612999884e+00,5.903431750783999732e+00,1.735919160037000086e+00,2.374759309708199726e+04,1.811467521817498915e-03,3.471304050379857547e-03
4.164751394280000185e-01,4.878233104271999743e+00,2.232744530070000177e+00,2.343193893062501047e+03,2.916413944766394861e-04,4.306559872813443541e-04
1.322951559000999922e+00,3.098464349588999855e+00,1.832102179240999940e+00,9.585617195468521459e+03,1.452521336963466698e-03,5.811414688713552323e-03
1.542765112744999945e+00,5.223025793859999766e+00,1.357651612078000003e+00,1.158608712433006804e+04,5.835222468602889933e-04,9.778554433197109326e-04
1.312324441012000076e+00,5.711758556100000189e-02,3.204262882209999996e-01,9.490649823499332342e+03,1.476616303085570786e-04,1.872284329197538958e-04
6.097704344800000120e-01,6.001961342457000192e+00,2.129233877489999927e+00,3.700248701739078570e+03,3.378750212414135395e-02,1.950111937856117450e+01
1.986354292264000065e+00,2.874179534086000132e+00,1.644636013034000088e+00,1.579939533311082232e+04,1.347692191933202166e-01,4.514890943948671520e+01
2.119391473682000093e+00,3.407333127344000179e+00,1.311141218783999918e+00,1.710089233072496791e+04,3.411445805050049990e-03,1.116604684983542317e-02
1.252358685239999936e+00,1.418645605485999939e+00,1.151468093570999995e+00,8.958061177594918263e+03,8.821941795441717296e-04,1.860059862382673346e-01
1.520000359516000099e+00,2.039360044038999842e+00,3.384031536409999874e-01,1.137589222228125800e+04,4.462878198356108432e-03,1.367296830673857544e-01
2.387803695864000098e+00,3.551588417078999971e+00,1.637027774807999991e+00,1.977114679492687719e+04,4.738395843360988097e-03,1.456791719075901659e-01
2.799038036752000025e+00,6.013069106149999676e+00,3.086283728578000041e+00,2.396150339931167764e+04,6.229207366550996300e-02,1.085646854256964389e+01
2.109786714744000147e+00,2.526068292799999934e-02,1.462054314186999937e+00,1.700641388855753758e+04,1.311905418480863450e-01,1.392551629006495340e+01
1.948469967349000020e+00,4.918863161301000098e+00,9.500210358909999542e-01,1.543168650053846977e+04,1.163306452020144424e-03,3.642865393120620163e-03
1.601116140243000086e+00,3.853748655322999817e+00,1.839253879951999959e+00,1.212781346312544156e+04,1.246412355596465162e-02,2.834751304302179920e-01
2.406074819514000040e+00,1.976204919301000063e+00,1.219726375884000014e+00,1.995490387353041297e+04,1.399676672486696626e-03,1.625517454401743164e-03
2.564116667605000011e+00,4.302597670428999876e+00,1.660125865935000000e+00,2.155413273263173323e+04,7.535476506829347524e-04,8.796259857267610480e-04
2.158790217881000117e+00,6.256527417450000073e+00,1.495719491605999929e+00,1.748925362446720465e+04,5.346145744233211580e-03,6.151829449245423825e-02
2.016940468196999792e+00,3.814738457995999976e+00,2.922909803914000015e+00,1.609722969271876718e+04,3.935781725428248723e-02,2.111858829389560432e-01
1.946930336284000029e+00,4.791996835469999994e+00,1.028005371944000101e+00,1.541677100039267680e+04,2.263676172612991144e-02,5.489652776487832231e-01
2.965268991505999985e+00,2.440555652655000074e+00,2.817962330405999971e+00,2.568490924035320859e+04,1.017384788993767365e-02,4.651963189299310741e-01
2.645333591788999961e+00,5.353939486993000152e+00,1.065903599197999929e+00,2.238248450543408762e+04,1.818244534333097323e-02,9.727074979023387913e-01
2.308760725795000024e+00,2.524966445826999806e+00,1.428173224168000077e+00,1.897901222777326257e+04,8.947185863664502969e-02,9.486686588435054190e+00
1.348165044603000018e+00,3.834248799880000114e-01,1.546537643248000027e+00,9.811614420493322541e+03,3.406422286814302005e-03,6.164739276886096325e-02
8.688570117749999655e-01,6.097768559694999979e+00,2.427996094396999816e+00,5.705209485793219756e+03,1.154676246882039084e-02,2.070490398420444245e-01
1.116404430325000030e+00,3.759906415585000161e+00,1.868993386724000061e+00,7.772619977895323245e+03,3.071269852012349297e-03,1.899372651148148461e-02
2.319127820896000003e+00,8.009960449599999865e-01,1.974531378421999994e+00,1.908264166193871642e+04,2.840516700500565483e-01,8.321126749937349132e+02
7.044806744930000031e-01,6.271692476259000060e+00,1.825703237806999946e+00,4.411262235138157848e+03,1.753705696063478166e-04,6.126716982831295231e-04
2.607580893971999991e+00,2.867742943092999930e+00,1.760095332713000005e+00,2.199690347441352424e+04,9.677408055524512696e-04,2.965399966455931850e-03
2.261623699564999868e+00,2.628176844651000099e+00,2.465275178776999976e+00,1.850886380724339688e+04,9.717090744926406426e-03,2.949017218705520804e-01
2.573473215551000060e+00,5.603235618717000044e+00,1.386662442331999978e+00,2.164934337156594484e+04,7.694712392968723353e-04,3.723360467082822284e-04
2.515144623472000074e+00,1.773325357779000022e+00,2.900010413590000113e-01,2.105675291379498958e+04,3.896624350481645710e-02,1.859516737550618859e-01
2.069880073015999855e+00,1.507161306580999893e+00,4.473210651460000076e-01,1.661471151351839944e+04,2.228980805126975270e-03,8.165517218790200107e-03
2.949508921835000130e+00,1.527908661666999901e+00,1.004307528842000030e+00,2.552084768523377716e+04,1.438788167174462861e-02,1.917477764995694756e+01
1.005738232032000079e+00,6.211127405824999670e+00,1.417153215412999989e+00,6.832612794965686589e+03,6.969507204469184425e-03,4.389148664067188954e-01
1.698238445962999998e+00,1.013270574467999952e+00,1.583203357339999950e+00,1.303848124914048640e+04,1.444144899245098507e-02,2.506427306089188956e-01
2.098566238680999785e+00,3.809431160957999829e+00,1.073954659977000015e+00,1.689614152185915736e+04,9.946272945906838026e-03,2.406377260432630283e-01
2.705047223529999934e-01,5.563897803380000173e-01,1.913870437456000051e+00,1.418710110943649624e+03,4.258566203903140120e-03,3.770740535198530835e-02
2.131305640528000200e+00,4.574914328684999809e+00,2.550679453696000021e+00,1.721819577871269212e+04,3.293766668954276142e-03,2.292164877884842952e-02
6.085776308570000070e-01,4.632187291093000425e+00,1.384507841922000049e+00,3.691472244530744319e+03,1.894979596466114455e-02,1.656189187482733693e+00
5.119420116099999973e-02,1.182006458479999966e-01,1.092961457401999903e+00,2.346159069660670866e+02,3.422954293672086368e-01,5.952117565939663280e+01
1.743127495436999963e+00,5.894644286883999662e+00,1.578690329514000013e+00,1.346299307847363161e+04,2.839471634249142885e-03,3.784863145040132104e-03
2.419732140667000042e+00,3.896075040618999896e+00,7.655253089569999947e-01,2.009241550919190922e+04,8.648762078588140279e-03,5.494165422710290542e-02
2.105923337980999843e+00,2.952169116019999873e+00,9.251666643350000552e-01,1.696843336327844736e+04,7.053161109812248336e-03,1.630489304591721256e-01
1.607291787170000097e+00,3.146888767920000163e+00,2.728889809912999898e+00,1.218539051155885682e+04,5.925321850996430762e-04,2.791695362586930386e-03
3.227367745299999924e-01,4.555112098587000169e+00,1.810642553567999968e+00,1.738361865162134563e+03,6.664837794261503634e-02,1.875417419670512231e+01
