1.355898667381999934e+00,2.074210835915999862e+00,1.705783638583000084e+00,9.881123223418977432e+03,1.103211614066600512e-03,6.804561676430508597e-03
1.983920569539999956e+00,2.088059601903999862e+00,1.298035435299000007e+00,1.577573347782868950e+04,2.109380608256766678e-03,1.006297883009462935e-01
1.398916630428000074e+00,6.188081740940000186e-01,1.974046638294999934e+00,1.026935257627772990e+04,6.775676410874077824e-04,9.972839608125806058e-04
1.418534033762999913e+00,6.213139681104999923e+00,2.166493538990000189e+00,1.044727270949988815e+04,4.974465972011598777e-03,1.543575169973663425e-02
6.471237440079999903e-01,5.503127143866000104e+00,1.898287186204999921e+00,3.977383404538501964e+03,7.353292049528752615e-04,1.165913412016456084e-03
3.951402269090000252e-01,5.758290037823999619e+00,1.227541109154999921e+00,2.202195671195700470e+03,5.337527888423241121e-04,3.741231266276192203e-04
2.828708565913999884e+00,5.316997815338000422e+00,2.395405437807999860e+00,2.426795097963633816e+04,1.160195470675731179e-02,2.677762582310946882e-02
8.477579167590000297e-01,3.970869859836999805e+00,5.508479582369999461e-01,5.535246198162576547e+03,1.293181401909575408e-04,5.722337568352888924e-04
2.897347097940000116e-01,2.273558385084999856e+00,1.611452499479000045e+00,1.534871111234868295e+03,4.829478312659023134e-04,4.975006969787542288e-04
2.202717843329999869e+00,1.011714808650999942e+00,1.009293489955999990e+00,1.792376561484778722e+04,3.993075932114773657e-02,2.256912917245499806e+00
2.568316243988999936e+00,4.243689237275999560e+00,2.189764954200999814e+00,2.159685975806436181e+04,8.236207020407408132e-04,4.838270424678937399e-03
1.145776554201999975e+00,8.526490893600000009e-02,1.185080296363000052e+00,8.025998085802653804e+03,1.112771433429610331e-02,5.835379455588209918e-01
1.142356880200000036e-01,6.015729428432999626e+00,1.948496814422999934e+00,5.465737495827211205e+02,7.338358860719509241e-03,1.459632279463830284e-01
1.109481992115000093e+00,2.290890803807000164e+00,1.973144427148999958e+00,7.713133045274807046e+03,9.856013332435217648e-04,9.065084895621081801e-04
3.686817849699999816e-01,5.798624115110000421e-01,1.288243886147999895e+00,2.030016738067922233e+03,2.859589475802050140e-01,3.150124659158962004e+02
2.682513313813000178e+00,2.219510493496999803e+00,1.287522442073000040e+00,2.276309915645468573e+04,9.628213458810565978e-03,1.088935603115727124e-01
2.356757321659999960e+00,5.621330365903999926e+00,6.023206726490000218e-01,1.945946232547100954e+04,1.357661972188253102e-03,2.910186109233909180e-03
8.389007754570000364e-01,4.955681519261999846e+00,4.235320928160000165e-01,5.464220509780911925e+03,1.072494744310160822e-03,5.765529525700557878e-03
1.977237883858999901e+00,5.237545731860000053e+00,2.891526957026000044e+00,1.571078911415729817e+04,1.606506411956422700e-02,1.560420828431388629e-01
4.029130117079999795e-01,6.898613573640000052e-01,2.719237869595000134e+00,2.253344289676207154e+03,6.376686494869469792e-05,8.248316925413501583e-05
2.942435398491999976e+00,6.172048043963999753e+00,2.808715147929000011e+00,2.544725721982714094e+04,1.652830343047062209e-02,2.328828449648585319e-01
1.562700566476000086e+00,3.200708601060000102e+00,1.621413857400999969e+00,1.177069419470355751e+04,1.225356384409540152e-03,5.790285809223741885e-03
4.418540483310000044e-01,5.651015000247999964e+00,4.167008271329999958e-01,2.513354268197336751e+03,6.192714990503974531e-02,7.587342672275597444e+00
9.977621187190000018e-01,3.782383778725999957e+00,5.936649988669999711e-01,6.765803748554654703e+03,8.189315864885907213e-04,4.405792706961580811e-03
2.640408340320000047e+00,2.659297355746999880e+00,2.866080514356999842e+00,2.233212950392207495e+04,1.191075895805062818e-01,1.059847073806305140e+01
1.692494884765999963e+00,1.296191329527000002e+00,2.155944824090000100e+00,1.298432584671881887e+04,4.698780029281475305e-03,1.198584399518270310e-01
1.105454784063000018e+00,3.336123393412000038e+00,1.839788985683000089e+00,7.678566630941060794e+03,7.667713058107131566e-03,1.043195973456683551e-01
5.134854028149999916e-01,5.661671928979999713e+00,2.342372663581000047e+00,3.007218960495329611e+03,1.165771141078571355e-01,3.511289963149339499e+00
1.465445230597999915e+00,8.140922860000000339e-04,4.415146151530000007e-01,1.087489238586149622e+04,2.064217557890033472e-01,4.374331517003648884e+01
2.164102391540999815e+00,5.537351723071999743e+00,1.646246195131999990e+00,1.754171541687027275e+04,4.789321097686901132e-03,2.950298221867667658e-01
2.344310828868000129e+00,2.579223693691000019e+00,2.347214259274999826e+00,1.933470691400579017e+04,6.826226158165047374e-03,2.593955689922075938e-02
2.777016882757000094e+00,6.074069749242999805e+00,7.288433027649999785e-01,2.373439728532855588e+04,1.980711657720695632e-03,2.029840531347158056e-02
9.637755586820000442e-01,4.128665451075000270e+00,1.043809227264999917e+00,6.482621713712806923e+03,2.400769311627538594e-01,7.076381652128810629e+01
2.233140075370000088e-01,1.882505214499999996e-02,1.434044027199000038e+00,1.141491160424019427e+03,7.368296685124080172e-04,2.652845659248706002e-03
1.393221344107999915e+00,8.967789933640000211e-01,9.904641423819999790e-01,1.021780089862454770e+04,6.820588848844090328e-03,1.830128100691947104e-02
5.167084249159999976e-01,3.320283523572999940e+00,2.627257749198999903e+00,3.029892626197928166e+03,1.709307512301890496e-04,8.387161566041887955e-06
1.753359643645000077e+00,3.871073411725999946e+00,7.776804736560000153e-01,1.356006520991294747e+04,5.651082756112684596e-03,5.520968224538481267e-02
1.727438724158000038e+00,6.212909706132999865e+00,1.194783705234000015e+00,1.331437432719407116e+04,1.240766272928935099e-02,1.707787668576548346e-01
1.122051982309000051e+00,5.047678873287000378e+00,2.816830503209999947e-01,7.821216678927281464e+03,1.018167892548512039e-02,1.154237337898008642e-01
8.879668936110000077e-01,3.396433573472999790e+00,9.964673707679999604e-01,5.860066649031774432e+03,3.491886867611830939e-03,1.514132565285145580e-02
1.054970546552999933e+00,3.362999737503999942e+00,1.570500696931999896e+00,7.247848036390199923e+03,8.247458993179192580e-03,1.446894829850243092e+01
2.700174495614000136e+00,1.671017665633000027e+00,7.961717502890000020e-01,2.294420276862617538e+04,2.445105166355730428e-02,3.289144887713911225e-01
1.112478076568000018e+00,2.282482549631000168e+00,2.829234687964000017e+00,7.738868589765042088e+03,1.054032331974833619e-02,3.020172921394370658e-02
1.807352083383999997e+00,4.486115580290999993e+00,1.627714684185000094e+00,1.407413271034983882e+04,4.513547192276052417e-03,9.010664859314557185e-02
2.535892682440000101e+00,7.027768968480000433e-01,2.846872194869999984e+00,2.126728229314572309e+04,3.600476880987805717e-01,1.566993048586871566e+02
2.587167325982000055e+00,5.319396991470999758e+00,1.264117177262999991e+00,2.178879617833367956e+04,2.413621347019742711e-03,2.194310069820610415e-02
1.487244552549999987e+00,1.110464562937000021e+00,1.568849949864000060e+00,1.107461505303207559e+04,1.037242848872407287e-02,1.431059380512220425e-01
1.267056122220999947e+00,2.822638187904999985e+00,1.331667731775999952e+00,9.088072088281243850e+03,3.069741852762047918e-02,7.689784613220874698e-01
6.225703005249999533e-01,1.756555159493000007e+00,1.773116264323999935e+00,3.794716395491187541e+03,5.006037172638695514e-03,1.443028974191402636e-01
1.424441526539000025e+00,2.115202287599000197e+00,1.977733260064999943e+00,1.050095622849322353e+04,2.068513496076818392e-01,3.591004800119520723e+02
1.398468280981000067e+00,3.097407986314999917e+00,2.067291115205999841e+00,1.026529260893869832e+04,3.246230517183313225e-03,1.986606904932830889e-02
1.196817012427999982e+00,2.369585217161000124e+00,1.839384464596000024e+00,8.469939553891577816e+03,1.992263500912631012e-04,3.649943956825964057e-03
2.773026971360000204e+00,6.174386064595999812e+00,1.113620252567999902e+00,2.369327987642378139e+04,9.357605486928120830e-03,4.276163214340075042e-02
2.706862534392000086e+00,9.546559934570000294e-01,2.855035291565000133e+00,2.301283463462184955e+04,3.842400614508017544e-03,1.376147714918567189e-02
2.497736232439999871e-01,1.819720277119999952e-01,2.306074269790999942e+00,1.295531368108433298e+03,1.493523503167390291e-02,7.462054222129815839e-01
1.268338498327999941e+00,2.218586209715000201e+00,2.300459484577999980e+00,9.099432147948004058e+03,1.149120308784704622e-03,1.286315779161969174e-02
2.980927337250999898e+00,3.651814321294000187e+00,1.506427836799999920e+00,2.584804684605466173e+04,7.907839338012520591e-03,1.198559291002090216e-01
2.538183464189000205e+00,4.963093969844999620e+00,1.523740803154999934e+00,2.129054449221708273e+04,8.000112502446829130e-03,2.693935326911456318e-01
2.001075680457999884e+00,4.361590372795999926e+00,1.524963764073000050e+00,1.594263946939184643e+04,9.741551249571610976e-03,3.887831299586607670e-01
9.651220235080000265e-01,2.630425756010000171e+00,2.019416464523999810e+00,6.493793988567787892e+03,9.610788435769792963e-04,1.139857256802167401e-01
7.684411564780000425e-01,1.001296532020000019e+00,5.532334845530000322e-01,4.906266313155309945e+03,4.781183676592254406e-02,2.324429618970059508e+00
1.423480129926000037e+00,5.592554083389999597e+00,1.966577509728000051e+00,1.049221636704703633e+04,1.705016897940012446e-02,2.865562586205301354e+00
6.593451475599999556e-01,5.280730957107000023e+00,2.327103837046000212e+00,4.069003531501134603e+03,2.203644161251972974e-03,1.165668875564395031e-02
8.264098583269999798e-01,4.365622206719000253e+00,2.418600616277999826e+00,5.364385102585371897e+03,1.925070077735664340e-02,2.737125238123836457e+00
2.393541068559000173e+00,1.082115530974999906e+00,2.380621866994999891e+00,1.982882297154758999e+04,2.624623763293627496e-03,2.727484546884010111e-02
