1.414922982769999948e-01,5.862297949232000427e+00,1.614925186193999940e+00,6.889137997777725104e+02,1.835887566721320719e-03,1.041509262556969129e-01
2.154765107460999918e+00,5.739620737142000273e+00,1.725966827546000060e+00,1.744951806816182216e+04,6.946829788626476473e-03,1.973091309143805150e-01
1.386623002864000087e+00,3.887856426408999866e+00,2.083542613720999803e+00,1.015813286893826807e+04,7.172124714008717983e-02,1.196123856023239895e+01
2.031432628011000219e+00,4.896948534219999871e+00,2.556931560589999819e+00,1.623864265457813963e+04,2.542956617675424733e-02,4.375540801723760698e-01
2.248166170518000051e+00,3.361470417146999790e+00,4.282331320250000184e-01,1.837495229109550564e+04,1.272648781941690746e-02,5.486286301492111495e-01
2.142155076742000119e+00,1.676905149033999898e+00,2.235451065376000024e+00,1.732511977108337669e+04,5.630315939295502592e-04,1.381589175010925039e-04
1.927323946942999910e+00,2.404410121443000037e+00,2.826756424468999995e+00,1.522702579077240807e+04,9.706020798020780632e-03,1.246022427674855215e-01
1.147746778070000001e-01,2.044358635082000220e+00,2.194254025584000178e+00,5.493458886789584312e+02,4.029070376515138884e-05,4.838572403639567139e-06
8.066887142830000412e-01,2.387290898679999884e+00,1.244907035011999952e+00,5.207558695708734376e+03,4.109233406342851190e-03,1.206424502709671082e-01
9.595892838099999433e-02,5.463744745207000264e+00,2.449479632950000152e+00,4.536077030227908153e+02,5.240738602846205674e-04,7.921578212205371955e-05
1.753239620590000047e+00,5.435139838163999926e+00,1.568662878787999926e+00,1.355892590101726637e+04,3.106930924586143476e-04,9.063095937676887703e-03
2.178680985735999887e+00,1.966872523539000106e+00,4.612366216500000116e-01,1.768580924504184804e+04,2.328157953916240239e-02,7.360226000096904420e-01
1.928064309849999991e-01,2.539539660290000000e-01,1.003036295006999978e+00,9.684489333802283682e+02,4.749394414299696471e-02,3.294071912483060860e-01
2.471985833744000161e+00,2.159927511630000130e-01,7.944402342259999639e-01,2.061976213850287604e+04,3.472373180653495067e-02,1.385706723035785126e+00
5.142410953949999586e-01,3.540247686284000217e+00,1.872397346269000007e+00,3.012531796892993043e+03,1.526681120118551088e-02,1.387365427479599900e+00
1.412375108558000081e+00,5.682098810743999806e+00,2.754602967414999881e+00,1.039135612340666194e+04,1.437011542591354850e-03,2.116582694872663414e-02
2.285503106042999999e+00,4.363238215979999834e-01,1.289492998147999892e+00,1.874682589582686342e+04,2.907740965872662731e-02,1.157434896427046667e+00
2.553728769129999798e-01,2.928458839199000074e+00,1.832098064129999981e+00,1.328588010298450399e+03,6.225125102130885102e-01,3.951322750378483306e+01
