1.091210341342000012e+00,3.156632758106999948e+00,2.942727315712999836e+00,7.556546235890032222e+03,1.653235465323298070e-02,3.030148517649196016e-01
1.978788522719000076e+00,2.252676913340999842e+00,7.348715578319999775e-01,1.572585502761238968e+04,1.123380706874800008e-03,2.287259980174199264e-02
2.611193543515999860e+00,5.963462235296000280e+00,1.003698411230000032e+00,2.203376101908657438e+04,5.773401692873544183e-03,3.022936775435854373e-01
2.510508261916999828e+00,2.379962004136999987e+00,1.330729194949000105e+00,2.100974782072848393e+04,5.044639087075523942e-03,3.272475120921603670e-02
4.181895667259999949e-01,2.047759986809999933e-01,2.579417038688999853e+00,2.354606214196592191e+03,8.933636540515416504e-04,3.926025875564648866e-04
1.817839102288000053e+00,1.777100265352999919e+00,2.378294178183999907e+00,1.417433373332914744e+04,6.457608620197186240e-03,9.344314416608535956e-02
1.089286285668999987e+00,4.328528342569999965e-01,1.127217867563000020e+00,7.540093654121638792e+03,1.275244323022823451e-02,1.397675733863676939e+00
8.358440417400000433e-01,4.327903465140000350e+00,6.670523211190000357e-01,5.439753327414419800e+03,1.169964454580583839e-02,4.558395601143581249e-02
2.081248887856999907e+00,2.914633968562999833e+00,2.661685276341000161e+00,1.672616202094964319e+04,2.458304573308478080e-03,1.133743551332359531e-02
2.246071664880000096e+00,6.275962810539000181e+00,5.810301502529999773e-01,1.835412327296831427e+04,7.058409137250618720e-04,8.347336541139451296e-03
2.970256913541999833e+00,2.748799147199000092e+00,1.010594808113000065e+00,2.573686170586589287e+04,3.709224268329069235e-02,3.623395889120317293e+00
2.519920999648999960e+00,2.607908998630999786e+00,2.880759996969999848e-01,2.110519277225287078e+04,8.032293022341414554e-03,4.891556687468834319e-01
2.570154391855000053e+00,1.058844479390000037e+00,7.008117163110000325e-01,2.161556497423520341e+04,3.110117160860268459e-01,3.349798931269938773e+00
9.471658362270000131e-01,5.801117325054000240e+00,2.458175104611000084e+00,6.345125469019379125e+03,1.822150128208145300e-02,2.964261267581752013e-01
2.907782081137999963e+00,2.519280362861000100e+00,8.490836657829999856e-01,2.508713857089361045e+04,7.636863500740755095e-03,2.124392775804224975e-02
5.924063259480000232e-01,5.342249906826999961e+00,1.404813593887999978e+00,3.572944040583532569e+03,1.440686177027046544e-02,1.706985982814553937e-01
2.270421052905000181e+00,5.250877006466000196e+00,1.800163942109000104e+00,1.859647958278682199e+04,2.034338815748793286e-02,8.265427170080654751e-01
