2.151286676819000210e+00,4.790355879497999680e+00,6.012207634289999936e-01,1.741519007986152428e+04,1.657551367267137005e-03,1.300539821432660989e-02
1.329062282743000090e+00,3.401005051600999973e+00,2.757147481071999806e+00,9.640302157362126309e+03,6.392803776737818883e-03,9.050507469132500205e-02
2.756676572946000103e+00,3.703310898064999801e+00,1.479104318264000018e+00,2.352488307261225418e+04,1.159840673643077053e-01,1.760739319862085495e+02
8.845976282699999360e-02,4.573035539641000291e+00,2.158744573279999912e+00,4.160505265909363288e+02,5.935375218970986855e-03,1.294156080524491020e-02
5.689757247729999579e-01,6.280179500145999683e+00,1.394080118660000034e+00,3.402746381955190373e+03,4.806590649265199966e-01,2.855589769914007547e+01
2.290238998570000017e-01,4.547453442708000004e+00,2.586531646824000052e+00,1.174425967489722325e+03,3.096448467135951566e-01,4.339278036495929882e+02
1.002141677687000021e+00,4.368422917262000382e+00,2.405556369980000220e+00,6.802471269441921322e+03,7.232901780465225139e-01,6.248926069854452408e+02
1.998702010606999924e+00,2.701292725239999859e-01,1.899798458617999897e+00,1.591952948578285395e+04,3.016974595767156053e-03,7.641282753722181131e-03
3.175377211770000208e-01,2.859491358585000143e+00,4.719529755649999880e-01,1.705964270817407851e+03,7.839426440517467676e-02,1.116022078738061296e+01
1.301672202518999955e+00,3.373125832049999939e+00,2.449902706012000220e+00,9.395631248991292523e+03,9.083849942440476444e-02,3.623306518292923784e+01
7.804432465600000257e-02,5.037987579623999679e+00,7.893811407559999660e-01,3.644635711259883806e+02,9.631872523215840969e-04,2.974258923373017394e-03
2.825092843488000049e+00,6.129003922434000273e+00,1.080578705933000094e+00,2.423057892877658378e+04,2.470755139858556854e-03,4.612336355965497570e-02
2.159417937143000010e+00,3.300024014702000130e+00,1.883341483668999894e+00,1.749545162250661815e+04,6.527926547715084092e-03,1.655373154461807772e-01
