2.851286416483000075e+00,3.623515987943000116e+00,2.203764470811000020e+00,2.450148723308600529e+04,1.199025536766563943e-04,5.980446286310205924e-05
2.940541639309000033e+00,7.350890460260000037e-01,1.967006093628999919e+00,2.542755991370345146e+04,1.306012493890065622e-02,1.790495941155299808e-01
1.119791028482000073e+00,6.023664214353999569e+00,1.583673936502999924e+00,7.801754344390375991e+03,1.189041761706025879e-01,6.432752849136367956e+01
2.797652866873999944e+00,5.278640943942000341e+00,1.753526015899999901e+00,2.394720954072618042e+04,2.893897659668583956e-03,1.513069067123081098e-02
1.925626558569000002e+00,1.804571486300000083e-01,1.696892185805999986e+00,1.521061610003970600e+04,1.346875775106543167e-02,2.963065637335561275e-01
2.449246933174999974e+00,5.921530332993000023e+00,2.301812772100999993e+00,2.039004433831950882e+04,4.305476318827571036e-03,1.123374880154552266e-02
8.974048237099999659e-01,5.428553728245000265e+00,1.221535676615999932e+00,5.936863027959687315e+03,1.183526327322656328e-02,2.676356642922629314e-01
2.215008300949000031e+00,3.383852235816999787e+00,7.174288081470000522e-01,1.804561668523620028e+04,9.842834873248416244e-03,1.844507905511101054e-01
1.351690922323999899e+00,4.485746376647999689e+00,1.045028908896000086e+00,9.843293604246788163e+03,2.251644850423319688e-01,1.694482881940167829e+01
5.085940336909999804e-01,3.089839822168999994e+00,1.268029217922999941e+00,2.972880997029476021e+03,4.348260079730477054e-03,3.739032374025729605e-02
2.084670784604000016e+00,1.661784008256999901e+00,2.268507915149999832e+00,1.675972939117723217e+04,5.270021924382375933e-02,5.739273091441981833e+00
1.458275929719999864e-01,2.860129991106000080e+00,1.276906408482000099e+00,7.119537592065911440e+02,4.332549984467938819e-01,4.441748090107378175e+02
1.837451265464000061e+00,2.500944402976000180e+00,2.940240080250000165e+00,1.436202561469380089e+04,9.480053391692936987e-04,2.019426069504010133e-03
2.416590797157999848e+00,2.126203881936000073e+00,2.033188072653000056e+00,2.006077441684355290e+04,3.701944448235841654e-03,1.167147351679382467e-02
2.437435494222000010e+00,2.567247753245000208e+00,1.218486314975999907e+00,2.027086321443850466e+04,1.006085835770361434e-03,2.087386858448383228e-03
7.206707703199999315e-02,2.979213121620000182e-01,1.896462560990000101e+00,3.351636338518772504e+02,1.009884706367606029e-02,7.340524435581501361e-01
2.912172803500999940e+00,3.628439170443999995e+00,2.450768186301000018e+00,2.513272995518011157e+04,1.305571217826804187e-01,5.918999688651368274e+01
1.820208821582999903e+00,2.760157543096000143e+00,2.504327344690000068e+00,1.419699150984996049e+04,3.443097583832360926e-03,2.672904401213836711e-02
2.628091503845999988e+00,2.000223235082000173e+00,2.111890096695999919e+00,2.220627183449012955e+04,1.504685695523647337e-01,1.974031333501479821e+02
2.432318016680000028e+00,1.231990079198000076e+00,1.461118266294000101e+00,2.021925681426642041e+04,5.369115905037131434e-04,1.294859985810019321e-03
8.662206164350000348e-01,3.961518757873999874e+00,1.759042353267999959e+00,5.683913443183387244e+03,7.095431680630461847e-03,1.913935051457817671e-01
2.453316671651999847e+00,4.004441523659999724e+00,1.720541994923000084e+00,2.043113198657581233e+04,3.216497406309064104e-03,1.347742490943454330e-01
7.205636065470000240e-01,3.092182293932999926e+00,1.797169863357999997e+00,4.534654924406976534e+03,3.750144224962937423e-01,5.396580230610618401e+02
7.717090800920000104e-01,1.052381906739999984e+00,1.712963476786999895e+00,4.931858588591745502e+03,9.101061064446207402e-04,2.876534410726861411e-03
2.667425582168000187e+00,1.091678117454000008e+00,2.327157860078000073e+00,2.260853874535945579e+04,1.525795365124958669e-01,3.695940120428573437e+02
2.478482591658000000e+00,1.456022155634999926e+00,2.074676778014000078e+00,2.068546113008695465e+04,1.260421082950638830e-02,1.893414932380326765e-01
1.509116232535999913e+00,6.055795714847000077e+00,8.100897295319999802e-01,1.127562923648321339e+04,1.925534375782858229e-02,1.274426270482839207e+01
2.902230856282999927e+00,4.260371551383999922e+00,1.626708763644000078e+00,2.502951255787866103e+04,3.253556816690311715e-01,5.390087151904667451e+01
1.703410585189000015e+00,5.222682181100000154e-01,8.467898853730000397e-01,1.308728032731021995e+04,7.026329757721671860e-04,4.021277661920502969e-04
6.721307561939999786e-01,5.288859360574000412e+00,2.075798404278999865e+00,4.165340165455136230e+03,8.598586730727175026e-03,1.768325928484004161e-01
2.233906376844000174e+00,5.359851558099999747e-02,2.453908978689999909e+00,1.823321251503640087e+04,1.077918742279160291e-02,3.954130664005203050e-02
2.200805283929999911e-01,6.090633421776000311e+00,1.200985511000000061e+00,1.122916103309424443e+03,7.773135672065271951e-03,2.572544924772604200e-02
1.504288857624000109e+00,3.645100059181999974e+00,2.048212048099999905e+00,1.123120911682433689e+04,1.510094557890474939e-03,6.439801604234697205e-03
1.627859658173000046e+00,4.896548012149999907e-01,1.101257250371999952e+00,1.237747763118389412e+04,4.483544480411046779e-02,5.087505231943609374e+00
1.120423926164999973e+00,9.353130021290000373e-01,8.791845055710000301e-01,7.807201396461206059e+03,4.208788205624653528e-02,5.040137489070776411e+00
4.221432437550000083e-01,6.075667118369999509e-01,9.199630794659999777e-01,2.380970391286685299e+03,8.030601757844847048e-04,1.404989731394408513e-03
1.309667383767999960e+00,1.875188723544999991e+00,2.150157913211999894e+00,9.466932416987912802e+03,3.726924523912041303e-03,4.619872505504166865e-02
9.374610736930000243e-01,2.864096055860000156e+00,1.043111444311999980e+00,6.265067961635555548e+03,2.053532359872659724e-02,2.861015830793718795e+00
1.699827043883999966e+00,4.734889877951999893e+00,1.068352034107999948e+00,1.305346647789283452e+04,5.205264524017316763e-03,1.069093887903357909e-02
1.688596215513000098e+00,5.411496962526999965e+00,1.315470703471999903e+00,1.294758681007070845e+04,1.887154662305302443e-03,2.971822802492880833e-02
1.260776002630999981e+00,4.701397547196999760e+00,1.219764360739000075e+00,9.032476893324283083e+03,3.741914234869834458e-04,1.383845937990635031e-02
1.565721600630000099e-01,5.548131625181000004e+00,4.718863647329999966e-01,7.695212785756768881e+02,4.890158913079658892e-04,5.994193112061834512e-04
2.726142583928000018e+00,5.364449605903000240e+00,1.102842077779000007e+00,2.321083841799862421e+04,1.438638842217067892e-01,1.703102484228223190e+01
2.211930121558999929e+00,1.297245896890000028e+00,2.470597929176999941e+00,1.801508739249481005e+04,2.300253112396294462e-03,7.271248461778632814e-03
6.743646448529999615e-01,2.417910820938999894e+00,9.017273411699999741e-01,4.182222536109234170e+03,2.559341532755934770e-04,3.213375546271247615e-04
2.038304983338000032e+00,4.621145500037999732e+00,5.947338142700000496e-01,1.630576791966178280e+04,2.787066220969279702e-03,5.399752701881289224e-02
1.052317185779999970e-01,6.236790307675000200e+00,1.063536714667000060e+00,5.005221438629149020e+02,5.787503885612958060e-02,8.912717071162838067e+00
2.617450360137000054e+00,1.879626713616000089e+00,1.230796289893999917e+00,2.209761525240444826e+04,1.689683062190331861e-02,3.500668034637794968e-01
1.709525661710999955e+00,8.279103684049999856e-01,1.083252749121000003e+00,1.314501442019159185e+04,1.917724776477548396e-02,1.179877248372411147e+00
6.925740514699999517e-01,2.324235873395000151e+00,2.410317811456999859e+00,4.320391389082627938e+03,4.139407926187297498e-02,1.297112612566228007e+00
2.868662089245999969e+00,2.326339274397000167e+00,1.652379821718999997e+00,2.468141475342566991e+04,2.768446570212640054e-03,2.664458033120836733e-02
2.644603147760999917e+00,2.879595161835999839e+00,1.652861624357000014e+00,2.237501558503824344e+04,9.873315471325931972e-03,1.469555045071441537e-02
