8.558591391750000055e-01,5.132877482785000112e+00,7.368056078119999963e-01,5.600378112455588962e+03,1.716974857197841372e-03,6.246902397027292476e-04
2.586041534307999878e+00,1.835781544967000078e+00,1.505911305781000076e+00,2.177732713571997374e+04,6.123036209359487315e-04,1.187467174895857555e-03
1.737219251251999941e+00,1.733657260270000111e-01,1.900430936600000065e+00,1.340699323568196814e+04,3.465575694505661133e-03,7.015942795679090682e-02
1.682467998649999963e+00,3.553716445486000186e+00,8.113565719680000399e-01,1.288987227061244630e+04,3.931580928252559511e-04,4.532281087028721344e-04
2.621450855916000133e+00,5.748458473429000293e+00,1.122966776354999974e+00,2.213845572449147221e+04,3.113501085104286321e-03,6.275739710600136689e-03
1.505065067692999969e+00,1.413485356683999994e+00,1.048486461653999946e+00,1.123834954156029744e+04,6.595745364310839172e-04,1.018877979919710977e-03
1.260329414512000090e+00,7.939961564020000528e-01,1.748348427277000017e+00,9.028525843215060377e+03,1.303974616287834586e-02,2.258934211003346959e-01
1.379616738209999971e-01,3.615574295539000005e+00,1.173360145348999906e+00,6.702306340431583749e+02,3.574227760020397878e-04,8.778106008640447174e-05
2.852671023695999786e+00,4.957127554002999759e+00,2.161220769123000096e+00,2.451581866226709826e+04,3.026223425513467277e-02,5.749961831332612405e+00
1.450391619462999993e+00,4.920362833991999807e+00,1.042740144187999984e+00,1.073734408838646959e+04,4.072558805450506199e-03,1.051319459553557434e-01
1.425821315307000070e+00,4.692070924631000395e+00,2.036490145505999827e+00,1.051350184761530909e+04,1.591430291042450831e-02,8.436966144716505633e-01
