2.925220682247000159e+00,1.596406413258000034e+00,1.356783044286000051e+00,2.526827737406780216e+04,7.812898563373868585e-04,1.939598553588960973e-03
1.015149845609999990e-01,2.020221320691999889e+00,2.421373120175999816e+00,4.816551218054008814e+02,1.104787027059495492e-04,2.475530645886216211e-05
1.089540739770999966e+00,1.840531209197000084e+00,2.058177259394999847e+00,7.542269087610415227e+03,3.748801093631906113e-04,1.859961315595619227e-04
2.177411818788999920e+00,3.310633558559000100e+00,1.609134854049000030e+00,1.767325797785191389e+04,2.166270085015806982e-03,8.562544343300901653e-03
2.415551475511999779e+00,2.451729028350000117e-01,5.237171308989999607e-01,2.005030743000509392e+04,6.290244610934278384e-03,3.961397099793394216e-02
1.320078725179000045e+00,1.130309154182000064e+00,1.875199291182999994e+00,9.559927684652537209e+03,8.519857627219027188e-03,5.975635889614428625e-02
1.424150522619000103e+00,2.216206304712999842e+00,1.979498703259999992e+00,1.049831063561667543e+04,2.716530049316205966e-02,1.270461460708400381e+00
8.745204744850000322e-01,2.075992295129999998e-01,1.379483963151999948e+00,5.751013354037807403e+03,2.333951404655566775e-03,2.911806690245523008e-02
2.628547043330000221e+00,5.309006089079000290e+00,2.073971571192999797e+00,2.221092496526228570e+04,9.002020052518707816e-04,2.213458256356402485e-04
1.809977388092000039e+00,1.613927413442000081e+00,9.014174190449999458e-01,1.409920625112484049e+04,8.960218685367378564e-04,1.453796432918535303e-02
3.073474390889999741e-01,5.996490851226999652e+00,1.745183455440000087e+00,1.642830522401803364e+03,2.055690816198853244e-01,8.300202881537977362e+00
