2.331769589838000201e+00,3.016255883204999932e+00,9.227683153300000329e-01,1.920911815118392769e+04,1.801675061421425805e-01,3.286180836055080601e+00
7.388282408570000515e-01,4.268609614396000396e+00,1.408229172231999948e+00,4.675673549619344158e+03,8.015435371900010795e-04,1.997802650102900677e-03
2.355067259471999908e+00,9.892423573749999921e-01,1.773924381772000070e+00,1.944251554064519587e+04,1.314560212444346524e-02,3.510643421185536961e-01
8.228061522259999538e-01,5.159734395302000287e+00,1.130898196816999990e+00,5.335654353887608522e+03,2.215135846538444919e-02,1.104373726562568159e+00
7.604009584599999427e-02,1.944886774076999947e+00,1.006278554234000033e+00,3.546141180660431473e+02,1.521297378565054925e-01,8.807548719474530685e+01
1.675202978980000035e+00,2.317701187250000017e-01,1.527160470637999978e+00,1.282150652860284390e+04,5.958272656928740056e-04,2.729011492255116467e-02
1.738843247121000024e+00,4.422177202050000311e+00,1.752142951536999949e+00,1.342238211000966112e+04,4.035099998887546335e-01,2.565911399187812663e+02
1.961074674455000055e+00,5.193932729845999852e+00,1.594028259207999954e+00,1.555388084434583106e+04,1.664258301305605306e-03,4.258669417184891837e-02
2.259552873082999902e+00,5.686785962787999971e+00,2.057292884960999935e+00,1.848824849176919088e+04,3.163842318364203966e-03,2.536314101285873368e-02
9.174824249440000079e-01,2.563342871266999889e+00,1.468416957590999994e+00,6.100917041439073728e+03,1.292285415778101189e-03,3.001079901906810177e-01
2.878914638338000209e+00,5.444682894598999567e+00,1.768017075598999899e+00,2.478766253168647017e+04,2.360901235758856159e-02,1.640535571431482043e-01
