1.587299688857999991e+00,4.063969806750000191e-01,7.304039942109999961e-01,1.199916572489237114e+04,1.067413340396307191e-03,9.084425566748412229e-03
2.703388036420999896e+00,4.986868374200000176e+00,2.133859210514999827e+00,2.297717629484872305e+04,5.037987277003867607e-03,2.857273812910952199e-02
2.728745128004999909e+00,5.837692019384999931e+00,1.309168808009000040e+00,2.323758369139825663e+04,1.299375189693333273e-03,5.942592253469414741e-03
2.268112174369000034e+00,4.649439715719999811e+00,1.323072825002999942e+00,1.857347888579298524e+04,7.424645347485735181e-03,2.981308313561457229e-02
2.611837716166999890e+00,3.921055132568000090e+00,2.341859220807999797e+00,2.204033398587947886e+04,1.859122063739955533e-03,1.626466762485818257e-02
2.467513827104999891e+00,5.719587736519999854e-01,1.281402718939000041e+00,2.057455561220409072e+04,1.497044408384246017e-01,3.331826169462818843e+00
4.525030857089999969e-01,5.010452250572999588e+00,1.145367783460000011e+00,2.585523475203595808e+03,1.555861540356390238e-02,3.090062367984471314e-01
2.319860498268000004e+00,5.280153348860000539e-01,7.126920447460000085e-01,1.908996856768974249e+04,1.320134201618383130e-01,7.979859517972130334e+01
2.763362713195999909e+00,3.789487614106000102e+00,7.464476186840000027e-01,2.359372588039423863e+04,7.236949750895756150e-02,1.170789766672312382e+00
1.807082345645000032e+00,1.423772616940000013e-01,1.590389843550999993e+00,1.407155692505247134e+04,2.339284635657554439e-03,1.916878588918449755e-02
2.155065646713000049e+00,3.455243661597000138e+00,9.001734822579999795e-01,1.745248450430501180e+04,9.795491157098655186e-03,3.296436317542382199e-01
2.662010523493000047e+00,3.816549687311999950e+00,2.447116949138000042e+00,2.255310113659776471e+04,4.441517615196217614e-03,1.369721194286545318e-01
1.169241949389999924e+00,1.835781544967000078e+00,1.384738772384999983e+00,8.229531842482070715e+03,3.555138147420729925e-03,8.841023175115733657e-02
1.647707631587999932e+00,3.884805688900999865e+00,1.544469968040000030e+00,1.256331403521586617e+04,9.905557822815172497e-02,5.815402546751997193e+01
