1.772405070455000065e+00,2.716661743802999851e+00,1.162351174447999957e+00,1.374104743127119764e+04,2.509035776082311764e-01,1.012867799465631080e+01
2.006053847060000006e+00,6.138076033828999911e+00,1.052055742367000057e+00,1.599112338026128054e+04,2.972581612620960323e-01,9.374206467062460746e+00
1.987892892729000049e+00,3.079826598299999912e-02,2.428841041669000056e+00,1.581435717094391839e+04,1.950631241164505272e-02,2.271920251602981278e+00
2.168342798846000008e+00,1.453727664397999941e+00,1.163451967322999936e+00,1.758360935339756543e+04,6.977397218617513615e-03,5.553491156145604762e-02
1.784018772587000035e+00,2.465853143287000115e+00,2.664506032064999808e+00,1.385159742063081467e+04,1.533910656898919943e-02,6.397282815905119824e-01
2.727871911870000110e-01,3.056515128483999977e+00,1.720783653847999917e+00,1.432402830204208385e+03,4.838195862728191616e-04,1.966289017265986355e-03
1.383139877087000036e+00,6.090468286950000421e-01,2.036699924620999802e+00,1.012666049294587356e+04,7.077120690526157720e-02,4.390858190028100516e+00
2.178990215040999878e+00,2.321120585301999828e+00,2.570884084359000177e+00,1.768886752845218143e+04,4.013795089854745729e-03,1.250288061923871541e-01
1.248107614440000068e+00,6.221320219624000281e+00,2.966070837779999914e-01,8.920521786331069961e+03,1.254591899644371886e-02,3.463913935859673221e-01
1.671368810551000061e+00,5.228637377976999900e+00,2.119838814622999834e+00,1.278545016336864683e+04,1.082597033788881662e-03,2.641616944564287306e-03
3.474244822429999879e-01,1.480098949250000073e+00,3.527089649879999733e-01,1.893897067244475920e+03,4.503648110726125031e-01,5.620285002599874815e+02
2.810583962931000102e+00,1.493215923494999986e+00,1.205442478971999964e+00,2.408069229264468595e+04,4.741537220254153119e-03,1.022415594357170554e-02
1.288921438608999992e+00,2.695659969988999816e+00,6.318830174870000427e-01,9.282124166488170886e+03,1.578475606458558111e-01,1.605366786960711352e+02
1.249371623005000043e+00,5.326675790161999657e+00,8.709726310119999537e-01,8.931680651247334026e+03,7.171589609299448484e-04,8.273909975801267995e-04
1.861997831604000009e+00,6.223588698246000028e+00,2.024566308862000064e+00,1.459748866432033719e+04,4.699338581279018687e-04,9.804216839634761170e-04
1.597053770262000016e+00,5.012356491355999921e+00,4.675063877530000189e-01,1.208996399469026801e+04,1.845667667733177225e-02,5.944867438453593778e-01
6.719749474049999671e-01,3.636330322640000112e-01,1.458332969761999998e+00,4.164163215395651605e+03,5.037241741072461887e-04,5.413096669352348124e-04
2.046824430540000073e+00,4.203318646219999621e+00,7.028942108619999907e-01,1.638903922130541469e+04,5.712310545090650699e-02,6.510741819784149342e-01
