2.650599158972999803e+00,5.668644428266000013e+00,1.656513345600000076e+00,2.243633589611628122e+04,9.942343373215664290e-03,5.329509375741693367e-01
2.747888473759999783e+00,4.223541233008000439e+00,1.489766194675000044e+00,2.343443877320015235e+04,6.966278869489896108e-03,1.902593033901173181e-01
5.239619643159999507e-01,2.911859212368999916e+00,9.478534589620000173e-01,3.081058292248959788e+03,1.768229806551196298e-02,5.775339012231871516e-01
4.434254881540000137e-01,4.276927914424000221e+00,2.393035309695000112e+00,2.523975725177349887e+03,1.011417068927953494e-02,7.456792708930922928e-03
2.086276578000000104e+00,1.970878506013000075e+00,2.018457218092000183e+00,1.677548503337008151e+04,4.423250929227820483e-01,1.219269885820775983e+02
6.535387218939999743e-01,4.045675053791000231e+00,1.516036221350000046e+00,4.025417392574313908e+03,1.799563216632931242e-02,1.104234619025463493e+00
8.052311649200000199e-01,4.725375118058000368e+00,8.031187650350000151e-01,5.196007232921276227e+03,6.273855297179984671e-03,2.070009164200046770e-01
2.156429727567000132e+00,1.161546227679999932e+00,1.871425908495000012e+00,1.746594943699709984e+04,5.127671317739555465e-03,1.616343246763592423e-01
2.956338659000000146e-01,1.207870789807000023e+00,1.051716388203000063e+00,1.570865530123240660e+03,5.982386756353100243e-02,2.587392673374928975e+01
2.056190274051000078e+00,4.611172061057000171e+00,7.782488147630000075e-01,1.648065735991988549e+04,1.993385340011042534e-02,3.063271870697158228e+00
6.642112923240000022e-01,2.323680008469000136e+00,3.018239774683999954e+00,4.105610542288511169e+03,3.894006051716165095e-01,3.853563459552440804e+02
2.134754940667999978e+00,6.121331192068000249e+00,7.472748964509999814e-01,1.725217884933983441e+04,8.853017796014217566e-03,3.326388065066215871e-01
2.320486870969999948e+00,1.761141840427000060e+00,7.364739383280000107e-01,1.909623272784072105e+04,2.192571958669162647e-03,1.893577892436111923e-02
1.416576228242000024e+00,9.995367897650000444e-01,1.785837865011999925e+00,1.042949214257046515e+04,3.823150947397402910e-01,9.998890532461872738e+01
1.017921549233999912e+00,9.416520262840000211e-01,1.967233317117000002e+00,6.934914443779665817e+03,4.245507290946075318e-02,1.373364135034281341e+00
1.454640907486000057e+00,3.081886085050000168e-01,2.565787478158000123e+00,1.077613982728280280e+04,6.848097905571470800e-02,9.643266450323189076e+00
2.315711798884000139e+00,1.600868573127000039e+00,5.068036039150000116e-01,1.904848616258884431e+04,2.374185011094527217e-03,8.841378602891686311e-02
3.869779237980000008e-01,1.233930991725999959e+00,2.151979443307999951e+00,2.148758895494164790e+03,1.203193088911752064e-03,1.038050327759703056e-03
1.987610914730999934e+00,1.473384363982999989e+00,6.515168012030000400e-01,1.581161496524125869e+04,4.298545093670696343e-02,2.254463798010054032e-01
