1.245291243118000102e+00,3.353646330540000164e+00,2.478512063994000147e+00,8.895667739561311464e+03,1.954794567898696046e-04,1.023615557486805834e-05
1.936058124689999937e-01,5.555597501521999604e+00,9.814327642050000300e-01,9.729192997478135112e+02,2.440846050540420686e-04,1.221460420135091055e-04
2.777437633340000267e-01,3.373185816689999728e-01,2.411088541074999814e+00,1.462226091335610363e+03,1.545258334048940294e-02,1.083623938613235277e-02
2.204991490195999937e+00,2.693938383974999962e+00,5.365635937930000043e-01,1.794629806274451403e+04,4.474912460769807018e-03,5.536201279482298732e-02
2.212650082530999818e+00,5.474963309470999739e+00,1.526673029044999907e+00,1.802222726586289718e+04,2.173275140914476497e-04,4.312878260316586020e-03
2.722974198253000022e+00,2.708663783502000211e+00,1.001710898840999953e+00,2.317828381494884161e+04,8.390435600381255243e-01,5.450086319728416129e+02
1.589858151969000044e+00,6.088408400078000327e+00,1.745580778621999896e+00,1.202297065869005928e+04,3.066380469468599559e-02,6.872923412879113902e-01
2.013593549409999905e+00,6.746089546910000179e-01,1.634220558411999979e+00,1.606459760703882603e+04,3.692838923622394215e-03,5.017819761572782020e-03
7.741890031329999866e-01,5.488337268440000027e-01,5.525095772860000309e-01,4.951298760332419988e+03,9.134609017987547564e-04,1.564821351217673961e-03
2.567533381173999985e+00,5.123732394480000174e+00,1.785891331033000018e+00,2.158889392818127089e+04,3.101573188995923602e-02,3.134692195775721224e+00
1.174818063855000094e+00,4.553041554175999650e+00,1.049199875286999983e+00,8.278040093863366565e+03,7.203910559454008711e-01,9.507975617173158298e+02
6.514649276420000357e-01,2.862094300475999997e+00,9.189511915550000465e-01,4.009875408428702485e+03,4.948043619107317988e-04,3.985800727115831150e-04
6.198527131579999461e-01,1.159979245756000088e+00,1.274678271481999969e+00,3.774615698622034870e+03,1.806489256009514155e-01,7.204968199672747176e+01
2.076496490009999807e+00,1.528100387857999953e+00,1.288186330455000084e+00,1.667955978771124501e+04,3.632362594530663940e-03,6.403185712342618352e-02
2.873132510722999911e+00,5.001734792259999729e-01,2.094482645819999989e-01,2.472773461251970730e+04,1.644145602363598956e-03,3.693609984344103231e-03
