2.823036673873000169e+00,4.434901479755000153e+00,1.841656676014000071e+00,2.420932979678463016e+04,7.044742974677345448e-02,1.991791443852980015e+00
2.557482955524999824e+00,2.296975876010999951e+00,2.358139701929999887e+00,2.148666428593014643e+04,3.830815739028230540e-03,7.295732647089689209e-03
2.254004072993999852e+00,4.275200207704999755e+00,1.939388436708999963e+00,1.843302601187781693e+04,5.167974225982038296e-03,1.359644708434725596e-02
1.056548320334999902e+00,2.469807854699999916e-02,7.180653073630000049e-01,7.261235023296026156e+03,5.428672697670206167e-03,1.507212700732494248e-01
1.840352062673999978e+00,8.019433602409999917e-01,6.178159372299999452e-01,1.438981994125255915e+04,1.676916322124665133e-03,6.375583407241053151e-03
5.129914227599999821e-01,4.483138261830999838e+00,1.944797696051999925e+00,3.003747197818428504e+03,2.818698937549779797e-04,1.776933573221158870e-04
1.062335449407000088e+00,3.654100587170999948e+00,2.104203484654000089e+00,7.310378829917987787e+03,4.375243238976618022e-03,2.200218862934904054e-02
2.068816086785000063e+00,2.601676880920000268e-01,1.030887636384000050e+00,1.660428681293228146e+04,9.699369033771582539e-04,4.998011509184454053e-04
1.715705540980000110e-01,2.054169374829999839e+00,6.385636071510000233e-01,8.509759420478823131e+02,1.401492760315839318e-04,6.248861345143549839e-05
1.772532938881999920e+00,2.599760484419999962e+00,7.097097652570000248e-01,1.374226382583776285e+04,3.084493577236310791e-02,5.953781910794235799e+00
2.874146143171000034e+00,3.637389178473999785e+00,2.621703832871999928e+00,2.473823886089050939e+04,4.044374145449769302e-03,5.723544364891165054e-02
2.280827413919999935e-01,4.576175772300000028e-02,1.389323103626999956e+00,1.168985625517684412e+03,1.590046035668503666e-01,2.245697610328955562e+01
