1.908532818607999948e+00,5.128260647701999630e+00,2.355617860032999999e+00,1.504551422409795487e+04,5.359672487337603652e-03,1.713694884103134086e-01
9.840309879180000330e-01,3.742259478066999989e+00,2.071533947285999933e+00,6.651099914124414681e+03,6.513812305586098583e-01,1.095164998024263099e+02
5.097548876669999451e-01,1.033675400619999962e-01,1.647735731485000077e+00,2.981022403800908251e+03,1.006648920373324390e-03,6.830724544014118299e-03
8.026333859219999534e-01,5.385559172041999965e+00,1.041876645969999959e+00,5.175432668552834912e+03,7.074395943400851872e-02,2.600160124277090645e+01
8.148819165639999973e-01,7.417794935139999657e-01,1.393363701835999890e+00,5.272592976701584121e+03,2.695297589189148135e-02,1.532176681404884722e+00
2.147590649845999788e+00,2.630741645221000180e+00,2.050207288831999985e+00,1.737872566067242224e+04,1.168742305063853910e-03,6.651387586650727053e-03
2.660054079611999800e+00,2.643635895811999870e+00,9.747620098679999900e-01,2.253307624515553834e+04,6.140627148667110458e-01,3.839437139100469665e+01
1.631578291117000035e+00,1.599958146157999916e+00,1.716859691735999949e+00,1.241226004467894018e+04,8.147359426659019077e-02,1.987513461140689941e+00
4.325549399220000035e-01,5.311580119879000250e+00,1.315742901209999927e+00,2.450703198338627317e+03,8.257520897265482329e-01,3.269498649603999638e+02
2.417708765763999956e+00,3.436160318939999847e+00,1.379269615422000106e+00,2.007203431659107810e+04,2.989069241003895674e-03,7.114949441136704175e-03
2.420711819140000109e+00,3.682882292151000048e+00,2.746988525419999938e+00,2.010228473196206323e+04,4.001735645937478658e-01,4.108107559183705462e+02
1.655571375152000035e+00,3.994593560259999787e+00,2.578169209039999910e-01,1.263706900945230154e+04,8.813765706110642710e-04,4.517833376207589131e-04
1.346506737609000082e+00,3.553642698467000205e+00,1.182632735315999994e+00,9.796721283968649004e+03,3.283199464180194121e-02,1.866200893807535843e+00
1.122737933290999912e+00,3.931256140184999914e+00,1.159547294793999983e+00,7.827123207880318660e+03,6.205420355495132149e-03,6.831776249530351064e-02
2.444537396448000166e+00,2.863489629057000219e+00,1.424549088458000101e+00,2.034251186497384333e+04,2.013628056951069847e-02,1.183822050524750091e+00
5.821540287299999950e-01,1.621706042795999947e+00,1.342300333755999997e+00,3.498245977347548433e+03,1.538590316644818622e-02,7.155422413590787345e-01
1.778253735437999916e+00,4.666511371812999798e+00,1.693543085656999958e+00,1.379670266446957066e+04,1.249853014246306293e-01,1.296092574865715221e+02
1.871615823173000015e+00,3.515436305738000033e+00,2.491912761592999903e+00,1.468991341206591278e+04,1.258550846486416325e-02,3.132933541145094813e-01
2.736172648131999896e+00,4.713068875437000038e+00,8.361931297110000161e-01,2.331393599031987833e+04,9.046707448252311323e-02,4.738820001763932055e+01
2.028550442224000161e+00,9.570928001870000479e-01,2.030708402633000009e+00,1.621050362122672414e+04,1.282807748195424584e-02,1.179301295940133887e+00
9.410228422699999651e-02,3.303063386169000193e+00,2.117218798925000200e+00,4.442771842764364578e+02,2.315919506569552849e-03,1.150005439429588217e+00
1.415395590167999984e+00,1.528100387857999953e+00,2.042653310068000216e+00,1.041877230770838651e+04,1.493905963828065118e-03,6.193575656089668480e-03
2.610679185922999856e+00,5.038848114058000149e+00,2.264717708751000202e+00,2.202851284328406109e+04,1.614246622946583637e-02,2.835688555669990407e+01
1.473194629071999939e+00,1.075633497577999975e+00,1.384380541484999894e+00,1.094581905035379350e+04,1.360294745557339702e-01,8.646620960357812180e+01
2.288178076393999838e+00,4.683699171527000438e+00,1.421818800567999919e+00,1.877350974806026352e+04,8.432621373100060436e-02,6.332404108644000829e+00
2.728150113004999877e+00,2.663102754741999867e+00,7.095024020679999710e-01,2.323146860237026340e+04,2.985683142437445259e-02,1.274107706114868011e+00
1.934061294809999998e-01,3.505195678343000054e+00,2.479233213122999935e+00,9.718022905560573008e+02,8.137559942965696957e-02,7.900728450122928015e-01
2.048897973278999807e+00,5.611746514288999954e+00,2.361876073196000014e+00,1.640931627939743703e+04,5.243136672344045346e-01,9.166560414679257747e+02
5.939349333979999646e-01,5.952080031018000206e+00,2.362248781459999947e+00,3.584111310757530191e+03,4.544860843353543123e-02,5.397483585125526062e+00
2.534779232418999939e+00,3.425286251133000004e+00,2.703639393675000058e+00,2.125597681510829352e+04,3.815438339056120842e-02,1.518196688767124325e+00
1.324938691153999981e+00,4.034029526744999927e+00,1.125022076800000104e+00,9.603393882185013354e+03,6.203206668028434607e-04,1.704479210443140083e-04
2.356345754689999905e-01,5.884631883158999877e+00,2.017576505058999992e+00,1.212768462728862005e+03,1.255574204207111216e-02,3.772914530436270730e-02
2.206995153773999796e+00,2.852519377780000087e-01,2.331143107953999927e+00,1.796615834502352664e+04,1.233344994862065475e-01,8.687560415622096244e+00
1.277408570601999971e+00,4.153989533603000162e+00,1.299735129337000084e+00,9.179854831683824159e+03,2.601936611280637225e-03,3.070601486851453135e-02
2.132234183007999828e+00,1.772141491926999990e+00,6.429188679899999759e-01,1.722734295095830385e+04,5.558508845534771738e-03,2.204803898680310348e-02
2.134793326061999785e+00,5.979306393423000188e+00,4.708792794030000062e-01,1.725255708459117523e+04,2.534167201191136597e-03,3.390797736957180258e-02
2.138628126031000054e+00,5.048540948702999742e+00,5.238694985409999560e-01,1.729034997271516841e+04,4.768231244316571693e-03,4.133221561561781915e-02
2.349704896027000167e+00,6.012456244690000062e+00,1.740760660077999900e+00,1.938875940108867508e+04,9.186717295140111846e-04,6.123528548903305231e-03
7.122138840489999900e-01,3.408921084010000158e+00,4.893408446729999861e-01,4.470501262362707166e+03,2.322205075057668777e-03,5.276610796107975704e-03
1.481897500949000079e+00,1.553403019134999896e+00,2.266810904286999939e+00,1.102556771003489484e+04,3.186053145364245998e-01,6.075845204353418794e+00
2.126507891535999839e+00,1.680436053895000059e+00,1.252610472690000032e-01,1.717094416337344592e+04,5.064168817408143397e-01,1.428623833243130719e+02
1.435010857611999979e+00,4.573187719780000271e-01,5.022578880529999790e-01,1.059712414508858274e+04,1.602112183685213732e-04,1.693715229502700198e-03
2.117181216709000058e+00,5.859375040439999793e+00,8.687632031740000205e-01,1.707914393644089796e+04,4.382876739913533180e-03,6.202200363091821961e-02
2.624538018122999805e+00,1.727287652555999919e+00,1.586490618880000092e+00,2.216997914589015636e+04,5.994667981350651313e-03,1.741336889015481990e-02
2.187352539141000030e+00,3.902784098736999940e+00,1.529121226795000066e+00,1.777160057551858699e+04,1.510011121074486887e-02,4.786635597057560254e-01
2.369950414739999900e+00,4.045574323661999649e+00,1.573438644117000074e+00,1.959182585645213840e+04,1.495759245041532182e-01,7.142189857455745639e+00
2.080644946756999847e+00,1.605567558366000069e+00,1.324107217926000057e+00,1.672023866256552719e+04,9.763281874244097644e-03,2.094402334828240897e-01
2.184214789822000125e+00,1.991903903566000000e+00,5.929556246630000027e-01,1.774055044062927846e+04,2.313289579833947840e-02,9.138726610738697742e-01
2.506749946754999847e+00,1.146029937455999903e+00,2.346096319437999789e+00,2.097165539994926803e+04,7.874914750755388632e-03,1.883653549717088094e-01
2.452228845751999842e+00,3.348455118762999838e+00,2.039848778247999928e+00,2.042014827474067351e+04,3.396084515044314224e-03,2.290031699791994849e-02
1.740927728363999893e+00,6.233848972681999889e+00,2.029535552366999784e+00,1.344213870553479501e+04,1.138859265392718201e-01,8.958910453038836375e-01
3.744183207999999922e-03,4.165393974326000226e+00,1.137216236625999910e+00,1.656678468882201827e+01,3.500522762726287346e-03,4.888135519975307652e-02
1.753557092069000012e+00,4.653702358901999681e+00,5.558972699240000148e-01,1.356193950635546571e+04,3.030640542923154161e-03,3.502541451936796307e-02
