1.349498231075000110e+00,3.846794838331000221e+00,1.490173723030000064e+00,9.823590626424389484e+03,1.215682000506763116e-01,1.434737716049833693e+02
9.108272749399999590e-02,4.866216101022000196e+00,2.157329880943999800e+00,4.291475605227941514e+02,6.392580045849515225e-01,1.163352855774808745e+02
9.680543086280000153e-01,2.442072899949999931e-01,1.320526755716000089e+00,6.518138062287036519e+03,5.818623882454594665e-02,3.698711810399191613e+00
2.089475457577000039e+00,3.291808318810999889e+00,1.125618606288999901e+00,1.680687825779010745e+04,1.652911949549028996e-03,2.998053059359570300e-03
2.880971156515999887e+00,2.619940071460000186e-01,1.197780864464000006e+00,2.480898157661633013e+04,1.363119514504477743e-03,3.356651563518777207e-03
2.153455197586000125e+00,4.084956951090999766e+00,2.518729901182000130e+00,1.743658963441870219e+04,2.839696934771572881e-02,9.890298343196544550e+00
8.351287043859999537e-01,3.441099625895000180e+00,1.659662421833999923e+00,5.434030852765529744e+03,5.324618760845463428e-02,7.577436937353793667e+01
1.647845644587000002e+00,7.012302595649999581e-01,2.030071476209000192e+00,1.256460785798189499e+04,2.382055908505602837e-01,5.899206108987181807e+01
2.664294289473000177e+00,5.153777965789999804e+00,7.404086220279999520e-01,2.257647933778644438e+04,1.079635689579090674e-01,7.762790864864221874e+01
1.466121995878999940e+00,3.894007436777000120e+00,2.502978461094000018e+00,1.088108330639374799e+04,1.019908240137642474e-01,1.039682829885473581e+01
6.387767679179999769e-01,3.453861018978999997e+00,5.040630433330000049e-01,3.915073622414268812e+03,1.456119108381028968e-02,1.051825000071683336e+00
1.740773722671999924e+00,5.468515288608999825e+00,1.947452249521999912e+00,1.344067888715188565e+04,1.657916689369776791e-02,1.514885784802252056e-01
9.412145299080000305e-01,6.158245496740000213e-01,1.867455787194999939e+00,6.296006742409250364e+03,1.564924704504780341e-03,4.113897601059105197e-04
3.923198316090000248e-01,2.354004663606999781e+00,1.540640861486000102e+00,2.183699169624063416e+03,1.793990223119874272e-01,2.191519942202151583e+01
2.234961890494000070e+00,1.114519061770999908e+00,3.343959867919999995e-01,1.824369864334504018e+04,1.354566424792261886e-02,2.299667745794872487e-01
1.587725414477000108e+00,2.180661985966999783e+00,1.698015376327999926e+00,1.200312629002737049e+04,1.656462387578849478e-03,1.949309037857382271e-02
2.879460176773000146e+00,5.910737465316000083e+00,9.039768393379999933e-01,2.479331766059503934e+04,1.946916349055406725e-02,3.697800966780587562e+00
2.200678742476999794e+00,5.710438065280000197e-01,1.168007783713999936e+00,1.790356111568628694e+04,3.838999104977035368e-03,1.531249338145006592e-02
2.583918654871999898e+00,3.256100182980000146e-01,1.683313458997000023e+00,2.175570248335818178e+04,3.891539061691083878e-01,8.724583319235016177e+00
2.075625574140000040e+00,6.037385831870000219e-01,1.230030460534000003e+00,1.667102166749882599e+04,1.298457911613416782e-02,1.918318014428829488e-01
2.940162510131000051e+00,3.677949834434000032e+00,2.118698613012000020e+00,2.542361676664674815e+04,2.475337239961125993e-02,2.274587876872106396e+00
5.983198152980000462e-01,6.614132395670000442e-01,1.858468047758000008e+00,3.616187861269905625e+03,4.035007197880236679e-03,6.785791362399863635e-02
2.989365879481999944e+00,6.013389150654999682e+00,1.573095061322999921e+00,2.593601988312588219e+04,7.361907733486227484e-03,1.387895377078991466e-01
1.777749950078999941e+00,1.186704358143999993e+00,1.007763178887999933e+00,1.379190727768192119e+04,3.350339973254108650e-02,1.790460420298812361e+00
2.658686353151999970e+00,4.924048787284999840e+00,2.591503034601999822e+00,2.251907851830141590e+04,5.828938906033204886e-02,1.047964222879795626e+00
1.143524267444999909e+00,3.773419765517000091e+00,2.818684463487000080e+00,8.006513634047728374e+03,7.029226141199049161e-04,5.631748008550988699e-03
5.362618258619999967e-01,2.008922824508999838e+00,8.976936076599999481e-01,3.168251792503283014e+03,7.131982934712528810e-02,4.073731134358425976e+01
2.110930803455000060e+00,1.044629459699999985e-01,4.723270271269999765e-01,1.701766376117949039e+04,1.216749368433565166e-03,6.407731499864133436e-03
7.236761234230000284e-01,3.564522684825000010e+00,1.854397772058999916e+00,4.558620020820369064e+03,6.173058664575180841e-03,1.562071156147042672e-01
9.786264794160000058e-01,3.652467785912000053e+00,2.568205827148000164e+00,6.606061630338593204e+03,2.090274970818889726e-03,1.551176308532715249e-03
2.742413380786000054e+00,3.771937992068000067e+00,2.044026582068999787e+00,2.337811449478198119e+04,6.269216860274458292e-02,9.354375591468471196e-01
1.393256682042000039e+00,5.166514435460999977e+00,2.229069703675000014e+00,1.021812062267204419e+04,4.074468563262353404e-01,1.489476465297295817e+02
1.488241977891000101e+00,1.666004432145999914e+00,1.722599944653999904e+00,1.108376838839578886e+04,2.327025254780687100e-02,1.401659233889950729e+00
1.788980814445999989e+00,6.075865715795999655e+00,8.205209785749999485e-01,1.389887401266864254e+04,7.947277205271047326e-04,2.755799173580710752e-03
2.554708416129999882e-01,2.105916405127000068e+00,1.404927194694000070e+00,1.329167779778112390e+03,1.327242211478542877e-01,2.098470241586004761e+02
1.256353117213999893e+00,5.451116134210000075e-01,2.284803642747999852e+00,8.993360893695235063e+03,3.882425336768466524e-03,1.178150942616383590e-02
2.628431525686000025e+00,5.148704595853000221e+00,1.263361334429999872e-01,2.220974499193997326e+04,1.143729629223372421e-03,1.312296231968438070e-03
2.606351376216999860e+00,4.941443212519999739e-01,1.356898504246000003e+00,2.198436142068702611e+04,1.010213281898407651e-03,1.610396601773963392e-03
2.722111698425000004e+00,3.856218494438000022e+00,1.519734500131000088e+00,2.316942284585217567e+04,6.653093298672976830e-02,8.997529192405348653e+00
8.408845024419999703e-01,3.298179707770000135e+00,2.790604634676999929e+00,5.480111313682097716e+03,1.337128091675829616e-03,1.139094416261571957e-02
2.484533840545999794e+00,6.109322427743999917e+00,1.041147998108000072e+00,2.074668111922483149e+04,7.864280523653242871e-02,2.194429834089376641e+01
6.018569271570000101e-01,3.191536281818999843e+00,1.575312268206999988e+00,3.642108734242069659e+03,3.611683109569050476e-01,2.306436081297100884e+02
2.740083985476999828e+00,9.290333706309999995e-01,2.586231840402000159e+00,2.335415666931150190e+04,2.140540067522134389e-03,2.792829646050251635e-03
1.006599389619999979e-01,4.526715141007000121e+00,1.037700400257000055e+00,4.773265559276557610e+02,8.785797477233486157e-04,9.359028979939794379e-03
2.794481113557000018e+00,5.775233099100000267e+00,1.274055345872999956e+00,2.391448382853011208e+04,1.314058725557923704e-02,1.273683706839722873e+00
7.520971225150000494e-01,3.298577880483999802e+00,9.743152852649999973e-01,4.778701514118274645e+03,4.286590513390444585e-03,2.881324322793134621e-02
1.767457121514999896e+00,6.366962174889999604e-01,1.109143214810000000e+00,1.369399159812282051e+04,1.340572785356209003e-02,7.034480643989021731e-01
2.320023851508000057e+00,2.617057385643000167e+00,1.483845455713999950e+00,1.909160218459683892e+04,2.111940216070186047e-02,6.508145396057152254e-01
5.230027588590000498e-01,1.147417399292000040e+00,1.960855959869999943e+00,3.074281267462031337e+03,5.780512143472758650e-03,4.346043383551110445e-02
3.525570139149999949e-01,4.540593604817999562e+00,1.952074902114000032e+00,1.926579086871916388e+03,2.291793011896609082e-05,1.467812213976942786e-05
2.223521407459999877e-01,5.318540601922999933e+00,1.561527014811000091e+00,1.135959878663948302e+03,2.490914014704645701e-04,1.600596932446959897e-04
1.114663406200000068e-01,3.429292902678000132e+00,1.635503119708999975e+00,5.323578206275150251e+02,9.982214778788867267e-04,1.349742271297738906e-04
1.185292976721000091e+00,4.925582763809999598e+00,5.284419726350000346e-01,8.369310240765118579e+03,8.134793310137369837e-02,8.787104722702329340e+00
2.650133510549999905e+00,4.995317132277000027e+00,1.763796358118000063e+00,2.243157296198042968e+04,5.101674837951100487e-03,3.207727131727815262e-02
3.575819824540000247e-01,1.197028912636000086e+00,1.312909930275000026e+00,1.958690063823975152e+03,3.741088697169128469e-03,1.057612022758557674e-02
