9.351091373900000114e-01,4.890721350527999611e+00,1.927919693805000056e+00,6.245697439899192432e+03,7.093840844766067244e-01,2.418301209614474203e+02
1.884144115500000050e+00,2.059606054444000023e+00,1.284324026918000072e+00,1.481044201654623612e+04,5.752676166241800677e-03,5.859648995902437540e-02
1.701367457314999942e+00,3.796231628499999733e-01,3.345695827610000173e-01,1.306799987287857948e+04,1.427312825158673359e-02,5.774281928350469828e-01
1.550427610724999905e+00,5.177945882829000368e+00,3.056659179091000045e+00,1.165698494203833070e+04,1.186478659977771299e-01,1.023288412646376955e+01
2.435954332981999926e+00,4.462413759333999863e+00,1.527305005017999928e+00,2.025592477213863822e+04,5.765441510800255881e-02,7.652863820931749217e+00
2.837269886815000142e+00,1.241813295275999929e+00,1.412033844747000000e+00,2.435647103367869568e+04,3.257728945361976214e-02,2.279043862123740105e+00
1.411965048938000011e+00,6.185665891953999740e+00,2.344398497134999815e+00,1.038763509564169181e+04,2.177993719120999497e-02,9.216158401879502859e-01
2.913152254224999904e+00,1.003446399425999891e+00,8.406767701630000200e-01,2.514290163083109655e+04,5.979814105201120000e-02,8.905837870116441124e+00
2.482439298266000183e+00,4.521405696779000394e+00,2.548002979780000121e+00,2.072548794741175516e+04,3.313365073087382734e-02,2.622893026912830550e+00
3.364188925109999895e-01,2.844520403648000073e+00,2.523411244429000000e+00,1.824217442007715590e+03,2.176934081139485222e-02,9.205784591593001165e-02
5.140063754639999649e-01,5.442378920847000145e+00,2.221531622061999833e+00,3.010881394448643277e+03,3.354996565580158768e-02,2.245539371432423437e+00
6.884843256400000056e-02,2.682408788840000002e-01,2.723818450112999834e+00,3.194789381374040431e+02,4.073038153041615150e-02,8.440620947505161897e-01
4.252515062169999749e-01,6.001216132154000071e+00,5.759850180619999760e-01,2.401741991174170835e+03,3.280954014368523287e-04,2.439712917716778623e-04
5.081885315949999926e-01,4.414928019070999632e+00,5.476310759189999544e-01,2.970038256880682184e+03,7.916178255901119565e-01,3.378727011017309110e+02
2.883020001039999780e+00,5.757521997500999689e+00,1.919630579237999957e+00,2.483022346739575005e+04,7.398757352384837185e-03,2.836012013921494490e-01
1.226330871387000032e+00,4.028078215416000418e+00,9.485275787250000423e-01,8.728682578220985306e+03,5.540267621227627911e-04,2.382439108889270948e-03
2.534050884406000126e+00,1.067655523705999920e+00,2.003619961086999801e+00,2.124858194258081130e+04,2.384303408803638558e-01,4.272870830605268111e+02
1.414349755366000050e+00,5.576414986972999976e+00,1.683339081656999969e+00,1.040927807244985888e+04,1.280186059940116410e-02,1.078959504119381796e+00
1.058416085309999977e+00,3.674038581945000104e+00,8.765430238860000278e-01,7.277088792694858057e+03,3.598464027606528698e-02,3.791468688876677540e+00
