4.146637570150000229e-01,5.463456255737000333e+00,2.290257263306000102e+00,2.331149322569851847e+03,2.228776635918852591e-04,1.189919002030497518e-03
6.455126763149999780e-01,1.601802053532999981e+00,1.819655665950999923e+00,3.965340019707381543e+03,9.134182687073885698e-02,2.154610195604244893e+01
1.989042246259999924e-01,1.134611232030000028e-01,3.869983970850000010e-01,1.002637188772672857e+03,6.449453618164859847e-01,3.340774709481577247e+02
1.060911870033000026e+00,8.302754952219999485e-01,1.962934848014000089e+00,7.298283868863348289e+03,3.298884057720393587e-02,4.292774550767384234e+00
2.922151232990000125e+00,8.757039181210000134e-01,1.611122368436000096e+00,2.523638193796488486e+04,8.478999374746887252e-03,2.709427587918261313e-02
5.624277647750000053e-01,6.256026679968000437e+00,1.255344481969999926e+00,3.355514172004508509e+03,1.308127718725684945e-03,1.073161161475259156e-03
1.611317505679999984e-01,1.405657699322000020e+00,1.062687806226999987e+00,7.941496558669462047e+02,2.156900346095878274e-01,6.571642502922063045e+01
1.428353397106000067e+00,4.748885275129999806e-01,3.010536127877000201e+00,1.053653145668337129e+04,1.129541241785943506e-01,1.605256003309137114e+01
2.471723731687999859e+00,1.020446940952000059e+00,1.944537420018999985e+00,2.061711222382950655e+04,9.384344951313532482e-03,1.246133041156320537e-01
2.341051369736999899e+00,4.495407534385000403e+00,2.181284927235000115e+00,1.930205522161889530e+04,6.126687697013499887e-04,1.590731488048710996e-03
