2.394847159894000210e+00,5.100836122290999697e+00,8.083823691329999894e-01,1.984195606390242756e+04,2.346686357560017356e-03,1.171324252168807339e-02
5.946205019350000454e-01,3.928081291359000193e+00,9.712837836609999886e-01,3.589122248788216893e+03,6.576967306688263903e-01,2.282240955223384447e+02
2.948308045540000144e-01,9.090895955819999763e-01,1.575217048557999933e+00,1.565955718975571699e+03,5.380171701983210708e-01,2.500908958171211793e+02
2.433244756846999923e+00,3.087032691865999823e+00,2.731348673760999990e+00,2.022860100668395171e+04,4.211529004879491916e-02,2.073972515341754086e+00
2.654705583195000163e+00,5.117312425019999722e+00,9.424631068640000331e-01,2.247834483916174577e+04,1.419764493831116026e-02,1.217678981499257018e+00
2.216015507682000063e+00,5.202226176811000080e+00,1.803902757119999922e+00,1.805560777510820481e+04,5.001988255789724391e-01,8.481659595867405415e+02
1.914495048820999967e+00,4.127571018560000082e-01,1.660555410481999949e+00,1.510306925962738933e+04,3.267389308851606500e-03,5.197993575931673937e-02
5.093369476550000385e-01,1.969558678317000044e+00,1.396848495368999910e+00,2.978090700095098782e+03,1.794554131757294391e-01,1.857436028586557484e+02
2.047462527708999946e+00,3.437659796134000079e+00,2.445251561100000026e-01,1.639527873357627323e+04,1.186785875363988718e-01,1.594079781637393367e+01
2.219246914589999786e+00,2.440413234959999955e-01,2.664473721504999837e+00,1.808766750689248875e+04,2.259160244756881503e-03,8.971425612306165726e-03
2.170761347656000151e+00,3.102311263052000001e+00,1.928979124315999938e+00,1.760751048927240845e+04,1.657669954855438060e-03,1.454992353040030113e-02
4.953546152869999775e-01,4.746368739660000280e+00,1.102118581604000003e+00,2.880380386959737280e+03,4.278563817457932128e-01,4.719233991220558551e+02
2.230427557281000173e+00,2.598151654840000213e-01,1.992878097438000040e+00,1.819865799145069832e+04,2.463708534531809935e-01,1.421877079046475423e+01
2.829786245221999952e+00,3.823574375175999851e+00,1.155546791137000096e+00,2.427909133156918688e+04,2.726966886115851987e-02,3.485705598714464948e+00
2.576450488759999824e-01,2.529151176935999779e+00,5.486523273440000459e-01,1.342047493350607965e+03,1.522397807287892933e-04,2.142746766916409020e-04
6.336825152439999886e-01,4.085078336529000431e+00,2.930327595166000165e+00,3.877152036156705435e+03,8.694674543351777309e-04,4.797463885924902090e-03
2.846373610051000203e+00,1.677956659069000045e+00,1.266962247736000080e+00,2.445064597833948210e+04,6.795761523239045830e-03,9.254281077741743911e-01
1.359894074550999976e+00,6.145430860894999903e+00,1.930605271242999965e+00,9.917067931706851596e+03,1.826014825299177784e-04,1.027573776714722672e-04
1.064757946035999936e+00,5.697048040231999622e+00,1.161092393399000056e+00,7.330969797513062076e+03,5.997273532482497727e-01,2.796140202649385742e+02
1.281196795422999912e+00,1.820955280143000010e+00,9.384585954680000341e-01,9.213482826163122809e+03,5.320447587861826776e-03,3.875161698463051169e-02
8.627100371539999646e-01,3.826099494195999817e+00,1.939776460218000098e+00,5.655581837500679285e+03,2.705535967891233538e-03,2.018277213621193569e-02
2.627638566434999934e+00,3.167920763725999844e+00,1.212563473680000059e-01,2.220164541461235058e+04,3.793075120638803727e-02,1.690745996184973565e+00
6.157276873279999840e-01,1.786620413355999970e+00,2.707339816580000003e-01,3.744149973788485113e+03,2.350872849699428280e-01,4.320301983155192715e+01
2.248424863959999909e-01,1.339916466705000087e+00,2.686944544529000112e+00,1.150290760779148513e+03,5.402696277577032774e-02,4.787666843527826899e+00
5.749107569729999812e-01,1.119008443295000044e+00,2.892004811380000096e-01,3.445683411137243183e+03,7.090745105424203732e-04,2.079377975350858113e-03
2.407690886090999793e+00,1.830547361310000121e-01,2.254030266203999933e+00,1.997116861559387689e+04,2.996245122841698864e-03,3.776667215366723285e-02
2.816038185375000058e+00,1.446934844522999919e+00,1.110102583411000099e+00,2.413702365692467720e+04,3.051702975136437457e-02,1.168350518859568332e+01
1.041602121311000051e+00,8.990346764240000343e-01,1.833418908532000069e+00,7.134616799644646562e+03,5.505593775987164531e-04,8.075690070750920916e-04
2.552050578519999835e+00,3.319911836638000047e+00,2.277273043572999978e+00,2.143143582174885159e+04,7.255005872480184588e-04,1.958680265631685237e-04
1.502694189300000094e-01,5.991937168564000160e+00,1.389024696676000037e+00,7.356721510501092780e+02,5.708112727826982922e-04,1.657813870261925192e-03
3.392487374739999728e-01,3.960110138206000219e+00,1.731079920545000039e+00,1.842081651055706516e+03,1.165946068634117830e-02,1.114876201147038497e-02
1.235323558204000083e+00,4.185724454025000263e+00,1.591579618798999896e+00,8.807808225414839399e+03,2.655818335042093681e-04,1.705157319878213115e-04
2.599806923260000180e-01,2.926073020197000218e+00,1.741535954738999914e+00,1.355909998214739744e+03,1.649572025329730240e-01,5.469876666564041443e+02
7.853528765499999398e-02,4.303767669494999559e+00,1.584415106335999912e+00,3.668801495972511475e+02,7.608214609381792892e-02,1.272238330827172526e+00
8.474104105909999740e-01,3.238921296522999871e+00,1.429893457316999905e+00,5.532455908697623272e+03,6.289266197275636405e-02,1.487362382548659312e+01
6.217022085400000092e-02,2.618263580442000027e+00,7.304590323480000258e-01,2.871440204227377535e+02,1.091320428256210314e-04,1.339997363997443201e-05
1.773411423104999995e+00,3.569317065099999908e+00,5.832852720910000066e-01,1.375062119221738976e+04,1.317431151288521174e-01,8.775666275121143656e+01
2.552464914696999987e+00,4.559661383205999563e+00,1.996789593913000038e+00,2.143564749462838154e+04,2.035224655820449813e-01,7.574892208792073234e+01
2.752165199351999991e+00,2.050803209760000134e-01,1.483495478093000086e+00,2.347844763430543389e+04,8.310774029165951537e-01,6.565277100332974669e+02
1.653900403611000103e+00,1.900685622566000044e+00,3.014324407160000052e-01,1.262139078882112335e+04,1.717089741806541725e-01,5.618038418296552550e+01
2.071648704023000054e+00,1.798959750792999968e+00,3.064338271196000107e+00,1.663204234705190902e+04,4.771025765919810133e-03,3.923968495342042284e-02
2.797314702452999846e+00,6.164750031022999899e+00,1.838149502153999970e+00,2.394372012344232644e+04,2.266189591698736239e-02,2.808588027680693600e+00
2.020691269204000218e+00,6.064544921688000301e+00,1.116646803375999975e+00,1.613381155897569079e+04,9.219679174816787504e-03,9.115389153112206377e-02
6.938452031680000243e-01,7.205631963940000162e-01,1.054857336151999947e+00,4.330073084320051748e+03,1.060058018096280280e-01,2.187540137798704976e+01
2.200343439800000134e+00,5.889989661629000395e+00,1.561047604646000009e+00,1.790023907819403394e+04,3.080435403019795345e-03,3.625332814249946495e-02
2.650948162595999857e+00,3.401362632659000074e+00,1.703691371798000009e+00,2.243990580671826319e+04,9.693598643882242114e-03,2.391315909747236956e-01
2.709021296007000146e+00,5.021056870239999803e+00,7.629342473079999687e-01,2.303499348943544464e+04,8.263567546939554198e-02,4.618605667274321291e+01
2.534908044113000081e+00,2.023947630254999908e+00,7.649342746089999867e-01,2.125728466938267593e+04,1.958492502568906848e-02,9.459541846571487000e-02
1.357020331975000049e+00,5.351323206838999980e+00,1.243877781531000037e+00,9.891211919476952971e+03,3.208634923892811353e-01,1.533977779338787855e+02
2.162018397095999855e+00,3.608082994799999832e-01,2.129936456688999780e+00,1.752113160177968530e+04,3.025467445951918188e-02,4.560933150564531857e+00
1.283567857214999997e+00,5.747158967522000061e+00,1.548828763304999967e+00,9.234542180743710560e+03,3.842188870727224117e-03,3.971912227595089662e-03
7.967775794000000467e-01,1.428219629773000099e+00,2.830145828522999896e+00,5.129118096999247427e+03,3.663913935875030663e-04,4.568620354304613442e-04
2.554592426067999966e+00,2.191772714473999795e+00,2.156552693551000210e+00,2.145727516770343937e+04,3.289654826875343299e-03,8.836173081493097978e-03
2.353737252905999888e+00,3.133924050606999856e+00,2.809231106343000217e+00,1.942918062882730010e+04,1.424535855828702822e-03,2.552884302724521288e-03
5.339341503050000215e-01,1.958956608148000100e+00,1.240085310749999975e-01,3.151709580186320636e+03,8.167825199491885770e-04,1.919872046134579648e-03
