1.692852939593000094e+00,3.177871106906999810e+00,5.940577200509999933e-01,1.298770082563877804e+04,3.815403984921054634e-03,5.682408881735827311e-02
2.360107442459999927e-01,4.469355337749999713e+00,5.669630000590000218e-01,1.214957078170504928e+03,1.484469479009996144e-02,3.713517478514120895e-02
8.713095201380000043e-01,4.566672404972999644e+00,1.106446204860999982e+00,5.725035041115598688e+03,5.468731017244805870e-02,2.980444098525665275e+00
1.366622930711999917e+00,3.037824267073999884e+00,1.459038824465000106e+00,9.977656980134457626e+03,4.549678591642114522e-01,1.348961472966350073e+02
2.213533438594000202e+00,1.249320521398000094e+00,2.729586487106999915e+00,1.803098809904935842e+04,1.899229052888199154e-01,3.500374732024395197e+00
2.911377817881999785e+00,3.955396491863000019e+00,6.750481850599999722e-01,2.512447436086424204e+04,2.097237111276905458e-02,1.261249731837732924e+00
1.009191239213000024e+00,5.473975426856999782e+00,2.405234706822000135e+00,6.861576359495706129e+03,5.401306164134340726e-01,5.108504633887175146e+02
1.074453897414000103e+00,7.808027154650000190e-01,2.590347572787000008e+00,7.413497898055256883e+03,1.015059814353529155e-02,1.094974071172313712e+00
2.522065209137000164e+00,4.605189293815000084e+00,1.536883215380000056e+00,2.112694340285375074e+04,2.666129530827013316e-02,7.569874907264647623e-01
1.513068175841999929e+00,1.372182267107999953e+00,1.586648983539999946e+00,1.131201632036051524e+04,5.810337855816537500e-01,4.300335564336348284e+02
5.088973994150000069e-01,4.625554419762999636e+00,2.385868286901000168e+00,2.975008112533661915e+03,5.524749997149382974e-01,6.555346047920814101e+01
1.123495221429999941e-01,2.615040539249000151e+00,2.510491778532999874e+00,5.368864793557113444e+02,2.387745278682664174e-01,1.396389189581347345e+01
1.794548416969999893e-01,4.957843786437000411e+00,2.293473721013000066e+00,8.942998717508601203e+02,5.594250562425071190e-03,1.059956316682419131e-01
5.767741632889999970e-01,5.732092604287999826e+00,1.465870299706999891e+00,3.459188811278940648e+03,8.909118379461303250e-03,1.309451100566495496e-01
1.224863152409999961e-01,2.764283358370999810e+00,1.969890273227999922e+00,5.891980378459176109e+02,4.709133206362972612e-02,4.277357522376691312e-01
1.664074077818000097e+00,3.998381275754999908e+00,1.783516866303999970e+00,1.271689710225346425e+04,2.067261241122100510e-03,7.238902930905699931e-03
2.297387108119000043e+00,4.312537575600000395e+00,2.333286599996000188e+00,1.886541521367704263e+04,2.672763527793837190e-01,6.091525480786592794e+01
2.211854424263000052e+00,2.829984254081999939e+00,2.354365209955000093e+00,1.801433672434487744e+04,2.732280766803235061e-01,4.164844964628849233e+00
1.055050232569999968e+00,2.000449943969000000e+00,1.184898358597000101e+00,7.248524034127689447e+03,4.920563207876176709e-02,1.527204325487139469e+00
2.352318918776000078e+00,1.214793642999999923e+00,2.913216910331000165e+00,1.941496156667248943e+04,1.996139235713761603e-02,2.722105742243976945e+00
