2.435304075518000211e+00,5.260019125694999964e+00,7.642626180279999959e-01,2.024936700648299302e+04,1.191010917036095483e-02,1.667441721834609647e-01
2.830259204039000220e+00,4.327569715825999808e+00,1.512932697507999968e+00,2.428398068778720335e+04,6.915645916654296343e-02,5.592030636637677077e+01
2.695110151183000013e+00,8.594983449500000205e-02,2.350603688631000221e+00,2.289225148238312977e+04,6.317041531638210861e-02,5.942446344558923066e+00
2.962157890543999805e+00,1.550281849309000037e+00,2.957036299624999920e+00,2.565251200392120154e+04,4.177909510923482478e-02,2.396805437265211225e+00
2.716550726647000147e+00,4.869232546211000212e+00,1.022259801441999905e+00,2.311230265636577315e+04,2.650934346034843070e-02,1.127846831519394355e+00
2.142167815335000114e+00,4.770102787252000098e+00,6.766893596099999852e-01,1.732524537096897257e+04,1.708155299921761301e-03,1.197502712558933848e-02
1.468343438850000071e+00,1.921193527070000073e-01,2.244097125162999973e+00,1.090140895494773940e+04,2.964745544168289823e-03,6.897782659873287481e-02
2.035945398605000012e+00,5.655381600713999646e+00,1.496783951917999955e+00,1.628271610061921638e+04,1.073280955278923046e-02,8.181322883280105485e-01
1.210953886196000084e+00,3.945753958859999910e-01,2.012162603869999955e-01,8.593692782692271066e+03,4.683214274833686908e-01,6.279762421466814430e+02
2.171194925995000080e+00,5.825533820190999634e+00,2.621275212406000144e+00,1.761179580293187610e+04,3.588462624499456910e-02,5.907384115513309997e-01
1.447702934415000087e+00,3.308565181382999931e+00,1.218568460868999948e+00,1.071280920861609229e+04,7.151821159628814553e-03,1.448943641077945932e+00
3.117061942600000135e-01,1.892635167718000000e+00,9.001918344629999957e-01,1.669775467635053701e+03,6.346662676070079353e-04,5.766301049253453898e-04
1.904430155712999895e+00,1.067735619780999956e+00,4.567420819210000205e-01,1.500593001386375181e+04,7.524192111684536999e-02,2.102147310255230295e+01
