1.017481756860000031e-01,2.403762032197000131e+00,4.247483445529999790e-01,4.828363941161983348e+02,9.492159561300185511e-02,1.073315815695267084e+01
2.214642623982999936e+00,6.131843252677000145e+00,2.289785222115999996e+00,1.804198951565285824e+04,7.228745005394026550e-04,1.076730191575586693e-03
1.509432388313000084e+00,4.923871229599999566e+00,6.735108199620000180e-01,1.127853946382468530e+04,7.518122571602876489e-03,1.825679563817916018e-01
1.947975915121999968e+00,2.762535426982999809e+00,1.660081322716000063e+00,1.542690002267237105e+04,4.135043414582815213e-01,3.678000099744858744e+02
2.955755953471999931e+00,6.282811536910999806e+00,2.383556001695999793e+00,2.558586261288158857e+04,2.746439015186797894e-01,1.814151425801784256e+01
1.496566183651000026e+00,3.207920150260000103e+00,1.611621534261000077e+00,1.116021023616310958e+04,1.416260719343583746e-03,5.819759935649751470e-02
2.929248815939999862e-01,1.689900672235000068e+00,1.230386584741000044e+00,1.554315548339160159e+03,2.758684189433949219e-01,7.398071300094319724e+01
3.872425356090000159e-01,2.844123393637000063e+00,1.730971785054000067e+00,2.150486801299385661e+03,9.595209319154418548e-02,1.153287861109517465e+01
1.749293166935000032e+00,2.372992933587999786e+00,2.154898712070000055e+00,1.352147314138894762e+04,5.204914866409103905e-04,2.977205963649246032e-03
5.582154773220000532e-01,3.635805046760000048e-01,5.553750240899999469e-01,3.325207438688298680e+03,1.569384058051248587e-02,1.004415717491479842e+00
2.943634492720000218e+00,1.296122933513000008e+00,9.418784476370000158e-01,2.545973022742302055e+04,1.890642475905016454e-02,3.163728791888207881e-01
4.779027837000000001e-01,2.664177388779000122e+00,1.121899256500999975e+00,2.759448795321680336e+03,6.168738533509359357e-05,4.266440580154021678e-06
3.801637257399999997e-02,4.996887173011000272e+00,2.537389693065000174e+00,1.725744805606375962e+02,3.429444835530878993e-04,1.088945303211610540e-04
3.177547245540000009e-01,2.228152523791000039e+00,1.396604833218999975e+00,1.707313999656259966e+03,2.773616155458904012e-03,2.872609799642699899e-02
1.162592472335000071e+00,5.873980784786000164e+00,2.115000484639999900e+00,8.171757114175022252e+03,3.535553512196864655e-03,3.195409455259200227e-02
2.661992000334000075e+00,4.134071758111000250e+00,1.168093883325999949e+00,2.255291153422750722e+04,4.560945580971276572e-03,5.394354626780516193e-02
1.698339979279999967e-01,1.410972693164000091e+00,1.740566936855999947e+00,8.414801523995705566e+02,4.658384278408089042e-05,1.584091487998138788e-03
2.122378172469999935e+00,3.741109875809999874e+00,2.132610624728000115e+00,1.713028727852581505e+04,8.154481177713164379e-04,6.962258736838654143e-03
1.076368432518000073e+00,3.194822102933000174e+00,2.017970594878999879e+00,7.429815038919585277e+03,9.807784012401366772e-04,6.039556587886906434e-03
7.438257961080000369e-01,4.604544475576999751e+00,6.871790748330000032e-01,4.714420859771612413e+03,6.235928195957719106e-02,2.743213248204370291e+00
1.072447576665999991e+00,5.913484873654000218e+00,2.099478515764999997e+00,7.396406034349324727e+03,4.263412883778960015e-03,4.505060883052055404e-02
1.827134823790999896e+00,1.953890250539999984e+00,1.145538668506999924e+00,1.426324656216472795e+04,3.981680471309780311e-01,3.507423637590423482e+02
6.537490806100000329e-01,2.139122240105999939e+00,2.385774603079000133e+00,4.026994656654456776e+03,1.267641919157429797e-01,8.476747947995087884e+01
1.794451981851000077e+00,1.312815681765999942e+00,2.000946017417000178e+00,1.395103125228884710e+04,1.369555308780800356e-03,9.125327190939934788e-03
1.985612658685000032e+00,5.258366106249000360e+00,1.436557306752000107e+00,1.579218422894567630e+04,1.792803643925973689e-01,1.411456930394710128e+02
1.283020083352000018e+00,3.705642313443000102e+00,1.848801261873000090e+00,9.229676165188755476e+03,4.393481980703190654e-02,3.133438632107812261e+00
2.674307606280000194e+00,3.607622980108999844e+00,2.891054323154000016e+00,2.267902127486061363e+04,4.261334749171299258e-02,3.624933298255544667e+00
1.276838557030999910e+00,1.480836072917000035e+00,2.086014487934999995e+00,9.174796790929805866e+03,2.306648132434474963e-03,2.061544470502053861e-02
2.666267287274000086e+00,5.792894316019999934e+00,1.604305471892000012e+00,2.259667894702096964e+04,1.143338308104649035e-03,3.077512563557727957e-03
1.862556344684999976e+00,1.032400264954999924e+00,2.093896583925999977e+00,1.460285322114482915e+04,6.422242047065730534e-03,5.067577921630981447e-02
1.102887515383000006e+00,2.586737740099999794e+00,1.959961868785000005e+00,7.656546929863840887e+03,1.163203638175756838e-03,4.108180924215578539e-03
2.121950039091000217e+00,9.596195792380000089e-01,9.142840040680000335e-01,1.712607314804498674e+04,7.468511254818080425e-02,2.675269848878697587e+01
2.879289025793999812e+00,2.044035640414000099e+00,2.637361885644000203e+00,2.479154346697353685e+04,2.539914826212309826e-03,1.101581612076337792e-02
8.631504704250000382e-01,5.830273464223999724e+00,1.721112407226000007e+00,5.659134665616420534e+03,5.771742840446458800e-03,5.764765305692299835e-01
2.914351122602000022e+00,4.966323980553999817e+00,2.465355780829999954e+00,2.515535270981530266e+04,1.969144334327000909e-03,7.374756981829437841e-01
1.643176653265000065e+00,2.916348944600999804e+00,1.878127779543000031e+00,1.252085001230479429e+04,4.418729096981635109e-03,1.110799340876871266e-01
7.623809059849999681e-01,1.708980425520999935e+00,2.550567442824999809e+00,4.858882067094558806e+03,2.247060624703539275e-02,1.566262306813042571e+00
1.448252301137999964e+00,9.313186750699999905e-01,1.543721750310000029e+00,1.071782151002984938e+04,6.828611974755488187e-03,4.075147702054643384e-01
1.991354814097000103e+00,2.703423959653000086e+00,1.798770883513999941e+00,1.584802991838949674e+04,6.871281773148317203e-04,1.077222872792918959e-03
2.787922802434999792e+00,4.268421758654000087e+00,2.534685516825000207e+00,2.384683499098612083e+04,1.933333713690549016e-01,1.563524335574206070e+01
2.833405145042000139e+00,2.504306101226999814e+00,2.806337503660000232e-01,2.431650612953532618e+04,9.487778514685418080e-03,2.904921583159570719e+00
7.098193000670000030e-01,4.889347695408000405e+00,1.036778783884999999e+00,4.452139581689196348e+03,4.470933417123243133e-04,1.718376214622745332e-03
2.484737932800999971e+00,5.517659890127999844e+00,4.253575449170000078e-01,2.074874634412271917e+04,7.824975024817553901e-03,9.322303804128694027e-02
1.110868679156000072e+00,4.534928652467000276e+00,2.523719702030999823e+00,7.725042243476810654e+03,9.596473341436545816e-04,5.451929404608550330e-04
2.894744060598000157e+00,4.428273776600000211e+00,1.911276516755999966e+00,2.495182136458052264e+04,4.519635145637809215e-01,4.049307745507019831e+02
1.714602744560000114e-01,9.575935745329999804e-01,1.680663937255000073e+00,8.503724127286002386e+02,1.030173763402234682e-01,1.205189752570449002e+01
1.041493721137999984e+00,1.936635604606999905e+00,2.742838759970000151e+00,7.133700087079284458e+03,6.518588599516940939e-03,2.312585772183676711e-02
1.260912419644999893e+00,1.073482376839999919e+00,6.397853006839999690e-01,9.033683864336349870e+03,4.073907640009283293e-01,1.674583432828289347e+02
1.627564532507000061e+00,1.907855360331000005e+00,1.611035585336000109e+00,1.237471785600246403e+04,2.703265786539131837e-03,1.583531000199198818e-02
1.900645674513999905e+00,6.102174993178000051e+00,1.142605787589999977e+00,1.496943019333417396e+04,5.417054533249931331e-03,2.497863209650489358e-01
2.311383372999999963e+00,5.525391375136000427e+00,1.894312138457999950e+00,1.900522052727558912e+04,2.029896512976271054e-03,4.473780184553003414e-01
1.461819142553000050e+00,5.874585942229999524e-01,1.323200357945000016e+00,1.084173208161382354e+04,1.317685466975288544e-01,6.227612357202473525e+00
2.401386183115000073e+00,5.905887652068000371e+00,1.275950325908999927e+00,1.990772617485571391e+04,1.717293200688837455e-03,2.844776205196323723e-03
4.226584671360000267e-01,4.985605763196000240e+00,5.171671674090000392e-01,2.384410750881907916e+03,2.504209165244246638e-01,2.384647295849277100e+02
5.399804238630000475e-01,1.639514002712000096e+00,2.377193971792999960e+00,3.194718743556755726e+03,1.931233051990023696e-03,1.321250850808984058e-02
5.127618421059999543e-01,4.400312918178999944e+00,2.281742206790000171e+00,3.002133974888622561e+03,7.218462056603155985e-02,9.223851731812442267e+01
1.520026939182000048e+00,3.037178192914999908e+00,7.518051079969999551e-01,1.137613725665891434e+04,4.157601438553547024e-01,3.244181122934938344e+02
2.027345339347999875e+00,3.990602920111999907e+00,7.822030334939999996e-01,1.619874029454621268e+04,1.965858726723230653e-03,3.123319012678764557e-03
