2.179550065158999850e+00,4.545465466353999950e+00,1.617352969526999917e+00,1.769440465454045625e+04,1.532032937029101372e-02,4.483123186802789872e-01
4.401381519490000227e-01,3.756115682726000049e+00,7.832165593900000111e-01,2.501767665828323970e+03,6.379821156863167697e-02,2.199220961723881018e+01
2.193311056868000097e+00,3.369788812764999975e+00,2.420202400567999845e+00,1.783058607881780335e+04,2.157979585100462411e-03,4.525792027239532167e-02
2.440190818796999839e+00,5.840871253119000350e+00,7.127538351000000105e-01,2.029865651566891029e+04,5.399934627695981426e-01,5.743729228427100679e+02
7.187991624170000371e-01,3.039978668998000177e+00,2.678069129364999856e+00,4.521081606736159301e+03,2.373279300985939311e-01,3.147753399478463265e+01
9.139626423669999777e-01,6.042121124596000037e+00,1.612312114068999991e+00,6.072090405664640457e+03,2.146457108603857351e-04,2.394008669720448465e-04
5.765099549969999737e-01,5.328253348711999848e+00,2.397529553774000011e+00,3.457273197904750305e+03,3.365357754496194499e-03,3.806273660291040889e-02
9.805598786710000292e-01,2.051194971935999867e+00,1.028038667673000006e+00,6.622166455384720393e+03,5.163343318998068338e-02,3.733251510060447420e-01
2.287535775329999854e+00,3.973391026127000014e+00,2.254430525339000013e+00,1.876710204911051551e+04,1.000435074232654264e-01,2.492483573919772322e-02
2.296269654077999878e+00,3.815858327366000058e+00,7.617396161330000082e-01,1.885425965284768245e+04,6.245431560025346482e-03,1.101610664473256888e-02
