2.883880999474000006e+00,5.707135652634000245e+00,5.326021634959999806e-01,2.483915078969844762e+04,2.840348549039623145e-03,2.180828378733742565e-02
1.459266886663000085e+00,4.013785177945999649e+00,8.339642339520000336e-01,1.081840248564889407e+04,4.050925930661421551e-03,2.486107128566158314e-02
2.894748603192999870e+00,2.676253100148000108e+00,1.095880295166999918e+00,2.495186849391304349e+04,3.576848121024714649e-03,5.199835818324648889e-02
6.189181366579999954e-01,4.090535107734999620e+00,3.061508472293000160e+00,3.767708531632524682e+03,5.348503212008187810e-04,6.328807893408432833e-04
2.721995379318999930e+00,4.980075953043000325e+00,1.767984310983000018e+00,2.316822786599273240e+04,2.719545588730328811e-01,1.650812265660433127e+02
5.956894395020000399e-01,3.623966223341999804e+00,2.329711379362000123e+00,3.596938386764800725e+03,3.766881496988913700e-03,1.183701523876971251e+00
1.634843459252999898e+00,5.349030070316000085e+00,1.082089923902000095e+00,1.244281434669137707e+04,6.681649097493577239e-04,5.377979652963732309e-04
2.106023238349999938e-01,2.595955140960000129e-01,1.533838946456000052e+00,1.068785501276236573e+03,3.315980758265989659e-04,2.269151886006025342e-04
4.345438340230000085e-01,4.690056837915999921e+00,2.879194641564000179e+00,2.464073828225124544e+03,3.171839382237810756e-02,2.092499603165641986e+00
2.292034429602999968e+00,1.287789590910999982e+00,2.725937686058999887e+00,1.881198798781145888e+04,8.405467967870039556e-04,4.632529955177423948e-03
2.816020555810000214e+00,5.815109778673999585e+00,2.491520616193999782e+00,2.413684155014557109e+04,6.555078639167541410e-02,1.017760228405590262e+01
2.577903503980000011e+00,5.885328485496000184e+00,2.550679453696000021e+00,2.169444536218368376e+04,1.761680204030618285e-02,2.579732561775103239e-01
