2.689251172590000127e+00,1.057597202238999889e+00,1.393946499102999947e+00,2.283216850626205269e+04,4.952358850621076634e-03,6.103907662483656904e-02
2.271879587632999797e+00,3.792673836790999786e+00,7.343464122499999691e-01,1.861101140939670222e+04,1.051951914706400655e-02,1.783871611172812843e-01
8.971299469410000116e-01,4.596856927197999987e+00,8.996408309179999563e-01,5.934623434073378121e+03,1.926091372918435933e-03,1.559248861727777213e-02
2.413768943743999973e+00,5.611746514288999954e+00,1.928006953949999991e-01,2.003235738633508663e+04,7.158192066787056641e-03,4.445896660054892147e-01
2.940377019472999898e+00,3.060959817347999934e+00,1.039396269874999890e+00,2.542584776920720469e+04,1.392848562939744128e-01,4.935225855442097043e+01
2.623975085481999869e+00,3.381029846070000122e+00,2.163767151971999869e+00,2.216423050975680962e+04,1.969604555354550774e-03,6.503450057273824601e-03
2.614669616180000045e+00,3.315175164439000177e+00,2.096847119037999807e+00,2.206923312146633543e+04,1.201927396719161024e-02,1.652029478389257788e-01
2.116643101289000128e+00,4.713831984957000287e+00,2.512956228056999919e+00,1.707384963597194292e+04,1.904145214168977487e-02,3.375176635070364917e+00
2.554927190632000134e+00,2.213603739667000081e+00,1.379762238999999946e+00,2.146067856276367456e+04,3.152837439560956124e-03,3.567756200139825945e-02
1.937172977037000088e+00,4.169959298184999774e+00,1.333174605795000023e+00,1.532229647776056299e+04,7.536017014809198722e-01,6.771517817078956796e+02
2.154160611790000013e-01,1.097755634866000030e+00,7.876126591409999822e-01,1.096217606322611118e+03,1.162326901342426166e-01,2.840648593146768519e+01
9.199128947960000247e-01,5.341651091844999755e+00,2.059211217119000015e+00,6.120838692287837148e+03,4.457786444759077038e-01,3.613135090347777805e+02
5.223288939100000361e-01,6.960005947420000449e-01,1.819685746995999942e+00,3.069522225504403195e+03,2.299639401580811093e-01,4.268637690194489664e+01
1.406238138033000018e+00,1.296531585367000083e+00,1.113511035277999994e+00,1.033569172144892218e+04,1.082534906027140479e-03,1.247109604596438387e-03
4.284794023010000119e-01,1.965850658530000072e-01,1.908065788904999893e+00,2.423354698137783089e+03,1.225739714334339245e-02,9.515302052702866442e-01
