1.654112351741999998e+00,8.357725613309999746e-01,2.429293646136999829e+00,1.262337925554740104e+04,1.035424430473235423e-02,6.683212097147822606e-01
2.193019206710999924e+00,3.961997937786999824e+00,1.878399805559000102e+00,1.782769628018033836e+04,1.356682677151107869e-03,1.411930825953559062e-03
9.104280706320000416e-01,1.474261216843000044e+00,1.492247707303999915e+00,6.043170965697478096e+03,2.253533765596363867e-04,3.534417089475872333e-04
2.620086971519999808e-01,3.777222696982000194e+00,2.117938260093000125e+00,1.367968781127700140e+03,6.513054279979566550e-04,1.405969676297439677e-03
2.166506009008000166e+00,5.175441882539999483e-01,1.838720669286000087e+00,1.756546061454949449e+04,2.732652374208866062e-03,1.758787936909177521e-02
5.168587198449999809e-01,3.311824061464000213e+00,1.008772122829000084e+00,3.030950858542745664e+03,9.119559185932610626e-03,1.387962908230854220e-01
2.718446821840000194e+00,1.215982507981999916e+00,2.022741177804999957e+00,2.313177649392830062e+04,9.786509083696682057e-03,1.403468351976771555e-01
1.011559684340999965e+00,4.843740643972999749e+00,1.084744978445000063e+00,6.881456846926244907e+03,1.123164057114341141e-02,2.516829733874590413e+00
1.309599100502000013e+00,6.276317244669999962e-01,3.750385063819999809e-01,9.466323049846658250e+03,5.731160634183390945e-02,2.280784288207252430e+00
7.158028391790000056e-01,5.082649356945999841e+00,7.520070900659999724e-01,4.498052072340891755e+03,2.399735397524451475e-01,5.728005720319323757e+01
2.156824034358999942e+00,9.981622566179999545e-01,7.518901870890000172e-01,1.746984195197247755e+04,5.071941382824245561e-04,5.189181347152339169e-04
2.831616284832000119e+00,1.351144953264999948e+00,9.231098110830000536e-01,2.429801064846928421e+04,2.704813343109256293e-02,1.249541281081892885e+00
9.153583742719999528e-01,1.022256693369999914e+00,2.072029047132999846e+00,6.083517937057800737e+03,3.384828930238632208e-04,3.905243935929020890e-04
1.636264596131000060e+00,1.899890719387000049e+00,1.396996094059000049e+00,1.245611675219621975e+04,1.183636549756634376e-02,5.280249933018475034e-02
2.415823598044999798e+00,1.715957694522000088e+00,1.337840430493999921e+00,2.005304789586067636e+04,3.281505778584560551e-02,1.557422980743455643e+00
1.686281018776000007e+00,2.527298102669999769e-01,1.077028193709999915e+00,1.292577768952630504e+04,9.253187450050953666e-02,1.203425935117106427e+01
1.988477453975999953e+00,1.386052556999999973e-03,2.076040318497999859e+00,1.582004219827274937e+04,2.015180843324512316e-03,4.318820018135421240e-03
