4.127484684359999934e-01,2.863275861545000023e+00,6.216632215009999518e-01,2.318428565735750908e+03,1.829991591677982646e-03,2.564370866390898396e+00
1.744986629630000063e+00,1.676006467207000084e+00,2.676870468139000092e+00,1.348062224313233855e+04,9.901091311576336665e-04,8.645524973885843414e-03
2.725425798154000212e+00,4.021254753182000208e+00,1.908716572249000043e+00,2.320347303315586760e+04,1.002342048926351536e-01,9.218608591812359521e+01
1.914081101232999904e+00,5.556647661598000276e+00,1.309125414518000019e+00,1.509907220530401901e+04,4.890646464959521635e-03,7.154203640967168876e-02
1.099695840257000068e+00,2.768890816999999838e-02,7.088056646979999931e-01,7.629188772638150112e+03,6.093669475011082026e-01,4.663819993366868744e+02
4.209631576599999758e-01,8.604036676640000048e-01,1.223103015453000042e+00,2.373094557950723811e+03,1.855913261458248711e-04,6.127505845687033798e-05
2.558466415454000220e+00,1.818833298749999994e+00,5.992870206129999877e-01,2.149666476415294528e+04,2.870456316717519621e-02,3.020290873502363027e+00
1.301173281045999941e+00,2.351378880726000098e+00,1.360773962913000013e+00,9.391185121914053525e+03,2.298325531422306875e-02,7.991078113564299423e-01
2.789160276690000106e+00,2.088934625917000076e+00,8.818765640879999701e-01,2.385959755746848168e+04,9.427491780076995703e-03,2.309969827169795209e-01
5.866007719560000222e-01,4.362397741976000276e+00,2.210753638458999859e+00,3.530601935164412225e+03,2.346437022990626245e-02,9.837333997563600718e+00
