2.733851139058999902e+00,2.336470531009000151e+00,1.149862654417999952e+00,2.329006807926272086e+04,2.490343710872839830e-02,1.154637141664031225e-01
4.550996918019999948e-01,4.312973017455999702e+00,8.506912828099999491e-01,2.603188719578436576e+03,1.794158461090480212e-04,1.360835285406426917e-03
1.707843448580000034e+00,6.189442502730000406e+00,7.741891936179999822e-01,1.312912805045080677e+04,5.725144383936935132e-04,3.136014383597871035e-04
3.052256685210000264e-01,6.422809313259999486e-01,8.236430731770000291e-01,1.629746605223411052e+03,1.525476366088824795e-02,1.184066670102052354e+00
2.239388371513999942e+00,2.792773974009000071e+00,1.625018222455999917e+00,1.828768362475663889e+04,2.495511485533356312e-03,4.600172206861682239e-02
1.017801935702999927e+00,6.190768755088999598e+00,1.903695099884000097e+00,6.933908592340740142e+03,8.211525803583292690e-03,9.024456469138594783e-02
2.223237192880000102e+00,3.806169326763999994e+00,1.156926569344000066e+00,1.812726769568313830e+04,3.998287574466961869e-02,9.376577370317676907e-01
1.772118790006000033e+00,8.298440995410000243e-01,1.764615145253999984e+00,1.373832414796425473e+04,2.644756032732044695e-02,4.008547717284499434e+00
2.142685494435999871e+00,2.512035540913000187e+00,1.129520078507000092e+00,1.733034969393690335e+04,9.383327087722499737e-02,4.697191409181114885e+00
1.978043985960999951e+00,5.991989270904999998e+00,1.639577207736000020e+00,1.571862087673527094e+04,2.582162609619829702e-03,9.205668336560753062e-02
1.057248261275000045e+00,2.878746001875999827e+00,2.568779499785999842e+00,7.267175391869424857e+03,2.740979990090887256e-04,5.441088527767220726e-03
2.535452353580999851e+00,2.232644060084000071e+00,2.535690034592000153e+00,2.126281128957269902e+04,3.755017516538584899e-02,1.084867804362297017e+00
2.943877882163000059e+00,5.822664108718000442e+00,1.107020134019000013e+00,2.546226206764511517e+04,4.799373176420980436e-02,7.306944323519937612e+00
2.590871436223999957e+00,5.686515505302000228e+00,9.644252589630000205e-01,2.182653778153301755e+04,2.040330171781712734e-02,8.727572056770289688e-01
2.102842583555000200e+00,9.668202399030000338e-01,1.884636652119999978e+00,1.693815583760362279e+04,2.387961833835418671e-02,2.386520877450514000e+00
2.052294236040000108e-01,6.231559123369999620e-01,5.631588112450000017e-01,1.038312661666769827e+03,1.554053636033516121e-03,1.234754836075358702e-03
2.059050498906000115e+00,5.837197533150000339e+00,2.816571934365999841e+00,1.650865189363063473e+04,4.872743946954905675e-02,2.726697986261335416e+00
1.261864974467000078e+00,4.174731899799999923e-01,2.312975540444000000e+00,9.042112573782273103e+03,1.694038211298644001e-02,6.850740093971433575e-01
