1.583301894527000098e+00,1.440681444331000094e+00,7.595069920289999610e-01,1.196198462654823743e+04,5.772968723502864830e-01,2.770244501266482189e+02
7.744668764709999875e-01,1.561810727394000065e+00,2.512185829531000003e+00,4.953478035199886108e+03,4.220071396705486755e-02,6.618224936442360651e+00
1.655624368895999954e+00,5.282172430528000007e+00,2.135648387745999965e+00,1.263756628643771364e+04,9.272359256705499375e-02,2.587033274661907800e+00
9.857721892800000441e-02,2.190423882090000163e+00,6.978817090619999775e-01,4.668016280322100329e+02,1.778112409642503865e-05,1.940286255444227898e-07
1.903806622273999993e+00,3.165043342776999946e+00,6.432026410569999797e-01,1.499991532663622274e+04,8.212987376819075314e-02,1.991798099607130723e+01
2.861091431939000174e+00,4.327632623027000136e+00,1.435379578292999891e+00,2.460299820297298356e+04,3.523102525999405321e-02,8.564704005715498836e-01
2.849852388473999909e+00,2.264430431102999908e+00,2.367351669166999795e+00,2.448664543863224389e+04,1.991953146032393249e-02,2.390284975505544640e+00
8.519127739089999984e-01,1.495687680412000065e+00,2.647531735638999795e+00,5.568630319553360096e+03,1.588085833778315192e-01,1.315057369162566303e+01
2.044861212547000040e+00,3.615410763753000190e+00,8.745186408459999505e-01,1.636984452130562022e+04,1.234576707586407252e-03,3.888058988137506073e-03
2.356498240699000046e+00,6.983550859139999734e-01,9.071025195580000311e-01,1.945686430250489502e+04,3.051560622095212836e-04,4.273571937927392967e-04
2.873227697631000055e+00,2.291047625308999969e+00,2.112452829530000020e+00,2.472872100714914995e+04,8.635580638816262380e-03,1.126103654315773195e-01
1.440132913015000016e+00,5.996206026161999603e+00,2.748980493797000157e+00,1.064378386844828310e+04,4.797955773224140547e-03,1.843210470522241018e-01
1.495116188467999985e+00,1.113955857299000041e+00,1.615651316694999950e+00,1.114688828732385809e+04,1.392754255721887283e-02,1.811320159753195380e+00
2.695702545869000044e+00,1.511460723642999993e+00,8.304627247239999566e-01,2.289832759092858760e+04,3.971984280979922941e-03,6.007369330061077539e-01
2.242861622081000039e+00,2.495462088804000000e+00,1.500075414707999988e+00,1.832220736345149999e+04,2.093560526998531138e-02,1.572103898953074730e-01
3.470658776639999887e-01,2.225875636947999947e+00,1.010221059625000084e+00,1.891618021801457417e+03,1.142980041793013185e-02,3.090531145870168417e-01
2.113224880689000162e+00,4.044685038161000001e+00,1.543125206955000106e+00,1.704022486662095980e+04,3.523200023034806037e-03,2.587608116215517687e-02
3.146450449900000113e-01,4.193167359618000134e+00,1.482704297373000024e+00,1.687993249552606585e+03,8.120146760153425626e-04,5.804897143383549660e-03
4.459064431020000052e-01,9.163026878029999489e-01,2.772561254673000075e+00,2.540764644611035692e+03,1.746191639373447543e-04,3.738343251149203088e-04
6.788882915709999466e-01,2.891244606537000106e+00,1.606202434302999915e+00,4.216455183153876533e+03,7.463204694319585525e-04,1.005557601790132939e-03
6.790021827890000417e-01,4.410469803309999826e-01,2.144674076878999802e+00,4.217317840784834516e+03,8.039671483598267304e-03,4.250670039917370246e-01
