1.154819486565999975e+00,3.940255566558000133e+00,1.431896088705000070e+00,8.104319223286715896e+03,3.025856351045770262e-02,1.705339586797212448e+01
2.688158137918000179e+00,2.760170596423999978e+00,1.389475475395000048e+00,2.282096195693516347e+04,4.296940502648346344e-02,1.038205079411864906e+00
7.040822503070000016e-01,3.031251563182999931e+00,2.406553526540999854e+00,4.408214830649169016e+03,3.913360718981815922e-01,3.849006016246606805e+02
2.998386842940000130e-01,3.055231548161000177e+00,2.653088614711000215e+00,1.596623624873946937e+03,2.186772015738001201e-03,4.358721458737126186e-02
2.881265881111000127e+00,4.424752977129999820e-01,1.297354107554000047e+00,2.481203705791207904e+04,5.116007410705016717e-02,1.226267822656119444e+00
2.636675446069999817e-01,5.485009932638999608e+00,1.304876200712999923e+00,1.377847792206659278e+03,1.431331350977874464e-03,9.750907893215941813e-03
6.284151913999999617e-02,6.246466305352000425e+00,3.038527306514000159e+00,2.903815819713107658e+02,1.105132650617584623e-02,5.886451654652181675e-01
3.215042614659999742e-01,6.800613730140000479e-01,6.469955389339999696e-01,1.730670178169531027e+03,2.997715044149422154e-03,1.215156677001404534e-01
2.286275724529000186e+00,5.577588658095000262e+00,6.828940955150000214e-01,1.875453249744833738e+04,3.275589300693600419e-03,2.976915443005584971e-01
2.438622647750000039e-01,1.724437090821999918e+00,2.601811716142000019e+00,1.260804803517124355e+03,3.360341023651186587e-02,1.552325467219894117e-01
1.472710242913999990e+00,1.273114590519000000e+00,1.224650253564999902e+00,1.094138333960565615e+04,1.268562980332935408e-01,2.316097536191714568e+01
2.194036847939999924e-01,3.074990955169000006e+00,2.135349206077000073e+00,1.119034863704144072e+03,2.433942891138478892e-01,9.610332368849522027e+02
2.108631003610999866e+00,5.093748375566000242e+00,2.473705407264000122e+00,1.699505086111895434e+04,4.140201106613721205e-01,1.635307252052477978e+01
2.247861349217000093e+00,3.314856464032999828e+00,1.790631302753999954e+00,1.837192075182282133e+04,1.071536864438941104e-03,3.692343313976556834e-03
3.559040333699999697e-02,5.032116353600000341e-02,9.516278258670000101e-01,1.612759662156024376e+02,2.655553486893011961e-01,3.340323285724026618e+02
2.353451033888000143e+00,4.959091648189999924e-01,1.928975854818999913e+00,1.942631111050464824e+04,2.040572716031996414e-02,5.789122205930939957e-01
2.308718981007999993e+00,2.010684543651000133e+00,1.945771124258000029e+00,1.897859511123719494e+04,2.482987986818515069e-01,6.709118879386216427e+00
6.281909878539999603e-01,6.990234554709999770e-01,3.074047988321999991e+00,3.836364481222718496e+03,1.041272205826357085e-04,4.247610935191517404e-04
