2.368665032042000185e+00,3.386077006570999970e+00,1.828478065766999894e+00,1.957892426463796073e+04,9.212343332913124593e-04,8.257643464059087612e-02
1.072458342780999940e+00,5.017945012011000294e+00,1.524238470036000104e+00,7.396497730341997340e+03,1.616504722199980752e-04,6.162693114501362885e-05
1.216004308812999923e+00,5.104811010799999854e-02,1.234823421426000101e+00,8.637985393213361021e+03,2.578777734730598459e-01,1.149158733968595669e+02
2.544918928142999803e+00,4.233630581401000015e+00,1.527202113501999969e+00,2.135896146413403039e+04,1.298438662775870276e-03,1.015679496110207490e-02
2.303323805764000198e+00,1.255733809937999990e+00,1.358995963057000100e+00,1.892469729549588374e+04,2.062157205040366162e-02,5.900774888996723755e-01
2.905885734693999911e+00,8.552963414309999735e-01,1.435907227720000012e+00,2.506745107371760605e+04,1.183885668787540424e-02,2.639557703526644872e-01
1.198142634207000068e+00,4.682973071109999830e-01,6.435741588879999586e-01,8.481529582762543214e+03,2.115823973910646583e-02,1.087141525593891211e+00
4.503781601810000201e-01,1.334848833411000024e+00,9.605815884739999921e-01,2.571086900545818935e+03,2.343738219369846665e-02,7.360900367356161489e+00
1.874992204603999957e+00,4.489744868022000013e+00,3.762578825189999976e-01,1.472238070810925092e+04,6.962885725280980598e-01,4.050731398830121748e+02
2.686994521836000072e+00,2.651710052034999876e+00,2.170077140784000047e+00,2.280903257560576822e+04,2.957432620193659600e-01,2.242755737632421358e+02
1.097696730453000091e+00,1.339139673932000063e+00,2.572951776668999990e+00,7.612062654938790729e+03,1.710729526779665053e-03,5.678590014059985841e-02
2.366782579341999870e+00,1.094201148605999929e+00,2.405843835043000034e+00,1.956003197023497341e+04,3.186160259236946093e-03,2.082279170062619183e-03
5.553170005519999508e-01,1.964034997121999915e+00,2.694815045373000206e+00,3.304388865663976958e+03,1.089723211633104611e-03,2.823521919056163915e-03
3.446418772070000136e-01,8.183959733729999630e-01,1.462738618109000077e+00,1.876227898558343213e+03,9.524497104609792875e-04,1.107242996836059262e-03
2.835016000657999857e+00,4.077987993779999876e+00,3.772441331949999976e-01,2.433316276921071039e+04,2.336418737165451842e-01,1.853180425900393402e+02
2.358852807028000154e+00,8.474611128479999644e-01,1.602595512604999994e+00,1.948047734024195961e+04,4.230223766152143017e-01,8.787361788837948779e+02
1.922803353766000090e+00,3.842504599796999987e+00,1.496433101724000014e+00,1.518332854380700155e+04,8.272945653939552113e-03,2.251247293084269741e-01
8.388225436399999735e-01,3.013831699579999857e+00,2.087197092613000127e+00,5.463594026538454273e+03,6.617196936206203159e-04,5.512159133716291494e-03
1.670195876011000058e+00,4.385503177403999864e+00,2.556512762695999808e+00,1.277442327948698585e+04,1.211367284270792495e-02,2.706334830002549818e+00
3.954493486619999887e-01,2.289210067102999790e+00,1.607757863168999934e+00,2.204224977540766758e+03,5.420011929299796806e-04,1.479868272604503154e-01
1.550150120282000055e+00,4.743892028381000436e+00,1.003285108158000094e+00,1.165441615721702328e+04,4.926906720196943146e-05,4.717677055480154225e-06
2.485276279624999862e+00,5.859878068029999998e-01,1.538188667435000045e+00,2.075419405385373466e+04,2.294829266981710317e-02,1.370579586456724064e+00
2.150113742069000189e+00,4.963728844014999808e+00,2.491482383269000067e+00,1.740361686327548523e+04,7.575313660046613384e-02,1.631299359682860768e+02
2.258718699776999905e+00,2.535286621499999865e-02,4.218418381810000173e-01,1.847994514339806119e+04,9.305338913938860160e-03,2.502506081925582326e-01
1.429746730935999910e+00,3.232346079907999936e+00,1.098995245960000089e+00,1.054920778774641985e+04,1.722480662060579468e-02,9.974148138446881084e-01
2.118572297899999901e-01,9.293028385399999536e-01,1.656467988561000082e+00,1.075924986828585361e+03,3.697648086858940086e-01,2.050995148103343979e+02
9.099569869239999553e-01,9.221537915740000146e-01,2.652321809407999886e+00,6.039318764500046200e+03,7.614674586627215858e-01,3.154526931605209370e+02
2.402618299499000187e+00,5.474452456486000429e+00,1.087318446972999952e+00,1.992012236673264852e+04,2.520978541289406200e-03,1.798299894445270358e-02
2.656248349691999966e+00,5.351587032493999807e+00,1.953144929740000091e+00,2.249413018296374503e+04,5.112631133811998234e-03,1.251682606327838843e-01
2.205086060415999860e+00,3.236785842513000055e+00,2.302056518685000164e+00,1.794723536884355053e+04,4.851604984912775975e-02,2.980851828744534693e+00
1.322312206119000022e+00,1.613171803046999919e+00,1.465907942464999891e+00,9.579898879191376182e+03,2.593244909501170592e-01,2.761958336090942794e+02
1.189093112627999993e+00,3.182098208609000167e+00,1.520353128817000021e+00,8.402468382608038155e+03,3.217414519462337007e-04,2.334594140194230902e-04
1.640311317247000078e+00,3.773649286920000012e-01,1.238638195932999952e+00,1.249400860886264491e+04,3.456983976031558804e-04,1.360857713268671324e-04
2.286056682756000047e+00,3.946001543442999804e+00,1.082064187138999989e+00,1.875234758519307434e+04,4.604017691546893713e-03,9.634244796527130505e-02
1.232521084780000109e+00,2.284109769810999779e+00,3.893402049590000136e-01,8.783135293315974195e+03,1.640452857582971142e-03,3.777071839493934338e-03
2.140282010252999800e+00,1.927962982856999963e+00,1.932951194903999914e+00,1.730665319588297643e+04,4.747981460417746713e-02,5.228981330171944109e+00
2.132599372190000064e+00,3.390991737304999809e+00,2.590732498207999779e+00,1.723094066703465796e+04,8.455574438121053749e-03,1.009912871038812082e-01
7.366602233499999763e-02,5.181726009760000418e-01,1.179729488848999974e+00,3.429796095241441094e+02,1.942469507560237382e-02,5.080017614973766360e-01
1.929736414628000052e+00,9.976671299539999760e-01,2.281625111943999862e+00,1.525035331413535823e+04,5.707486166719530005e-03,3.536684097585777314e-02
3.428097996350000232e-01,1.005833869549999982e+00,1.145024681997000027e+00,1.864613495087849515e+03,5.231368872906341007e-05,3.467324829256681641e-05
9.247701104000000116e-01,6.595458856300000505e-01,2.389922173097000169e+00,6.160691374197236655e+03,1.813352370037437655e-01,6.188403508365263761e+00
2.420535794825000142e+00,4.725657619977000401e+00,1.946359642280000024e+00,2.010051142306151087e+04,7.772148145177594329e-03,2.034087292159441618e-01
2.794993942789000041e+00,3.969604221870000060e+00,1.862731092156999946e+00,2.391977472600818146e+04,5.981023537839273013e-02,2.903014264025640223e+00
2.101925749184000214e+00,5.999381550126000384e+00,1.743394683860000072e+00,1.692914679038571921e+04,2.108876125956479601e-03,2.485150803709710535e-03
2.655577872532000061e+00,4.226182632146000095e+00,2.101986978088000058e+00,2.248726978129439885e+04,1.704946509686868505e-01,5.707393072442587645e+00
2.210776814551000058e+00,5.784329074354999989e+00,4.996566752109999898e-01,1.800365087815605511e+04,7.064554274234321682e-03,8.812428138927255183e-01
7.554730860959999461e-01,5.615162787995999771e+00,1.984630759742999961e+00,4.804991569295319096e+03,7.241880141243713098e-02,3.583202777167807085e+01
2.125238789893999947e+00,6.515936904250000383e-01,1.585374757377999932e+00,1.715844839075330674e+04,9.107310183354198549e-03,2.666354676933748169e-01
2.396693213509999976e-01,2.315000268790000093e-01,5.766602269570000328e-01,1.236281362688065656e+03,2.707630614749888531e-01,8.357578187074707898e+01
2.378130502033999782e+00,2.394397541267000218e+00,8.937460255019999966e-01,1.967395900818980226e+04,5.208189154266157361e-01,9.878697072791837286e+01
5.334560725129999792e-01,4.113635229956999595e+00,2.123815640969000107e+00,3.148314380786147922e+03,5.075199632833159646e-04,4.935643270584124092e-04
1.534234783045999917e+00,3.947531537109000066e+00,2.233295697867999863e+00,1.150724657061595099e+04,3.279759117829408269e-03,1.249290633944219464e-02
1.332967173145999995e+00,5.828830175738000108e+00,2.023769969870000018e+00,9.675276555851842204e+03,1.042391199083723399e-03,1.224240457550997228e-03
2.914943867052000037e+00,2.837266787687999781e+00,1.766915151889999924e+00,2.516150906973326710e+04,2.471122265076950222e-02,1.049857105650558120e+00
1.828726592399999851e-02,7.896276260019999826e-01,1.346731038056999896e+00,8.181244748257259403e+01,9.124040856989445644e-05,1.819207737776523101e-05
1.793865582343999954e+00,6.526279713260000337e-01,1.557305676896000080e+00,1.394543954553333424e+04,7.735008652946098913e-03,3.829326285183632383e-01
2.107612670003999877e+00,4.257500785537000176e+00,1.171003805868999992e+00,1.698503947948852874e+04,1.906964333268333922e-01,2.818946401696280191e+02
2.857580657350000219e+00,6.183288509572999914e+00,2.244133674898999953e+00,2.456664491879305933e+04,3.756208141185152782e-01,8.587768828137591015e+01
2.477986814448999819e+00,2.725162724894000021e+00,2.523360771920000190e+00,2.068044651338070253e+04,3.796836638645830625e-02,2.713257865439506311e+00
2.575438472582999960e+00,4.616641181162999708e+00,1.219477386644999939e+00,2.166934882849017959e+04,1.150244211252421898e-02,1.255325304720140700e-01
2.585643438498999913e+00,2.678185518623999783e+00,2.517101100461000218e+00,2.177327171904160423e+04,1.304533268389218049e-03,3.911141168506258349e-03
1.170910086204000056e+00,5.877572605112000304e+00,1.731858698431000043e+00,8.244037772938725539e+03,1.555520984257577908e-03,7.806126924667938609e-03
2.162425978872999810e+00,2.409583114299000073e+00,1.074488492810999896e+00,1.752515704532525706e+04,8.338403929689609459e-03,6.626533017058986452e-01
1.235914963167999980e+00,4.220335046557999625e+00,1.846785444500999906e+00,8.813016592878188021e+03,9.297880033778735788e-04,1.058384880582542752e-03
