1.818146361221000040e+00,4.826447744803999740e+00,2.644708643193999897e+00,1.417727122650168894e+04,4.042837586188442051e-03,1.484184387846444741e-01
9.297041114030000220e-01,6.173311564999999813e-03,3.442891444749999752e-01,6.201228288586570670e+03,1.043829725967471275e-03,2.699830467588399275e-03
1.616711066186000023e+00,1.994949623998000021e+00,1.083490191080000026e-01,1.227329653779182809e+04,1.254522330589238725e-02,4.925893482761261599e-01
2.382669498533000141e+00,1.566792774350999951e+00,2.530225149136000162e+00,1.971955440203370381e+04,7.929239422498585155e-02,4.939562671289682960e+00
2.397829685089999940e-01,6.718756273779999955e-01,1.612643673637000008e+00,1.236944866515060085e+03,2.601607246043002863e-02,8.447047002452271469e-01
2.498691922806000054e+00,5.412671303896000374e+00,1.077921660421000016e+00,2.089001571546204650e+04,1.263562960881860816e-03,4.657745471138768217e-03
5.268174653639999816e-01,2.747029874502000091e+00,1.729739985901000088e+00,3.101252691274653444e+03,1.121489573643770915e-01,3.626040647040659870e+00
2.563028369565000020e+00,4.670342687377000424e+00,2.428362104901999885e+00,2.154306215258253360e+04,2.070315442611591825e-02,2.139149415427814005e-01
1.930473360449000086e+00,2.190631981109000037e+00,1.068493659472000035e+00,1.525748036742699151e+04,6.249532710847400391e-02,4.773983050540032913e+00
2.206338074002000216e+00,3.359715798956000032e+00,2.891217862913999959e+00,1.795964502552807971e+04,4.525866784886534155e-02,5.725026633791967967e+00
1.510706710231999983e+00,6.177585583399999858e-02,1.820498091114000072e+00,1.129027096073528992e+04,1.083049648275222990e-03,3.282734876494190204e-04
8.432012049499999773e-02,1.136116098837999910e+00,1.184551512274000018e+00,3.954666802171222457e+02,1.469844635439047087e-01,5.247077195031384917e+02
2.808713426110999833e+00,6.119302168699999989e+00,1.606078293328000006e+00,2.406137736115645384e+04,4.770616641270813280e-02,7.373389980721141512e+01
3.333578376610000227e-01,1.580702560076999941e+00,1.823332619824999945e+00,1.804934714265738876e+03,3.843922602959284895e-01,1.275443285219970875e+02
8.378369579029999459e-01,3.406740163299999680e-02,2.014539758848000073e+00,5.455702714925389046e+03,5.819709138890401950e-04,1.009220643059554083e-03
2.601268605930000088e+00,2.905333698896999994e+00,1.542354334983000008e+00,2.193252354364099665e+04,3.193099414807088659e-04,1.870787458840143672e-03
9.417105404119999745e-01,2.872001391348999899e+00,1.589713894463000043e+00,6.300097556954224274e+03,4.378826564212641159e-01,1.641466151185620959e+02
2.548126645662999845e+00,4.717104623710000055e-01,1.615968896592999915e+00,2.139155522858565018e+04,6.319889100036293339e-01,6.663811161198190121e+02
1.081037978151000001e+00,4.753435563368999972e+00,2.614299230419999898e+00,7.469641901695299566e+03,4.012451519389017250e-03,3.463706861420285527e-02
1.471032139647999948e+00,3.340908597129999880e+00,1.857620243421000072e+00,1.092601871874580502e+04,1.097033030800520417e-03,1.613730775471783428e-03
1.907867951820000074e-01,3.933651200643999868e+00,1.868336191397999890e+00,9.571700624069497962e+02,3.976421672146960001e-04,6.098325787677795094e-04
1.470248266697999906e+00,2.548468917771999909e+00,5.617379545870000435e-01,1.091884290800945928e+04,9.095281492441140148e-02,5.487880041154475919e+00
1.883297463711000042e+00,3.904821743499999886e-01,2.264215978139000107e+00,1.480229192705732385e+04,5.850579145486136442e-04,3.591773159009161234e-04
2.681174685959999859e+00,1.546673300636000059e+00,6.166322918030000544e-01,2.274938034209175021e+04,1.228327965925470923e-02,4.028048043840521952e-01
1.972102738377000009e+00,2.498504534579999881e+00,1.510855420319000109e+00,1.566091220132051785e+04,9.062390047633452983e-04,9.671913689426514440e-04
1.771574934768000098e+00,4.459146827997000351e+00,1.501159279591999907e+00,1.373315088718945844e+04,3.154168468815173043e-02,3.506398551016783216e+00
1.707654939153999907e+00,1.936460165949999979e-01,1.811938495973999919e+00,1.312734801356820935e+04,7.805050511927819068e-02,3.172306488338361419e+02
1.992970773701000065e+00,1.471769757296000014e+00,1.968025127765000049e+00,1.586375147467607712e+04,3.123948462726732888e-03,1.725465401498133683e-02
1.141229221092000090e+00,3.202981134460999968e+00,2.405361948139999928e+00,7.986668615300825877e+03,6.788272364123802000e-03,1.983969753322573915e-01
2.757265484991000104e+00,4.217513910793999621e+00,1.670051361339000007e+00,2.353094563320724046e+04,2.475516855114472115e-02,3.234487275197696743e+00
2.505346734635999884e+00,1.005269720740999961e+00,6.831421877300000167e-01,2.095743560288650770e+04,5.100300167120329353e-02,1.505909806007289242e-01
1.643607514631000077e+00,5.067931112850000197e+00,2.105386832394000152e+00,1.252488698880674565e+04,1.373057343666644614e-01,2.154060322475249123e+01
1.304005116816000065e+00,1.505458621480999959e+00,2.557753972908999973e+00,9.416426056402913673e+03,7.401281428203946699e-04,2.032719763525119103e-03
2.302978708666000074e+00,5.752798882861999807e+00,2.449899042075000200e+00,1.892125052592071734e+04,1.018607101386764524e-01,2.551781658086382798e+00
2.846919683628999831e+00,5.477591885846999631e+00,2.047042594091000201e+00,2.445629645136410181e+04,1.581127215525925805e-02,1.224592298925007566e-01
7.909434132399999484e-01,6.021324557466000371e+00,1.333104623112999931e+00,5.083063015415518748e+03,3.662299129268520737e-03,5.380113364164156031e-02
5.017130653920000016e-01,1.116080189422999913e+00,2.125933491339000003e+00,2.924724451716828753e+03,8.535530016661786457e-01,5.069937984809163822e+02
2.793520452556999878e+00,1.618268431905999893e+00,3.918454350910000050e-01,2.390457303654071075e+04,2.355643443665123449e-03,4.445843739742911561e-03
1.705734309035999985e+00,5.154691890417000266e+00,1.748294755974000081e+00,1.310921433931404681e+04,1.814431755781996738e-02,2.461760864189279363e-01
2.293176098866000157e+00,6.227478076269999718e+00,2.436513871468999781e+00,1.882338161092519658e+04,3.665271905485882782e-03,1.476115219349631059e-02
2.196876830134999903e+00,1.611816973562000044e+00,1.522216119909999943e+00,1.786589868065072005e+04,4.311022096970863922e-03,3.049628247910126169e-02
2.371124762835000066e+00,6.012189040984000421e+00,1.067777390152000017e+00,1.960361403354517461e+04,1.505381094901198308e-03,1.601535044356666628e-03
2.829660419752999978e+00,2.070256281437000023e+00,8.705177441260000260e-01,2.427779059431060523e+04,8.298113775801474468e-03,1.567527869675152674e-01
2.211562674231999814e+00,4.720420781929999809e-01,1.242578058891000037e+00,1.801144356669649278e+04,1.430313957318333218e-01,6.115755217807178212e+01
2.823091180037000214e+00,3.372215424600999878e+00,1.765823599051000059e+00,2.420989304949823418e+04,1.636597128817419674e-03,2.221160866875932990e-02
1.936600050270000040e+00,5.471095511631999919e+00,1.997032979384000040e+00,1.531675197595375721e+04,1.424775454967521643e-03,9.008505533907116419e-03
2.012530615319000127e+00,4.025783428979000433e+00,1.075203139397999941e+00,1.605423622982225061e+04,2.277172705619314331e-03,4.523427621910936815e-03
2.658488489020000012e-01,4.764500833701999838e+00,4.752025337279999762e-01,1.390859100452674738e+03,1.539949083800757929e-04,3.410575140848347579e-05
2.896604321414999905e+00,5.978317932016000036e+00,1.399695662722999945e+00,2.497112251024525904e+04,2.782515590612829465e-02,1.789010557128738188e-01
