3.753947631649999783e-01,3.892322883459999883e-01,1.001908321031999893e+00,2.073415833898667188e+03,3.831011348266664118e-01,1.505028619903310982e+02
4.288203813320000113e-01,5.505709091082000128e+00,2.939236623143000049e+00,2.425640228044073865e+03,6.541120102779396199e-03,4.768378326140761125e-02
1.983996297368000095e+00,1.870539630929999975e+00,1.383388842612000014e+00,1.577646965922440540e+04,6.612535206970358848e-02,1.491271583552500424e+01
2.079597084490000025e+00,4.313768024756999608e+00,1.001682929753999973e+00,1.670996214429107567e+04,2.279862550538789157e-03,1.667620688925311456e-02
1.964510161820000045e+00,4.916746028108000210e+00,1.329244233799999897e+00,1.558721137294781693e+04,6.606715506908925626e-04,4.136077566256722983e-04
1.037229955421000049e+00,5.723536797060000403e+00,1.909336463740000100e-01,7.097661027598966939e+03,6.038767492350053390e-01,3.426641421314103013e+02
1.800033199897000058e+00,1.711115794319999939e+00,2.140489855054000135e+00,1.400426978410637093e+04,3.787022606680579169e-03,2.685399717811597781e-02
1.550814235335999935e+00,1.969359806499999976e+00,2.654502384080999811e+00,1.166056416438066663e+04,1.116328010541229546e-03,6.033714984829435801e-03
1.905765753125000073e+00,2.086587993109000116e+00,1.019621227922000051e+00,1.501881463141084532e+04,5.604010693033411455e-03,5.505953275907648353e-02
2.310766359920000124e-01,1.423688343523999977e+00,2.775188594414999876e+00,1.186307746395205868e+03,6.467282190179219140e-04,1.274891956963750432e-03
9.419258330669999513e-01,2.981935755383999798e+00,2.782309719813000015e+00,6.301873337968720989e+03,4.269416503234658711e-01,5.586004544244570980e+02
3.184935959219999946e-01,5.088420069294000037e+00,7.766786235329999899e-01,1.711911315884995702e+03,9.236737146131476783e-02,4.463320632652661146e+01
2.813726843816999779e+00,5.878824076692000133e+00,1.536478641144999990e+00,2.411314992281476225e+04,6.469671483676218623e-03,2.995577466839604575e-01
1.641612152226999966e+00,3.238228130074999989e+00,2.211444590664000120e+00,1.250619316165467171e+04,1.550208981458970053e-03,4.135438135641154173e-02
2.691151136712000014e+00,3.426694893584000035e+00,9.047297018600000129e-01,2.285165002511956845e+04,4.390766245434891968e-03,1.193466819307961897e-02
2.539862549297999816e+00,5.661466018141999790e+00,1.662348539607999998e+00,2.130759733057887206e+04,1.066547937832935770e-02,9.766561801600714965e-01
2.307828352924000015e+00,5.918408230470999953e+00,1.426990006292000013e+00,1.896969621381027537e+04,1.340705634312849620e-03,5.708556234806045964e-04
2.232640750468000146e+00,4.423554215100000131e-01,2.849143334898000202e+00,1.822064015633535382e+04,5.949217530497388773e-02,6.441405936911632324e+00
1.062713345209999938e+00,7.085823454020000467e-01,1.216787744029999896e+00,7.313590155148053782e+03,2.328972609737300914e-03,2.790196234630747465e-02
2.011291994316000142e+00,6.259161159142999864e+00,1.655133657254000079e+00,1.604216355974510225e+04,1.780667348574719536e-03,5.392152689639706335e-03
4.709328814899999688e-02,1.253567206715999971e+00,1.350369301106000064e+00,2.151883225238462671e+02,7.976465691363791106e-05,1.553174429743534439e-05
1.898950259393000106e+00,4.461236623128000289e+00,2.683923908409999726e-01,1.495308309071829717e+04,1.858638280135337150e-03,6.310621481887070811e-03
1.226872861244000079e+00,4.693810247314999629e+00,1.475773236496999985e+00,8.733447709245607257e+03,5.113585265502047783e-03,3.706223976037169021e-01
7.742588233710000489e-01,1.050726164817999964e+00,1.450300135445000027e+00,4.951846319611285253e+03,6.557900195419757387e-04,5.815749134028475216e-03
1.730682417488000002e+00,2.679463968370000004e-01,6.874147646510000431e-01,1.334507965170551142e+04,6.288640078692171731e-02,2.213390229143742971e+01
2.664979091773000075e+00,1.434843522775999913e+00,2.785309823739999802e-01,2.258349008607524593e+04,6.105624145842020178e-01,8.466845065733721185e+02
1.281348204511999933e+00,2.374180143559999900e-01,1.360762956449999894e+00,9.214827351073043246e+03,4.603945824861894742e-01,2.790248174947857933e+02
9.937911556059999540e-01,5.720208219782000114e+00,2.353679569279000017e+00,6.732591582802677294e+03,3.138964689084108948e-03,6.855193697849448764e-02
1.577115938339000101e+00,1.428165539959999952e+00,1.401605885598999901e+00,1.190449115942663593e+04,1.270783197008121560e-03,3.396090693814943912e-03
1.027001506605000003e+00,4.501722152570000191e-01,2.946554532329999976e+00,7.011354059492957276e+03,1.804846985232034769e-03,3.666707022391489223e-03
2.078276569084000158e+00,2.448190811142000101e+00,1.926391995764000109e+00,1.669701303518116765e+04,8.155366571439491910e-03,2.753352152611815984e-01
1.982602538562000083e+00,7.245412242130000458e-01,5.606803672040000519e-01,1.576292120006174082e+04,4.358436323557440123e-02,1.785898727976297895e+00
6.306939488549999639e-01,8.360107767240000376e-01,1.566397203139999972e+00,3.854943083353670772e+03,2.039553785151689100e-04,3.670737810030787787e-05
1.481029941647000081e+00,5.220771260391000368e+00,1.335908017298000017e+00,1.101761333624715917e+04,8.066126719742622991e-03,4.603473089406657781e-01
2.164483551647999882e+00,4.659969841621999898e+00,1.897877290120999927e+00,1.754548055867631410e+04,1.556951121886905424e-02,1.841353703487091931e+00
2.765238358767999838e+00,4.749635326225000398e+00,2.473996277158999835e+00,2.361304300357068132e+04,7.168483735000028521e-03,5.212082863341111622e-02
1.676700916456999924e+00,1.011642689340000040e-01,1.844428832875999902e+00,1.283559761429921673e+04,1.450491363809695566e-01,1.108812898021876414e+01
2.265894183417000107e+00,6.240687452806000124e+00,1.853895461323000093e+00,1.855138748504414980e+04,7.231680591492230248e-02,1.005559614143211178e+01
2.010874623992000121e+00,5.764898926435000348e+00,2.090187381374999820e+00,1.603809582003741525e+04,4.611653450720337526e-04,1.777441516004695616e-04
1.874591900110000042e-01,1.082223385540999949e+00,1.319085428361999934e+00,9.386352640113437928e+02,9.705712880337044601e-02,3.060679952800674730e+00
1.916362260064000012e+00,3.878443183418999851e+00,1.714370684017000102e+00,1.512110099128249021e+04,1.412252613977002611e-03,5.089241065912436524e-03
6.986341149470000067e-01,1.438487309577999973e+00,2.541229527452999903e+00,4.366590057844152398e+03,8.516239310538999130e-02,2.208112299197852124e+00
2.200132414383999979e+00,1.567298266105999982e+00,1.881181916460999970e+00,1.789814837379241362e+04,5.870793355268826529e-03,6.863991981303001200e-02
1.141114382278000106e+00,6.147223407085999902e+00,1.246648103695999987e+00,7.985675864617239313e+03,2.257997119590466738e-03,7.952267571265466198e-03
2.600027254151000111e+00,3.230490425426999934e+00,1.785117535259999944e+00,2.191986586169394650e+04,1.479408352814248762e-02,3.445832474928451350e-01
1.395111606411999938e+00,2.116399152726000210e+00,1.884864590198999990e+00,1.023490576088164380e+04,3.694634698031980333e-03,1.604447197199932174e-01
2.169490445906999909e+00,1.066599525799999948e-01,1.342793130360000031e+00,1.759495029568602331e+04,5.402386920278979404e-02,7.705934107225740348e+00
1.360822109184999906e+00,3.777559476257000171e+00,2.803008255151000050e+00,9.925420353543022429e+03,1.714557226659289141e-02,1.784515749163139431e-01
2.193181939078999942e+00,4.554398135872999909e+00,2.754578991818000144e+00,1.782930759093397501e+04,1.189753227125411456e-01,1.943294309803102493e+01
2.360969474561999792e+00,3.474984444526000082e+00,1.936773572976000057e+00,1.950170806800816717e+04,1.919259813102335011e-03,8.060032413673125229e-03
2.854893652147000083e+00,1.685618232511999937e+00,8.803953538750000085e-01,2.453882637402472756e+04,6.550424972793046641e-02,4.598402528367696362e+00
2.929310767616000177e+00,4.171441898979000307e+00,1.522595109410999958e+00,2.531078667811581181e+04,7.717858353381991388e-03,1.008876358644281573e-01
1.719223538654000016e+00,1.581734404400999994e+00,2.241397807742000037e+00,1.323665960816487495e+04,1.558064417780647207e-02,6.529622445446352508e-01
1.454180317377000042e+00,3.301649635161000074e+00,1.861974997878999893e+00,1.077193348662905737e+04,6.536208598334486940e-03,3.302387737634630838e-02
6.423251600129999961e-01,5.168421821257999760e+00,2.084566423935000135e+00,3.941535744042143051e+03,1.380944903477183852e-04,1.067994093133126598e-04
8.838030085989999618e-01,4.873906905241000231e+00,1.599089815419000082e+00,5.826251200170191623e+03,2.636522411632126472e-03,5.188797906387512815e-02
1.107907224612999952e+00,1.276258361433999955e+00,3.299260200370000007e-01,7.699612885948597068e+03,2.492617963470983040e-03,2.277138095369786799e-02
2.076474020919000019e+00,3.181239608273000119e+00,1.013534537434999994e+00,1.667933950122372335e+04,6.495935377651821697e-04,1.302239152254751895e-04
