1.681418538251999939e+00,1.161099448499000042e+00,4.489672427420000056e-01,1.287999287784716762e+04,3.961675386699543000e-01,8.269923622060420030e+02
1.482080044254000084e+00,3.997699752459999978e+00,7.970371125099999510e-02,1.102724151794318641e+04,4.327044742307514097e-02,3.715643222302898729e-02
1.126436883111999965e+00,5.480282271877999989e+00,1.573721399277000055e+00,7.858988621468657584e+03,7.852742367590438786e-04,1.281694698808620884e-03
2.740207590359000189e+00,5.567688647869999841e+00,2.084503976374000089e+00,2.335542786245270690e+04,4.500675515310562438e-03,1.637797934716445636e-01
2.039346622669000020e+00,5.067908749317999728e+00,1.805673061837000049e+00,1.631594572435425289e+04,3.323226362417570651e-03,1.711990974809613486e-01
1.834868762076000026e+00,3.990316760574000199e+00,1.542308014687000073e+00,1.433728822461683922e+04,8.456422477003188798e-04,5.665920300382256899e-04
2.397284124991999832e+00,6.022756172252000439e+00,1.641768281737000068e+00,1.986646368356034873e+04,1.164956752901797959e-03,3.911623836602996090e-02
2.500087673446000025e+00,9.038339351609999683e-01,2.124708555355999895e+00,2.090415355581078620e+04,3.542840555794987949e-03,2.947071701714691974e-02
2.270037976928999779e+00,2.287094181790000069e-01,8.028027688219999680e-01,1.859266315270278574e+04,4.642934709350529307e-03,3.699392162856035560e-02
2.059850941904000088e+00,6.075529655160999631e+00,2.877850072824000183e+00,1.651648753703598777e+04,1.140512481269146880e-02,1.203769609121459333e-01
