1.755589383163000061e+00,2.222265652447999784e+00,9.173647763379999542e-01,1.358123363881488694e+04,8.750227749892881823e-02,5.111360021025661382e+01
1.765373413043000106e+00,1.745212495552000087e+00,1.001890745070000088e+00,1.367418295966668302e+04,6.749174541989821918e-01,8.479000507111995830e+02
2.289013312822000046e+00,5.543571889599999830e-02,2.385870042051999818e+00,1.878184267380390884e+04,8.803362987012291682e-03,4.412919209672203635e-01
2.588659852390000182e+00,2.683844615457000149e+00,2.364191802237999962e+00,2.180400262209069479e+04,1.185241383213605712e-02,5.317162341137887660e-01
2.168432063696999812e+00,6.084071946485000382e+00,4.902330002029999800e-01,1.758449142167154059e+04,2.576167810489856103e-01,2.940819039481690993e+02
1.841003889820000072e+00,4.780351246882999838e+00,2.079584244555999994e+00,1.439606666942457741e+04,5.577290165090284524e-02,1.690482712311604274e+01
2.903321246074999973e+00,3.485596774198000070e+00,1.845754328906999975e+00,2.504083027757875971e+04,2.070920431121842098e-01,3.426831182418379740e+01
2.430637074122000030e+00,4.900187116259999698e+00,1.764110076239000069e+00,2.020230965596971510e+04,3.547211110148901225e-02,1.365122195003718675e+00
1.251875330687000076e+00,4.633921011707999860e+00,7.028527020450000551e-01,8.953791407475207961e+03,1.898771482453980248e-03,1.638397240311364328e-02
2.229485823179999937e-01,4.763785247231999698e+00,1.961978068654000040e+00,1.139389185635865715e+03,1.697873868921589004e-04,1.970735087307779918e-04
1.605751029007000064e+00,2.223349956725999998e+00,7.494333961110000164e-01,1.217102136992247688e+04,2.430523087271588365e-03,1.281859181881482741e-02
1.405086538014000075e+00,4.673578945742000279e+00,2.089548214820999839e+00,1.032525222114708595e+04,2.035736935119663096e-02,1.636595420610957863e+00
2.260326270684000161e+00,4.025739259793000180e+00,2.770663838306000049e+00,1.849594736348183869e+04,2.240484084594269575e-03,1.495903298810630222e-02
2.993714242424000194e+00,1.037730911719999954e-01,2.706959764616999831e+00,2.598136731003881141e+04,7.109727761136764440e-03,2.349593660618245761e-01
2.885513743859999813e-01,3.144998395230000021e+00,2.278114712544999865e+00,1.527671039303441603e+03,5.395954728956532387e-01,4.522914234712248458e+02
