9.149855700319999841e-01,4.681572739035000374e+00,6.599200268239999723e-01,6.080465175928433382e+03,1.219261504266184277e-03,4.160242727356947869e-04
3.340017500490000124e-01,4.127070805657999664e+00,1.968644577140000074e+00,1.808987407059542875e+03,2.065202875335260535e-02,7.647363269218789839e-01
2.470507756144999956e+00,4.242521275621999877e+00,1.544313033499999932e+00,2.060481904276689966e+04,1.661783016476698835e-02,3.341943481626431511e-01
1.051477767766000104e+00,3.306643761001000215e+00,1.777818128617999927e+00,7.218230083634914081e+03,6.290303704983524202e-02,1.918518816391485871e+01
9.005848786499999481e-02,1.827408027309000094e+00,2.408068699728000084e+00,4.240282728189404793e+02,9.914485191913351148e-02,3.357493040532042983e+01
2.886288426953000030e+00,2.020671916950000035e+00,1.396352190281000105e+00,2.486411460673778492e+04,6.904966619772188660e-03,1.574578070666853014e-01
7.256413596540000066e-01,1.081255794682999927e+00,8.806023936929999740e-01,4.573765609626709193e+03,1.167152435180238979e-01,1.514685605151250769e+01
2.022074252133999828e+00,2.329426756806999954e+00,1.988834423524999950e+00,1.614730309126136126e+04,7.460996275842042558e-02,1.236018685833230357e+01
1.991709070441000096e+00,2.485536362907000196e+00,1.554546883945000069e+00,1.585147624896204798e+04,3.649076713284027883e-04,7.546971905118533483e-03
9.701758755149999525e-01,1.062940894690999949e+00,9.790627088019999702e-01,6.535762975562615793e+03,4.533530288337189185e-01,4.511136228192024760e+02
2.648565400488999799e+00,5.420368562562999593e+00,1.555076413085000109e+00,2.241553439385677120e+04,3.389352126338708582e-02,1.070833763799231697e+01
1.940036025999999914e-01,4.248208450491000043e+00,2.255471740607000175e+00,9.751451490827986390e+02,1.820798624556769140e-03,3.998016371618796569e-03
7.417504416600000094e-02,1.556734728728000006e+00,1.575171053412999900e+00,3.454711770945722265e+02,3.571736796534028566e-04,1.588917329224004849e-04
1.772311989962999990e+00,2.858225511404000052e+00,2.283189578670000053e+00,1.374016198038579569e+04,1.246032450424178423e-03,1.321294061524907332e-02
2.898552767031000066e+00,1.426744875201999996e+00,2.792363224054999815e+00,2.499134071638847308e+04,1.933430513866470773e-02,9.073255929596786562e-02
2.518827008816999946e+00,3.446222799312999907e+00,1.234219986320999940e+00,2.109409664511886149e+04,1.751336386441559589e-01,2.099454355258274063e+00
2.216553933826999945e+00,7.793810474939999455e-01,1.540350950039000022e+00,1.806094908015898545e+04,5.555323284729627061e-03,1.915336308726885844e-02
1.589423757362000034e+00,4.371046941588000223e+00,8.874954217410000457e-01,1.201892832271236148e+04,4.516406967746487808e-04,3.471781763348219009e-03
4.754123104299999847e-01,1.754256590549999884e-01,1.183458494036000008e+00,2.742285216629900788e+03,1.712717438110940016e-01,3.214954681842554152e+01
2.397501492531000089e+00,4.222187000955999636e+00,1.135459003473000106e+00,1.986864987339561412e+04,3.717139543310977751e-03,2.938116069579800940e-02
1.158021187501000027e+00,1.379941232180000033e-01,1.320541175225000030e+00,8.132084045460482230e+03,5.643178724466082347e-02,2.105069476894193770e+01
1.443010000259999925e-01,2.884724879779000162e+00,1.664018136154000072e+00,7.038282914700736228e+02,1.582312134601026460e-02,1.158722237891166296e-01
2.223420101142000060e+00,1.286837985615999935e+00,1.321874773026999961e+00,1.812908321130681361e+04,3.704741719708857725e-03,4.901349205160121687e-03
2.761888468059999990e+00,3.475642310881999819e+00,2.136382682585999948e+00,2.357854423192970717e+04,5.794427057011846544e-02,4.297170356769431265e+01
2.757608962746000092e+00,4.328585822613000289e+00,1.169763482313999958e+00,2.353448166469960051e+04,2.472317491212808194e-03,2.964812982940745988e-03
1.276126709761000066e+00,8.290483915320000508e-01,3.671168274569999723e-01,9.168480902878600318e+03,5.019413934208532060e-03,2.996379074867368264e-02
2.752213297612999821e+00,6.150980660720000159e+00,1.943701370891999902e+00,2.347894264352120445e+04,2.176995416505731959e-03,1.588737952241741844e-02
1.906059251879000049e+00,5.046002147300000296e+00,1.931746700821999951e+00,1.502164626907712955e+04,1.136448796721697789e-02,3.421764195786726748e-01
6.468296827289999884e-01,7.421290066429999666e-01,1.059364194330999931e+00,3.975184578091627827e+03,4.197781168136474508e-04,1.735855089208414000e-03
2.809984901193999907e+00,5.611673137410999601e+00,1.629108837251000086e+00,2.407450623133909903e+04,4.781475563860418387e-02,4.679345387104966392e+00
9.835763634159999658e-01,1.597380069746000109e+00,1.751174166470000015e+00,6.647308941602569575e+03,1.032203966700176055e-03,5.572125390828947152e-03
1.340651361318000001e+00,1.076861219453999929e+00,1.547962951599999970e+00,9.744167234779011778e+03,7.798076230446645630e-04,8.105212379647374612e-04
1.616252618891000026e+00,5.986451048126999908e+00,8.585022773570000210e-01,1.226901560268610956e+04,2.784018115528901216e-01,4.181316485398861573e+02
1.291018080034999960e+00,8.432783349500000414e-02,2.632757643325999819e+00,9.300771070306091133e+03,2.094346054792831698e-03,9.308435117332867700e-03
2.250486088554000119e+00,4.388874029829999968e-01,2.147449455921000006e+00,1.839802695566600596e+04,4.283944042180897610e-02,8.376613483844950192e-01
2.632258424324000146e+00,2.571422404990999944e+00,1.159619340409000054e+00,2.224884000464386554e+04,1.343532343776386627e-03,2.760664792354810410e-02
2.877384907741999953e+00,2.116587699625999797e+00,2.181450594909999818e+00,2.477180603205809166e+04,1.382567186420268456e-03,3.005825244357452145e-02
2.393630142773000014e+00,3.287456811555999892e+00,1.311623018051000011e+00,1.982971859705879979e+04,3.406059200564582213e-03,3.227736910104413159e-02
2.451291654079000182e+00,5.370822821878999953e+00,1.370614239001000101e+00,2.041068617241709944e+04,1.550855828902261572e-03,5.506540547019101763e-03
1.534674270240000027e+00,2.948568881576000056e+00,7.777871685610000529e-01,1.151130623110946181e+04,3.844994743211285933e-03,1.581331363732024764e-02
3.213378198440000055e-01,4.460805107760999810e+00,1.518463267211999979e+00,1.729632013608021680e+03,7.516123896782032519e-05,7.383770999298123278e-06
2.098294204745000169e+00,2.259544822517999929e+00,2.364517268966999985e+00,1.689346936629614720e+04,1.529552503369163152e-01,5.261185188641712074e+01
2.308069975108999916e+00,3.981144691523000212e+00,9.724141671070000159e-01,1.897211037320777177e+04,3.023228226990281806e-03,1.131962362840088776e-02
1.335696878479999961e-01,2.499628347153000085e+00,1.214947168021000001e+00,6.470905474642985382e+02,1.760260826449435616e-03,8.591749096672088391e-04
2.485518248453999934e+00,4.950647535639999819e-01,2.610739102386999910e+00,2.075664268156532125e+04,5.571899455184097655e-02,8.792620160245824934e+00
2.064631953066999870e+00,5.862100143245999817e+00,1.972595018013000079e+00,1.656330117008848902e+04,1.659181760326609856e-02,1.331047702833707325e+00
7.106071126649999847e-01,2.464947785710999817e+00,1.064311481400999959e+00,4.458178719690920843e+03,1.229813860896014910e-01,2.201915908836484448e+01
1.916735277923999892e+00,5.089223797984000264e+00,2.055314138136000057e+00,1.512470364049866839e+04,3.966912681732525647e-01,6.058253636409551746e+02
2.921976106099999915e-01,9.143164344909999741e-01,7.011184374760000004e-01,1.549878440173097033e+03,2.809559533032116811e-03,3.389682128942735767e-02
1.045423916077000026e+00,1.065208595534000047e+00,2.233911221461999830e+00,7.166951619941423814e+03,3.166096027377025834e-02,2.800266516802660366e+00
3.690408212840000091e-01,4.800671727690000168e-01,1.711245445696000012e+00,2.032332918944816583e+03,2.173614132881995092e-02,3.124144842884266637e-01
1.494685629466000032e+00,1.437858536078000071e+00,2.784534064324999836e+00,1.114293302070247046e+04,3.256822092727863494e-01,1.172855180603555709e+02
1.935596729982000053e+00,2.588271911301999850e+00,2.367788597646999893e+00,1.530704308768904411e+04,4.678557153178846198e-03,4.358345028419693956e-02
2.591121473999999890e-03,4.965665232373000393e+00,2.499012592096999885e+00,1.145472674210579633e+01,1.418620327359518901e-06,1.662743675601733531e-08
2.882470293238000192e+00,4.569917796019999923e-01,1.386506477296999940e+00,2.482452400434416631e+04,2.799594557211764444e-03,3.233188339306264369e-02
5.494061403819999745e-01,5.400368129423999797e+00,2.414392719889999928e+00,3.262023754391391776e+03,4.517591166243071776e-01,1.072280784689389890e+02
1.050826050586000093e+00,2.883817217167000013e+00,6.678667968400000543e-01,7.212706322674785042e+03,9.094260718501813662e-04,8.820166629140328103e-04
