1.474377916416000023e+00,4.344793522886000403e+00,5.335850526119999548e-01,1.095665618206457293e+04,4.084933932595000705e-01,6.222318146295274346e+02
1.663971174987000090e+00,4.633404899651000441e+00,1.552454556305999933e+00,1.271593049693816647e+04,1.059212496632450356e-03,1.251144298213435480e-01
1.646121315175999911e+00,5.703216029224999595e+00,1.206605888000999993e+00,1.254844447071252580e+04,5.001822204876763510e-03,1.730198729365847732e-02
2.609734787937000089e+00,1.430128510477000070e+00,9.732427748369999465e-01,2.201887725583325664e+04,1.617444371248552559e-01,2.066371964133532515e+02
8.880695837859999830e-01,1.300469348789000001e+00,1.446690119427000099e+00,5.860901122004624085e+03,1.410537595656375688e-03,6.213419170779338994e-03
3.411636934339999927e-01,3.996087312930000079e-01,7.353999673490000388e-01,1.854190982114579128e+03,1.472461584457708354e-03,4.355046117730918334e-03
4.634192072259999962e-01,3.313420741885999998e+00,7.881601943960000467e-01,2.659965711767702032e+03,1.638565751002086790e-01,2.243442300605637456e+02
3.072180585100000097e-02,5.888772705717999933e+00,2.009800602848999862e+00,1.387176157686446061e+02,7.541826516791241830e-02,5.035761159811089627e+00
2.496055103900999939e+00,4.305350399706999731e+00,1.890276804533000066e+00,2.086331048125396046e+04,2.043849523033148263e-01,1.754064080753513792e+02
2.467970460865999804e+00,2.683051669140999795e+00,2.145267162532999983e+00,2.057917098517807972e+04,1.894294619226025199e-03,1.390367900038331703e-02
2.856073159146999885e+00,2.938681425140000081e-01,1.556384442766000076e+00,2.455103728914055318e+04,1.972105989657988844e-03,2.778868072623638750e-03
2.199622387995999961e+00,8.096068874440000007e-01,1.370556155028999967e+00,1.789309550770489659e+04,1.182055608351474385e-01,1.500914907039542179e+01
2.751381823332000209e+00,1.873521491576999987e+00,2.280699227517000161e+00,2.347038561964895416e+04,6.521781076443144975e-02,5.125959918917311597e+01
1.351533446884999989e+00,1.166434686689000078e+00,2.347364134220999876e+00,9.841878332389369461e+03,4.293724849211050243e-02,1.413107571090086090e+01
1.678283971743000036e+00,1.283727594896000079e+00,2.494551443299000137e+00,1.285049217142627094e+04,6.050278727052832081e-03,4.962929190371655197e-02
8.282308549779999751e-01,2.098875951330000156e+00,2.541104819652999947e+00,5.378915477180380549e+03,8.203359206805060618e-04,2.873563231473153347e-04
1.251950527009999981e+00,5.400620738639999585e-01,4.892890878860000070e-01,8.954455638381505196e+03,5.784213793370405338e-02,3.285355253204001258e+01
2.464990792211000148e+00,4.975938632069999978e-01,4.865245348109999979e-01,2.054905694247606880e+04,3.699544690479791287e-01,2.099759864449492852e+02
1.794822507242999965e+00,5.528694272705999779e+00,1.016794915029000101e+00,1.395456464163075907e+04,4.751391226840302739e-02,1.402763533056298417e+00
2.770286427239000204e+00,2.579766894886000195e+00,1.253680514293000092e+00,2.366504314336527386e+04,9.290801768727208199e-02,5.024673721612424870e+00
1.935549736740000137e-01,8.375899880199999537e-01,3.510004883250000263e-01,9.726348913951491113e+02,3.923797524230092197e-03,4.873466593814784059e-02
2.413401418642000085e+00,6.839723807199999950e-01,1.612462319342000017e+00,2.002865670157658315e+04,3.177826879725507286e-02,1.165228309555428110e+00
2.528411057853999999e+00,4.716026696342000335e+00,2.040526655054999861e+00,2.119133320467044541e+04,2.880107584943737697e-02,4.707244592543630146e-01
1.041480831132999940e+00,3.303250014820999780e+00,1.596519194569999911e+00,7.133591081151319486e+03,3.535896569893209329e-01,3.711207656704813758e+02
1.430818349624999986e+00,5.647363087598000320e+00,1.894290942370000064e+00,1.055895902876806758e+04,2.164927043658172647e-03,2.524886326957473393e-02
2.107667745676999882e+00,5.410856413527000086e+00,9.912713428029999996e-01,1.698558091365597284e+04,1.073917819482275715e-02,1.203812137051268466e-01
1.314648973823000055e+00,2.730369138007000096e+00,2.568623851186000007e+00,9.511407905719803239e+03,5.843595416025279153e-04,9.507103558059505763e-04
9.217330897800000145e-01,4.035712891469000141e+00,2.305568319332000016e+00,6.135766880528491129e+03,8.370298493673203333e-02,2.463644433041259685e+00
1.849441343088999989e+00,1.646460904120000013e+00,1.442655018386000076e+00,1.447696491639696978e+04,6.259060617892908164e-03,8.686005581664259234e-02
1.522927483079999922e-01,1.492959292187000075e+00,1.799305431614999895e+00,7.465138020209825527e+02,1.229595603022704958e-01,4.988778842759617191e+02
2.574717479144000176e+00,3.753442056833999896e+00,2.764179044466000157e+00,2.166200913540948750e+04,5.154563405619516647e-01,9.179879833003360545e+01
2.052214906869999911e-01,1.014198880264999936e+00,1.539675523207000074e+00,1.038267783648277145e+03,1.208738979684168642e-03,9.045571282311769962e-03
2.043938593473999976e+00,2.384574697159000056e+00,2.381293231603000216e+00,1.636082510194353745e+04,4.088790396624869539e-02,6.384496873968243058e+00
1.746239447862999894e+00,1.420422789821000009e+00,6.167691378359999588e-01,1.349250414726936651e+04,1.061552340607337941e-01,8.274042751043433341e+00
1.676313604588999917e+00,2.859425170110000192e+00,2.169280272976000123e+00,1.283195393037814210e+04,7.960007546054187824e-04,2.596666550396394338e-02
2.256973838703999924e+00,1.510818548897000069e+00,1.558158108478000070e+00,1.846257857502335173e+04,1.524058852987506679e-02,1.005448321304018178e+00
2.770589480672999816e+00,2.892159615876999990e+00,1.567653650178000069e+00,2.366816538204774770e+04,5.852269209004935975e-03,4.925445522249851521e-02
1.233809249414000053e+00,3.043725148971999861e+00,1.631792383010999936e+00,8.794474672439437200e+03,1.609815702948211302e-02,7.486257457917708802e-01
2.050706781960999869e+00,5.623077521099999476e-01,1.476592837983000006e+00,1.642700761437308756e+04,1.587814928651262725e-02,1.409793945832262529e-01
2.719031475532000197e+00,5.531879997316999642e+00,1.523661963392999974e+00,2.313778162236004573e+04,9.422573023375657372e-04,1.011900694683806612e-02
2.278366681581999842e+00,5.072767539305999662e+00,1.827381443579999987e+00,1.867566420444165487e+04,5.259782011576666916e-01,2.705185713226707023e+01
2.052755511543999933e+00,5.397650609441999592e+00,2.803796718355000106e+00,1.644704901346526458e+04,9.047985907865568889e-03,2.483257032719264068e-01
1.130450309715999913e+00,4.289725785776999700e+00,1.853811820865000071e+00,7.893591345479111624e+03,3.163809109657304830e-02,1.421623730599517543e+01
1.414557619727000004e+00,2.237789101641999956e+00,7.349766740519999564e-01,1.041116497255455397e+04,7.735356091378064926e-04,1.498778760004006345e-02
2.534871071965000056e+00,1.639899194730000120e-01,1.730362920741999933e+00,2.125690928165856894e+04,2.666351557975015548e-03,2.113860406552581228e-02
2.660056243297999945e+00,6.018756264547000079e+00,1.872959023931999978e+00,2.253309838990898788e+04,3.422082985369372110e-02,5.544930342259539735e-01
4.628415426449999925e-01,6.189475541115999846e+00,9.128714501989999563e-01,2.656014699021002343e+03,8.801470762247523005e-01,2.264741212093914271e+02
1.717678816399999947e-02,2.062281052503999845e+00,2.153986422401999778e+00,7.678041861067345053e+01,9.633914753258174951e-03,2.267059456001425666e+00
7.758089844040000349e-01,3.568137460399999766e-02,1.390100534369999918e+00,4.964006661919473117e+03,2.282153192607380276e-04,3.041886175417891306e-04
2.488411210867000012e+00,3.063425874062000176e+00,1.521572408181000036e+00,2.078592142489771140e+04,4.432494907727550781e-02,9.369260290762492005e+00
2.492519978013000070e+00,3.499665388211000039e+00,9.344170324420000284e-01,2.082751482676316664e+04,7.338692302061688988e-03,8.579017000270433568e-02
2.882689959786000067e+00,3.738581031059000193e+00,8.701195563039999525e-01,2.482680152347162220e+04,1.461742307791830684e-03,3.887286700239596122e-03
1.314626367552000019e+00,3.418717130179000030e+00,1.355463239571000011e+00,9.511205991953454941e+03,2.192674298269085831e-01,6.865691359802909233e+01
1.593211079994999890e+00,5.300093365777000187e+00,1.315459842559999926e+00,1.205417961917044340e+04,2.304649005926821814e-02,4.212335617334526106e+00
1.481073505239000054e+00,1.221235490386999967e+00,2.502602076031999800e+00,1.101801273315312210e+04,1.368891319090980753e-02,1.725331896539227805e-01
2.000690195165999885e+00,3.569437162992000090e+00,9.251733946250000340e-01,1.593888604689417116e+04,7.663398756742131500e-04,2.265912271798501808e-03
7.919857283429999617e-01,3.667520602293000032e+00,2.962536462226000200e+00,5.091284586564574965e+03,8.763801950125930506e-04,7.616462015943793653e-04
2.495887152110999985e+00,6.267988646469999647e-01,1.061227856014999915e+00,2.086160965657346969e+04,4.607931951150165406e-02,3.399459638101054892e+00
