8.491674591760000057e-01,9.755846276039999987e-01,2.706943637591999963e+00,5.546567098916491886e+03,1.258656109253399220e-02,2.549205678606678016e-01
2.926816629180999829e+00,5.510101698861999964e+00,1.356921473130999978e+00,2.528486334842494034e+04,7.482361663602389058e-03,1.176290984156027175e+00
1.766336153738000014e+00,2.357159809740000167e+00,6.727754773980000325e-01,1.368333461714820987e+04,4.793489508045013781e-02,4.175179302014242921e+01
2.035081337150000114e-01,2.125446537806999991e+00,1.160946304082000058e+00,1.028582908273073826e+03,4.482898383571131047e-04,2.139180824023269941e-04
1.544274030785000029e+00,2.528133831306000001e+00,1.876954035999000014e+00,1.160004266917462337e+04,4.881083084171202596e-02,1.287777103411817770e+01
1.138740909313999961e+00,9.432316689700000201e-02,1.257365426115000018e+00,7.965163133243771881e+03,2.652956859608844933e-02,1.834176230335808455e+00
1.078423524079000106e+00,5.123929101112000062e+00,1.438509911536000052e+00,7.447337918833331059e+03,1.330893550518605917e-01,1.915130604029486872e+00
9.640913724099999804e-01,4.433027587486000343e+00,1.207910074788000054e+00,6.485241824048724993e+03,6.028707838416989123e-02,8.829268684805780865e+00
1.904454315408999898e+00,5.449627815164999944e+00,1.011964553042000059e+00,1.500616306910479943e+04,1.629465993530777590e-01,5.873358043835334996e+00
2.872205351384999883e+00,3.435547777406999792e+00,1.825077979697000030e+00,2.471812699711255846e+04,9.444324575181908266e-01,2.890049980758122388e+02
2.941154671116999797e+00,5.004841190397000261e+00,1.397341633686999929e+00,2.543393594242189283e+04,1.624566820765481825e-02,5.742171928963689886e+00
1.419327103249000022e+00,5.337452166401999598e+00,1.191040936197000022e+00,1.045447679706002782e+04,4.237491745675344146e-01,9.651578680263805055e+00
1.490932412362999893e+00,4.142469471410000215e-01,1.980950567799999895e+00,1.110846492682319513e+04,3.119863443068401909e-03,3.970346012609867609e-02
1.077765289398999959e+00,3.216554481433000046e+00,9.470616381019999475e-01,7.441724556315999507e+03,8.725520868144689413e-01,4.173087674580739872e+02
2.311952195479999972e+00,2.399304704163999880e+00,1.831580477036000021e+00,1.901090549707687751e+04,1.692227541831944210e-02,3.353486676656048382e-01
1.131329025906000041e+00,5.783116164899999578e-01,4.487887424290000205e-01,7.901171311551108374e+03,1.856351674805882535e-01,7.553304308937210720e+00
2.410126517391999901e+00,2.950742091006000045e+00,1.506516650982000050e+00,1.999568532493531529e+04,1.090557060973957465e-02,1.350660286795629939e-01
1.626660215745000082e+00,5.219985001160999616e+00,1.233600799878999954e+00,1.236626206025066858e+04,7.524800431056166694e-02,4.963541533524361427e+01
2.401661614782999887e+00,1.738401443347999953e+00,1.289534694532000092e+00,1.991049716875940794e+04,1.303930862139210667e-01,4.275975486913488055e+00
2.898541224219999823e-01,5.279101960109999769e-01,1.764567966590000037e+00,1.535598059916006605e+03,2.087509323307994158e-01,8.710271946705466917e+01
3.288381670839999882e-01,4.641636649008000326e+00,2.370419440230000063e+00,1.776541978890416885e+03,7.507358818717910220e-02,1.151210201062297500e+01
2.479995899217000144e+00,5.906723371867999894e+00,2.001430631129000215e+00,2.070076876842330967e+04,5.688255154865154255e-03,2.608085908296975952e-01
7.923749468730000300e-01,4.946900581497000182e+00,2.027811437042999820e+00,5.094355389586859019e+03,1.081993844829882284e-01,7.685910288944527435e-01
2.587072762322999875e+00,1.258434973181000061e+00,2.304684180721999986e+00,2.178783277580321737e+04,7.446670320997749934e-03,1.173098951959953978e-01
2.973421417975000036e+00,5.899930149811000391e+00,1.182389189628000103e+00,2.576982915156382660e+04,6.171243466178395233e-03,6.047183978271332416e-02
2.185579391572999963e+00,1.852408056337000009e+00,1.383822869582999937e+00,1.775405310820158775e+04,2.371609198739094149e-02,5.137156917614494889e-01
2.847113610755999780e+00,1.372903421059000095e+00,1.289642855911000030e+00,2.445830314552805794e+04,4.330301206001743708e-04,1.397659036275619368e-02
1.775388892972999955e+00,2.363773524501000090e+00,1.928307948710000108e+00,1.376943663014063168e+04,1.546621333519553314e-03,1.459311768476637301e-02
9.736083687290000288e-01,2.423270584522000171e+00,2.383297878311000151e+00,6.564298774186648188e+03,2.434243928118825367e-02,8.091482179343878478e-01
2.039357328873999897e+00,1.661559828029999908e+00,1.720629861292999996e+00,1.631605033913457555e+04,5.984748647977918522e-03,2.141492630049787738e-01
1.257882215301999951e+00,2.134061858238000209e+00,1.948256914407000107e+00,9.006880684812675099e+03,8.776758717666903725e-04,2.826437694361160369e-03
2.186133116776999952e+00,5.745990308174000027e+00,2.074956977753999787e+00,1.775953262337639899e+04,2.054992235811775245e-02,7.812807821942944209e-01
2.022082202740000056e+00,9.497729559000000696e-03,1.508371091065999980e+00,1.614738065745137646e+04,1.677181044807739144e-03,8.877436178140573741e-04
4.257941746100000202e-01,2.795158345688999901e+00,1.909217095293999966e+00,2.405372521112843515e+03,1.240775954669872533e-01,2.305006640217330869e+02
2.145521786336999970e+00,1.362181579957000066e+00,1.044030733208000106e+00,1.735831953037118365e+04,2.393367927551769483e-02,1.348175074479071478e+00
1.555624856596999894e+00,4.442112602179999925e+00,1.028025272780000110e+00,1.170511466499058770e+04,6.129378566785537554e-04,1.620789007465511149e-03
2.666681004533999921e+00,5.936213503682999715e+00,1.771520069699999977e+00,2.260091490719259673e+04,1.041726582984503534e-03,1.423445352352535349e-03
4.535781558499999977e-01,4.884962323937999784e+00,1.403945702562999998e+00,2.592834185652981887e+03,8.122490313253584102e-03,4.511640836120920373e-01
1.556789280305000078e+00,4.281566476220000084e+00,2.290351984732999835e+00,1.171590257032094814e+04,8.475335343129858368e-02,2.462860665168698837e+00
2.295168471215999872e+00,1.948002782184000026e+00,1.273221865777000028e+00,1.884326745866849160e+04,2.844522453663986261e-01,5.527676726023381804e+01
3.969849625529999759e-01,5.913415244510000335e+00,1.539319177557000096e+00,2.214311879636070444e+03,4.191076167506611189e-04,7.437493755969268620e-04
2.696304045924999837e+00,5.806310099434999650e+00,1.686298879241999948e+00,2.290449731474429427e+04,1.213770727501228830e-03,1.238675511177815547e-02
2.140096715355999990e+00,9.015364682809999808e-01,2.854337946780000079e-01,1.730482653124710123e+04,2.352641254109502297e-02,5.888743954796771263e-01
1.900959932711999922e+00,1.853943904692999967e+00,1.767927896058999915e+00,1.497246056060286537e+04,8.743509279744882123e-02,5.479420002112995292e+01
1.013366290015000004e+00,2.087726423383000185e+00,1.001966223624999985e+00,6.896629030233198137e+03,5.423421732426629213e-03,1.694960829052870321e-01
1.566758277514999964e+00,1.821783636329000089e+00,1.112808353958999907e+00,1.180833012678396517e+04,1.056662406113824913e-02,1.750712032887604963e-01
2.472708375440999973e+00,3.708977844896999887e+00,2.372508615652999975e+00,2.062706745510698238e+04,8.976010117362821263e-05,6.032709175377681809e-03
1.089450740351000091e+00,6.131396930714999804e+00,2.168983511743999948e+00,7.541499631316869454e+03,3.156878808491526880e-03,3.159556686959163812e-04
2.186789769889999846e+00,2.945931924429999738e-01,7.630061857319999641e-01,1.776603100796427680e+04,5.453975086185020721e-03,1.238857354860826987e-01
2.957687159794999854e+00,6.148875151513999882e+00,5.361959009200000237e-01,2.560596567120748296e+04,1.231629297185538215e-02,4.166879481419745734e-01
2.124018539380999826e+00,1.037038321102000005e+00,2.076519923171999960e+00,1.714643489223363940e+04,3.812229383002162415e-03,3.886665871672919520e-02
1.846008953831000055e+00,3.911748835396000157e+00,1.844039156300000037e+00,1.444404654264157216e+04,7.323380168627923251e-03,2.504480536684183800e-01
2.787042180614000220e+00,5.836439278801000441e+00,1.947045496060999970e+00,2.383775334034132175e+04,3.172215581129186803e-03,2.589746100911593726e-02
1.459843418309000107e+00,1.962834649326999914e+00,2.250434451059000196e+00,1.082367166509591152e+04,3.721214310332009688e-03,6.170648216626230774e-03
7.816213813929999699e-01,4.550233876831000224e+00,1.205958772298999948e+00,5.009659090617104994e+03,1.391048939179352628e-01,1.712485703225422284e+01
1.697951948525000088e+00,1.284863151579000107e+00,7.906435077090000485e-01,1.303577902166311651e+04,3.342453347986817924e-02,3.221304460443340290e+00
1.485823795089000088e+00,4.862392930380999623e+00,1.615130319571999928e+00,1.106157907568181872e+04,1.009706008844492384e-03,2.567315007620987310e-03
2.730619045181000182e+00,3.956989793823999957e+00,9.686820544099999930e-01,2.325684372838744821e+04,5.203652747054977358e-03,8.792406512982617328e-02
1.097759642123999901e+00,3.265923159476999960e+00,1.113160006917000011e+00,7.612601497120651402e+03,8.733601045010560074e-03,2.193410392645158424e+01
8.043758226389999821e-01,2.540316820721999935e+00,1.403204810199000008e+00,5.189230956912861075e+03,4.012760225858156486e-04,4.385569529339392167e-04
