2.876313584107000221e+00,3.614983197462999787e+00,1.201172189708999971e+00,2.476070196767239759e+04,4.172933120385125677e-02,9.501511849675626786e-01
2.255120453882999865e+00,6.109026613940000239e+00,2.327222252776000033e+00,1.844413447069050017e+04,2.673657339398800587e-03,2.079608053339930887e-02
1.633989176655999964e+00,4.543475514225000289e+00,7.088557375959999574e-01,1.243481906095734121e+04,1.569832199735121626e-03,3.595078991725384355e-03
1.704323169302000007e+00,3.030044522713000177e+00,1.245757437473999918e+00,1.309589364275446496e+04,8.054169228774089861e-02,4.654555915377115838e+01
1.765879772898000022e+00,2.622463493100000154e-01,9.072999992550000448e-01,1.367899621166129509e+04,3.299383061900443889e-03,4.124721387490680631e-03
2.686887878459999879e+00,2.252295017236999985e+00,1.525412635474999945e+00,2.280793931089170655e+04,3.217642916445257514e-03,8.090942267732331716e-02
1.841094540387000045e+00,3.272922067831999904e+00,1.025376914461999966e+00,1.439693544515674148e+04,5.997602167799788442e-02,7.320848844492197749e+00
2.944621362822999799e+00,4.869305229003000335e+00,3.918107548970000131e-01,2.546999627202213742e+04,1.052622365124234599e-01,3.058013085848856338e-01
2.677353047177999823e+00,1.653912423041000057e+00,1.957312157128000107e+00,2.271022076305733572e+04,9.800954528367041702e-04,2.320722949050170458e-02
1.987829947942999942e+00,2.056436419895999901e+00,1.032744552130999915e+00,1.581374503335265581e+04,4.260351820933435708e-03,1.037484843262074033e-02
1.066731804269999973e-01,3.834473962839000105e+00,3.825614449479999846e-01,5.078618288591444525e+02,9.748740464720022489e-05,1.295645317007639106e-05
1.905009750053999973e+00,4.207368353124000038e+00,1.513100943253999908e+00,1.501152119601569757e+04,2.012146285488143060e-01,3.319545539354746211e+02
5.818271045459999513e-01,5.307266144989999823e+00,1.404248610712999890e+00,3.495869777051721030e+03,1.735524363893169836e-04,9.875836936592762797e-04
2.113925454633000189e+00,4.453027604155000319e+00,2.466789257808999825e+00,1.704711555150671120e+04,1.886787775786404747e-02,5.804162261186712080e+00
2.248004422996999985e+00,3.081763888330999901e+00,2.371843110363999862e+00,1.837334365441741829e+04,1.538820938012208372e-01,1.276692840066553647e-01
1.898960862145000039e+00,2.700750996673999982e+00,6.906458190040000167e-01,1.495318531321989212e+04,3.274986088173305158e-03,8.996941533155668538e-03
1.393567649366000083e+00,4.194376000284999684e+00,2.795565599046000216e+00,1.022093421219665106e+04,1.536670224985303571e-03,6.881709488070621855e-03
9.575835850930000115e-01,5.009171667562999808e+00,1.984610365530000031e+00,6.431294210841878339e+03,2.490247161092397571e-04,8.899287238224978238e-04
5.965578899490000531e-01,4.831848074902000079e+00,1.118684017714999923e+00,3.603291319553727135e+03,8.925172532690997529e-03,1.032848809192658812e-01
2.473099924970000085e+00,5.079431494299000427e+00,2.083491093933000027e+00,2.063102639968978838e+04,2.957163986185675983e-02,4.472637083608831610e+00
2.824518071787999851e+00,3.382584597124000059e+00,7.754550096240000467e-01,2.422463880051665910e+04,7.300504869015260467e-02,2.396582297853682064e+01
2.203762629353000158e+00,6.711644861509999949e-01,1.611819076521999961e+00,1.793411920767758056e+04,3.252115642095842942e-03,2.609353714494897294e-02
2.956589090485000071e+00,3.438954514853000077e+00,3.088285166448999863e+00,2.559453497231450820e+04,8.988110534234657056e-03,2.285420529201439288e-01
1.300658350795999896e+00,3.896303979215999913e+00,1.076519861825999902e+00,9.386596736104744195e+03,5.952844814635334554e-03,2.271712618855952770e-01
1.681276360563999983e+00,2.548592602344999847e+00,1.092303010054000101e+00,1.287865454372950808e+04,2.265888967215805641e-02,1.699873935179067486e+00
2.582591213553000031e+00,6.214480952949999804e+00,1.836424754482000044e+00,2.174218203944038396e+04,1.222433603164573175e-03,3.916822021638887222e-03
2.938184698980999876e+00,5.423580614989999660e+00,1.529206901345000036e+00,2.540304776201837376e+04,1.485884301733054469e-01,2.455825055911775578e+01
2.776459698956999844e+00,4.161252853382999994e+00,1.325028742945999927e+00,2.372865474319603163e+04,4.170834260034345098e-01,5.186396820125694376e+02
1.721491376964999986e+00,2.268116668339999809e+00,1.350030188155000088e+00,1.325810569752155061e+04,1.423320880062036971e-03,4.074823726469490454e-03
2.514960448051000164e+00,2.027252384759999915e-01,1.404913034972000041e+00,2.105488539913107525e+04,1.251067673652949130e-01,4.633235583943769598e+01
1.585168607044999955e+00,6.002518641292000190e+00,1.824272594513000056e+00,1.197934338424073758e+04,6.856516432951905229e-03,2.790424894026811709e-01
1.299698440490999918e+00,1.831890148443999999e+00,3.034048099459999981e-01,9.378044363051309119e+03,4.469082687647950823e-03,3.484571546393618741e-02
2.557327776019000076e+00,4.644535272797999603e+00,2.099013909637999831e+00,2.148508637558493865e+04,3.561113425110367346e-03,7.668368113292964305e-02
1.906592328192999952e+00,3.883804339571999886e+00,1.074494651992000005e+00,1.502678953269647536e+04,3.216895579133936811e-02,1.285243904386563774e+00
1.685006277420000087e+00,5.448826328944000430e+00,3.589423121359999747e-01,1.291377222292106489e+04,1.400587631020172325e-03,1.561533785486758363e-01
1.735355546696000006e+00,4.770585945610999801e+00,2.614741753801999913e+00,1.338933642870029871e+04,1.027024067896180615e-01,9.933436043622559453e+01
1.743984523853999935e+00,5.839453892183000150e+00,1.909197953295999950e+00,1.347111935153937156e+04,9.976414186072277146e-02,6.872709269710475688e+00
5.265935404760000438e-01,1.277969515019999891e-01,2.350263594968999836e+00,3.099668013915514166e+03,7.668082120906493104e-01,2.922886342114846343e+02
1.084745580979000090e+00,4.608857564494000414e+00,1.412585562429999886e-01,7.501293891790258385e+03,2.159270497742809408e-02,5.136141062112312833e-02
1.766629607890999987e+00,3.284314579459999828e-01,1.400820311514999972e+00,1.368612434102789848e+04,1.594761506428611164e-03,4.894071532473611048e-03
2.636709703498000046e+00,2.075100705341999863e+00,2.864898100351000121e+00,2.229432537923123527e+04,2.099634832783963279e-04,1.042835667819158114e-04
2.877981567236000071e+00,4.790509386939000080e+00,1.277027649594999925e+00,2.477799057738190095e+04,3.034737118760699182e-01,3.940007922113093173e+02
2.025107250321000141e+00,3.753254175078999832e+00,1.507287805674000003e+00,1.617689716232766295e+04,5.354804094804569911e-03,2.328775954314474608e-02
2.255391895217000009e+00,2.914734580054000102e+00,1.659797483179999977e+00,1.844683557296522486e+04,2.765118488387129370e-01,9.775513707329888575e+02
3.278364710900000256e-02,5.842151327600000194e-02,1.238692668436000011e+00,1.482520497699153168e+02,7.314550020227478504e-04,6.956599315994915073e-04
1.432329110560000007e+00,2.351375018584000109e+00,1.001052547503000101e+00,1.057270895401863345e+04,1.927649138812409513e-03,9.563679410974178577e-03
2.848428635343999815e+00,6.134742348735000128e+00,1.134588225427000108e+00,2.447191116136044730e+04,4.466248040798814767e-03,1.809306944673916978e-02
2.173396333293000193e+00,4.827594497567999632e+00,1.158623186815000095e+00,1.763355600035817406e+04,6.352067251865496644e-03,2.819775037058616651e-01
