2.663142622915999791e+00,2.954358620040999917e+00,2.064201499408000018e+00,2.256468967502632222e+04,2.984532292140691656e-03,1.683523502266572047e-02
1.406375539801000052e+00,4.356038149628999712e+00,2.049745295352999985e+00,1.033693742259376813e+04,8.625427901240484332e-04,9.754277154254870378e-04
2.956329975361000173e+00,1.477846091470000067e-01,1.946283202512999910e+00,2.559183772853474875e+04,4.275320897246452471e-03,8.601483256555050860e-02
2.216067760236000161e+00,1.392150865644999902e+00,1.934322605668999939e+00,1.805612612173266461e+04,3.623634906414694747e-03,4.577188696627663284e-02
7.616647720120000020e-01,3.245476689889000177e+00,1.923131608460999953e+00,4.853289243167561835e+03,6.170446406894187510e-05,6.141883758472645408e-06
8.804293785769999880e-01,1.522755767510000080e+00,2.425597549359999938e+00,5.798883359256331460e+03,2.788398608135050569e-02,8.835496516709033799e+00
1.830090051346999980e+00,6.024170815024000092e+00,1.348250096324999925e+00,1.429153155906029679e+04,4.588254349234183876e-02,1.716776900496464364e+01
2.832254042296999952e+00,5.017641661766999661e+00,1.852380504049000010e+00,2.430460437155242835e+04,5.054829539138722648e-03,1.927538395241580882e-01
2.094465961636000184e+00,6.256598144038999720e+00,2.757637912162000049e+00,1.685587172845751047e+04,6.107901982863873924e-02,1.201722817965144863e+01
2.177497767784999816e+00,1.249516740875000087e+00,1.703197653966000091e+00,1.767410791817845165e+04,1.329738393311544475e-01,2.998530408908966008e-02
2.195221570534000133e+00,3.911416616278000191e+00,1.656855927020000063e+00,1.784950502015125312e+04,1.856594847562163808e-02,2.571040462393034076e+00
1.740638192735999956e+00,1.151246032989999973e-01,8.147867921060000240e-01,1.343939422152968655e+04,6.069727309795411134e-03,9.874618262897429111e-02
1.544779014843000065e+00,4.319188926489999858e+00,1.261480015320999959e+00,1.160471375945735781e+04,8.729776419770237661e-01,7.746174648554966780e+01
6.155084372350000388e-01,4.570406392465000245e+00,2.237744025233999956e+00,3.742532210848432896e+03,4.688127998100742730e-04,2.989675023674590189e-04
1.271879681019999930e+00,5.318589791957999857e+00,1.002303522609000019e+00,9.130815655790285746e+03,1.188411456963805015e-03,7.630655220866897981e-04
1.818432700758999987e+00,3.871112184550999924e+00,1.922111447370999926e+00,1.418000881078771272e+04,3.832367181186006888e-02,2.454472180121222369e+00
1.196916790038000000e+00,2.872569954503000123e+00,6.343311637109999568e-01,8.470811814410251827e+03,3.355851190084084279e-01,5.652538474065149785e+02
8.063446135490000000e-01,5.435821990243000279e+00,1.996561042686999965e+00,5.204831115753549057e+03,9.135936797254450015e-02,3.859902735046846800e+01
2.812764184921999977e+00,3.048843404972000126e+00,1.944172982543000083e+00,2.410320759116417685e+04,3.487886879195748694e-03,2.036063158710223198e-02
1.009745278013000069e+00,5.987015305991000069e+00,1.372950372248999962e+00,6.866225874751617084e+03,6.308691931531161812e-01,8.285866673722867972e+02
1.251511655820999991e+00,3.515218470640000259e-01,1.285937878379999955e+00,8.950579090948533121e+03,6.476497804070038833e-02,4.343007329060237254e+01
4.861035473870000123e-01,9.591501334069999496e-01,1.415890820016000085e+00,2.816132582478039694e+03,2.356125697168640239e-04,2.431177651202130329e-04
1.966895381657999931e+00,6.253645539840000378e-01,1.757831561503000017e+00,1.561035883915787053e+04,2.198296931360565337e-02,2.986342588262294595e-01
1.652624716410000083e+00,1.630963245328999944e+00,8.475227231680000362e-01,1.260942357209013244e+04,3.050889872730369948e-04,9.271195320236628751e-04
2.417734569490999963e+00,5.766212181821999572e+00,1.803449837877999951e+00,2.007229421579775590e+04,8.193552589519563153e-03,5.008201618156601365e-01
9.628874712510000489e-01,4.556806458749999678e+00,1.054038121413999995e+00,6.475254954757173437e+03,1.135108995021672819e-03,4.556316996856601097e-03
2.919821904073999885e+00,2.012596357964000049e+00,1.163220602116000091e+00,2.521218079850534923e+04,3.418655763811193158e-03,2.324742382857001438e-02
1.600614656350000109e-01,2.757308526230000112e-01,9.971234557600000548e-01,7.883579870673728465e+02,3.632708027959665516e-03,6.414634191629667304e-02
2.559236658879000093e+00,4.986068691244000206e+00,1.450303950944999976e+00,2.150449756255772445e+04,1.717684856033972144e-03,7.020985107062222355e-03
1.648732326203999898e+00,4.701173942960999774e+00,1.690532911692000040e+00,1.257292070966225401e+04,6.269780009437556393e-04,2.113611156753109240e-03
2.573801519719999820e-01,5.143942210982999974e+00,2.837557554223999912e+00,1.340477007353028284e+03,3.021323887090761979e-04,1.701540497819789652e-04
2.635043511965999841e+00,9.717920640610000493e-01,7.299237520800000434e-01,2.227729792655468191e+04,1.835671223343058548e-03,3.397270776399682803e-03
2.301494945292000160e+00,1.486613133747999971e+00,1.338880415351999975e+00,1.890643198702063091e+04,1.223631555962258373e-02,2.515750776989139625e-01
1.745740138546999942e+00,3.622494747135999837e+00,2.539364661967999925e+00,1.348776842445891998e+04,1.256604942883473804e-04,1.181464442991572017e-05
1.874718111570000123e-01,5.687526054271000220e+00,1.877264801289000085e+00,9.387054494925017707e+02,2.397075546326584859e-04,9.928798403348350885e-05
2.222724782269000166e+00,4.139191619713000314e+00,8.253621665260000295e-01,1.812218173855142231e+04,4.130183345253181371e-02,2.210162361126700503e+01
6.561194192739999709e-01,2.004175394890999939e+00,9.189501686769999678e-01,4.044776764254651425e+03,3.085361021925760584e-04,1.836153607144758767e-04
2.648537069100000085e+00,2.461440029498000115e+00,2.701172147603000173e+00,2.241524463587221544e+04,1.550176286524151681e-01,1.013856305370669446e+02
2.689518666627999988e+00,3.542871358464000142e+00,9.261596560039999648e-01,2.283491115387300306e+04,5.880774658279421668e-02,1.761251215092911826e+00
2.105460776200000161e+00,1.646675604607999999e+00,2.599675188372999823e+00,1.696388680945854139e+04,3.852850202093116017e-01,6.548401988696323315e+02
7.070991570919999969e-01,4.198229140600000242e-02,1.420342041489000007e+00,4.431301462282879584e+03,9.865837024692399870e-01,6.325862352846938208e+00
2.383211494604999814e+00,1.733306338995000084e+00,2.199190098806000027e+00,1.972499989461519363e+04,4.281336818907031765e-03,2.236967142063555833e-02
8.640717259289999452e-01,5.777342721654999735e+00,8.699177953890000481e-01,5.666567632838373356e+03,1.003858537497248800e-03,2.485336751547855081e-03
1.218962281840000050e-01,7.063803735920000104e-01,1.062017839708000011e+00,5.861361075173213067e+02,7.034421168583518576e-04,5.922368505134156802e-02
7.759347729859999987e-01,1.882232172823000038e+00,2.777599937963000087e+00,4.964993698781710009e+03,2.673755947847852605e-04,1.277033257742768923e-04
1.823310770226999944e+00,8.028532579680000003e-01,1.676780441682999889e+00,1.422665909857371480e+04,7.268037793086344622e-02,6.334648647859484072e+01
1.291752708338999911e+00,3.360978511528000201e+00,1.507344180010999901e+00,9.307306256931617099e+03,1.202043801120685276e-03,8.450407952263157274e-03
1.208850288257000027e+00,4.871797286437000274e+00,9.257149883090000086e-01,8.575256677920049697e+03,1.361658931803545530e-03,4.212283958688007278e-03
2.785444761433999883e+00,4.375697303681000072e+00,8.709726310119999537e-01,2.382128069968943601e+04,2.516894262115573593e-03,3.155561236871826797e-02
1.315664877369999985e-01,5.582363216781000226e+00,2.298172139866000219e+00,6.365736731312125585e+02,6.318095289576480767e-04,1.672017806492472882e-03
1.185130199359999970e-01,4.449186200360999877e+00,1.420293408944000024e+00,5.686206900824283821e+02,5.513867382581679605e-02,2.595454085483493500e+01
2.538854751830000200e+00,5.631750029331000107e+00,2.656316852863000122e+00,2.129736188281217255e+04,3.057960101072264014e-01,1.847885934710085394e+02
2.960098449494000139e+00,2.230258471641000106e+00,2.061802290544000105e+00,2.563106908116041814e+04,2.976481525171448001e-03,2.106680443601431293e-02
1.712264669989999932e+00,2.724959705213000127e+00,5.272442074419999569e-01,1.317088758884461822e+04,5.813979124376570523e-02,5.982285434109966271e-01
2.761228987828999948e+00,3.753872607917000170e+00,1.725287152086000031e+00,2.357175338480232676e+04,1.378036038826551124e-01,8.703855960105998690e+01
2.658478631717000162e+00,8.512326880349999625e-01,7.528170502319999624e-01,2.251695273754364462e+04,3.176943831414136103e-03,1.236680477061317084e-02
9.445429650429999491e-01,3.141169637419999994e+00,2.656962318305000181e+00,6.323468175934347528e+03,7.474679222243467425e-02,5.175491661847383185e+00
2.975625317492999855e+00,6.006918876800000362e-01,1.698799943503999987e+00,2.579279236038872114e+04,1.665569610800742006e-03,3.746926594258941784e-02
