1.175664039441000064e+00,1.537840020520000017e+00,1.047575575962000016e+00,8.285404209330108642e+03,1.509218031849490771e-02,3.361377849006794261e+00
1.651304291940000057e-01,3.551734582373000215e+00,2.106339159992999921e+00,8.158450855327507725e+02,1.309134226410009309e-02,1.215585250363178327e+00
2.583498058576000123e+00,3.306873590638999882e+00,6.971538339480000124e-01,2.175141844122560360e+04,6.305399927177376268e-03,1.443689232291658353e-01
2.863421311031999927e+00,4.432207787225999951e+00,2.019177165683999853e+00,2.462712748957953954e+04,1.608819205864712477e-03,6.948292779571375562e-04
1.406429484610000058e+00,5.165552685124000121e+00,1.493368976129999970e+00,1.033742650006284020e+04,5.211706226807240799e-05,4.372151257841916231e-04
3.265531466250000125e-01,1.221500481659999915e+00,2.282513887089999971e-01,1.762223104413749070e+03,4.912360920329128522e-02,2.829093540877186896e+01
1.993687687780000051e+00,1.547891558622999986e+00,2.398377807909000126e+00,1.587072704482225527e+04,5.611875799970638123e-01,9.614997849100740268e+01
4.978414043809999967e-01,6.036201801633000130e+00,2.801508208322999849e+00,2.897705465993654343e+03,5.440931796823454420e-04,2.267425348085950793e-04
1.685801065563000023e+00,2.862226451584000131e+00,2.680195770386999854e+00,1.292125729292358483e+04,1.271310920950746107e-03,7.500577109745890352e-04
2.221870895146000002e+00,5.923526628662999727e+00,2.521935118373999973e+00,1.811370690286935132e+04,4.512870505829061907e-01,2.075853521093496283e+02
2.431794698380000119e-01,3.564228404601000211e+00,7.393457631780000483e-01,1.256805174470933935e+03,6.625603586240155470e-04,5.527072278318120348e-03
2.021214041276000017e+00,6.252714069437000255e+00,3.133906928279999726e-01,1.613891120059881359e+04,3.481880064393415575e-01,5.693923390795408750e+02
1.749644296705999968e+00,1.596950933008999929e+00,1.859804750784000094e+00,1.352480476523884681e+04,6.989120571349910667e-03,9.234364661871719004e-02
1.146277396029000029e+00,5.852532517226999964e+00,2.141164361591000098e+00,8.030332083066553423e+03,9.143507058629585238e-02,3.036558867650860805e+01
1.332020235946999920e+00,2.041045634137999887e+00,1.156184428485000026e+00,9.666793147600139491e+03,9.846948563860326298e-02,5.018266649263135548e+01
2.935564876558999892e+00,3.780474945378999863e+00,3.736225293459999874e-01,2.537580525989832677e+04,1.547152885971739451e-02,2.167090960370630648e-01
1.533641806239999905e+00,4.408458920999999871e-03,2.072498505503999944e+00,1.150176947350731643e+04,8.712600830475124292e-02,4.033520662908510701e+01
7.595756443400000224e-01,2.592823738810000056e-01,2.594447998753000029e+00,4.836981597570462327e+03,1.883619656700032466e-03,3.050294459705306382e-02
2.840102535852000010e+00,5.309314796180000240e-01,2.827909062559999853e+00,2.438576868203420236e+04,8.134681237883075594e-03,3.936157951794869159e-02
2.333814255520000047e-01,1.421914055673999977e+00,1.313714995683999964e+00,1.199674552847191308e+03,1.142315217581792025e-01,3.686219252954653580e+00
2.707529039997000009e+00,2.343002508410000073e-01,1.851960326664999990e+00,2.301967575065135679e+04,3.150702087936973692e-04,3.062696830090493039e-03
2.676074152816000140e+00,4.370042900186000168e+00,2.953846250074999791e+00,2.269711822531643338e+04,7.365065783604031469e-02,4.051222392837715347e+00
1.521934309910000005e+00,2.056319819490000089e-01,1.731244821555000035e+00,1.139372341428513937e+04,9.654172693107877790e-02,1.153673018543088347e+01
2.140351372080000036e+00,4.093608482110999702e+00,1.381257702192999925e+00,1.730733698244970947e+04,4.177058462193127507e-03,2.189102181133282393e-02
1.199394405887000081e+00,5.081263864739000269e+00,8.800416136740000228e-01,8.492476674304638436e+03,5.554819187190638274e-01,3.356576829018285935e+02
2.238988647409999810e+00,4.483503991128999999e+00,1.541123835525999963e+00,1.828371101895190804e+04,2.427560971616545948e-03,1.747968291448237066e+00
2.993673446084000211e+00,3.647884777180999905e+00,1.991318606882999998e+00,2.598094181283162834e+04,4.832630983704087023e-03,1.429833979663297679e-02
1.370322385140000099e-01,2.072900077981000067e+00,2.456740842518999823e+00,6.653243369357921893e+02,5.730950940355208911e-02,5.708286569240967889e-01
1.450970879869999952e-01,3.696736481329999879e+00,2.314859797402999853e+00,7.080638855519482604e+02,1.023373188243608123e-01,3.587950113076713592e+02
2.806503845422999799e+00,1.753770485370000076e-01,4.886763658850000192e-01,2.403856415757330979e+04,1.606507819386451558e-03,1.345932132104587543e-02
3.777190130240000165e-01,2.314771031873999796e+00,1.222339218729000088e+00,2.088487618780821322e+03,8.399861291059361468e-02,1.860909119148257957e+02
1.499477927770999974e+00,4.957162862848999652e+00,2.027353178480999940e+00,1.118697041351495500e+04,5.297842155290164064e-03,3.967365340992073941e-02
8.082175420860000514e-01,5.066321717313999606e+00,8.430372979439999526e-01,5.219680905277095917e+03,1.575249858402128639e-02,1.812410684876654576e+00
2.801797033730999864e+00,3.303739644914999829e+00,4.947660419589999803e-01,2.398997744661381148e+04,5.964261726307393784e-03,4.093753714988816461e-01
1.300413634760000103e-01,4.493386957682999672e+00,2.059323180204000181e+00,6.285824734404623086e+02,1.663644376270264008e-03,1.860152750748582731e-02
1.835681253910000033e+00,6.089258842353999945e+00,1.391264654717000004e+00,1.434507022628791856e+04,9.233291083592249900e-04,1.227263754281521062e-03
2.231953376869999950e+00,5.037361048282000375e+00,1.963607891389000049e+00,1.821381252035235229e+04,4.149055213882977405e-02,5.123831531539797091e+00
1.667616903941999906e+00,4.777760361358000196e+00,2.156918221056999929e+00,1.275018360722543184e+04,6.731799841512391414e-01,8.956353260517033732e+02
3.102191351210000225e-01,3.479301586934000046e+00,1.412549880790000101e+00,1.660572714013052519e+03,6.135924550053254434e-01,2.199330626049248281e+02
2.194357806434000135e+00,3.995498866215999811e+00,1.262792519260000024e+00,1.784095119484181851e+04,1.941785993698254015e-03,9.336074431808142823e-03
1.925179605437000063e+00,4.420825434312000368e+00,2.876289310596999993e+00,1.520629558806011846e+04,3.902321340018091167e-01,2.154765874129659551e+02
1.400885675020999921e+00,2.460574367789999939e-01,8.717057542280000071e-01,1.028718636272250842e+04,4.512012373734242262e-04,3.807208164682571259e-04
2.238789482373999995e+00,5.104794842898000340e+00,6.658029510890000058e-01,1.828173169020864952e+04,6.486676441411812731e-03,2.097098495230775572e-01
6.474906377900000454e-01,5.652678056689000030e+00,1.003917772130000108e+00,3.980127206674291301e+03,2.022534088309504291e-02,5.524490739693754904e+01
1.004096488899999917e+00,6.297866272490000306e-01,1.244944114918999922e+00,6.818850582104947534e+03,1.752548770637492228e-03,6.424757290512539062e-03
2.782232362475999921e+00,3.332680920103999966e+00,2.665670761518000198e+00,2.378815892944950974e+04,5.240338562820479051e-01,5.009029756451090520e+01
2.846074785348999825e+00,3.580539874858000182e+00,1.909177446611999951e+00,2.444755397552345676e+04,1.217424203715659296e-03,8.292385158457526604e-04
2.151059571735999931e+00,3.850146805092999891e+00,1.525552000021999977e+00,1.741294917027097836e+04,2.398020226192131010e-01,6.880591594765888885e+01
2.557708330619999915e-01,1.900868605744999940e+00,2.088310086451000025e+00,1.330943473976841688e+03,1.669529043179925065e-01,3.705715296689324134e+01
1.365202748763999940e+00,4.150439983692000290e+00,1.864606497865000101e+00,9.964863643119815606e+03,3.651655263637879067e-02,3.140721369653427963e+00
1.428963264889000051e+00,6.209712604894000343e+00,1.343471884186999921e+00,1.054207960740803173e+04,2.798505519876744261e-04,7.091970925998348433e-05
2.892158560773999909e+00,3.452639120015999818e+00,1.830981722126000077e+00,2.492499875155588961e+04,1.193914627456513049e-02,2.380745262477991162e-02
1.417035092059000023e+00,2.114933014172999837e+00,5.880712282200000196e-01,1.043365901177411979e+04,9.922692960640473736e-03,1.336820642485378463e-01
2.582744324790000157e+00,2.092315686146999809e+00,1.669307072102999889e+00,2.174374147083928983e+04,1.210923633443753865e-03,6.253552866910916212e-03
9.937306669640000312e-01,3.335365018687999950e+00,1.184253454357999891e+00,6.732085924429021361e+03,4.056938819313159368e-03,1.406633095006167185e-02
1.387672055202999966e+00,5.565465961384999716e+00,1.449346965014000066e+00,1.016761516709063835e+04,2.003255838454976140e-04,3.641424255417929630e-04
2.325679940071000207e+00,1.129520147198999958e+00,1.722169555038999933e+00,1.914817836544665624e+04,3.210762136011136633e-03,2.740089980165329522e-02
