1.236311984590000024e-01,1.982761082589999946e-01,1.229044849851999910e+00,5.951446555258794433e+02,3.330416155840765311e-03,7.687361395282298060e-02
1.350352851645999941e+00,5.764670424523999692e+00,2.887624979827999816e+00,9.831269189119480870e+03,1.702112052614435100e-02,9.867315803687999320e-01
4.494790218179999797e-01,5.266181855808000023e+00,1.186316149330000069e+00,2.564983585889763162e+03,1.193213495742122742e-03,2.805964985652435306e-03
2.499595574744999826e+00,1.785115037226000068e+00,7.408100803399999545e-01,2.089916883657456128e+04,7.762729885754731610e-04,8.561113546823349374e-04
7.674735711679999683e-01,1.798530555584000101e+00,1.158496529733000102e+00,4.898694287196745790e+03,1.826320095837933102e-02,4.173529266613082100e+00
2.578027623521999878e+00,3.316855994372000183e+00,2.510611131161000209e+00,2.169570913134140210e+04,4.932229249517620928e-02,1.550358350667667695e+00
2.427807874831999779e+00,1.906794339828000062e+00,8.632761381969999981e-01,2.017379036726848790e+04,2.687872020176944429e-04,3.382445780408380913e-04
2.502068035104000110e+00,1.253744017675000100e+00,1.585253724603000069e+00,2.092421532412766101e+04,1.052750324959255118e-03,5.559998952444698654e-03
1.350519500370999992e+00,5.863436723028000230e+00,2.381955160760000079e-01,9.832766614114301774e+03,3.200294536302485723e-03,6.790583401273343755e-02
3.338617571440000154e-01,3.281747432733999936e+00,2.930931823322000085e+00,1.808106150509234794e+03,4.650095497680546419e-01,3.731217482014311031e+02
2.951612412660999940e+00,6.143089954937999586e+00,2.510411791489999822e-01,2.554273700595758419e+04,7.283026853491450514e-02,7.461606454783591857e+00
2.932274939512999890e+00,5.312454688338999809e+00,1.497467510811999913e+00,2.534159990466453019e+04,5.524380743276023631e-02,1.172424980638096415e+01
2.645397645093999994e+00,2.467864032488999992e+00,1.670836663573999958e+00,2.238313947807255317e+04,3.281802169723423146e-02,2.397486167397161250e+00
1.407848562429000028e+00,4.774278429814000191e+00,2.729650451283999857e+00,1.035029369452737046e+04,1.541759978698800937e-01,3.605307600911534394e+01
2.770856021844999795e+00,4.729440555018999959e+00,1.947387943842999958e+00,2.367091149492085242e+04,6.568315056174172870e-03,2.081357227097140328e-01
2.797400869556999847e+00,3.777000466734000028e+00,1.986106043591999937e+00,2.394460924953455105e+04,2.846376482528482736e-03,2.880279948802436790e-02
2.107874120583999922e+00,3.660926844549999837e-01,1.790187575892000060e+00,1.698760975295440585e+04,3.354401271488023813e-03,1.201895129860565230e-02
2.571619361928000114e+00,3.305330938028999910e+00,2.482995013096000125e+00,2.163047428400992430e+04,3.022906966066338588e-03,3.123055290510739612e-03
2.496787159653000021e+00,5.472118511827999576e+00,1.968911116422999985e+00,2.087072413480264004e+04,1.389659037507879648e-02,4.558808228569449783e-01
2.826480357361000006e+00,3.146174862077999901e+00,1.200341653136999920e+00,2.424491934838020825e+04,1.242589939475464457e-02,3.247821657223782243e-01
6.158781184730000025e-01,5.139895920138999763e+00,1.975403572148000109e+00,3.745260037221340554e+03,1.341247237234335313e-03,5.085158755131937228e-03
8.186509021800000285e-01,5.502451580758999761e+00,1.862549223457999892e+00,5.302566931802789441e+03,1.852147065398474790e-01,8.269126183354246962e+01
1.066538102153000045e+00,8.331552876309999967e-01,1.616484863911000103e+00,7.346108186002785260e+03,9.936854174409916695e-05,5.252426810696948735e-04
3.686188991039999752e-01,8.062289217110000239e-01,2.486669590936999796e+00,2.029611112755121439e+03,1.881543112452326375e-02,2.577177381041123816e+00
2.284674200480000028e+00,5.338801957345999938e+00,1.809671128236000071e+00,1.873855835917643344e+04,8.689638471892737956e-03,4.379191589539721541e+00
2.707919184297999937e+00,3.952288923864000214e+00,1.766557426264000030e+00,2.302368037893016663e+04,1.880057859744399193e-02,7.199318043353563068e-01
7.787953801700000511e-01,2.073056476345000121e+00,1.169470147248999892e+00,4.987451610846800577e+03,9.247813795228836684e-04,4.395305664329243918e-03
2.259983323859000137e+00,6.024075848706000436e+00,1.970158896182000019e+00,1.849253340406276402e+04,1.836990914919940654e-02,2.350303737237577004e-02
2.646020963799999848e+00,2.084537607085000133e+00,2.299466850782999838e+00,2.238951331653590751e+04,2.716875273184906660e-03,1.287580678898935134e-02
2.920786372109000162e+00,1.338524972899999936e-02,2.577505128858000205e+00,2.522220100965520760e+04,3.120422641773487049e-01,2.046487546179552908e+01
1.116237375134000009e+00,2.534849144164000201e+00,2.420519532234000071e+00,7.771183373958941047e+03,2.827354379390144626e-02,2.936081201840352595e-01
2.809262181542000025e+00,5.144422848008000315e+00,8.906896503869999870e-01,2.406704352840974752e+04,3.430669968202044728e-01,7.922049626955086410e+01
1.610922181640999984e+00,1.858819618145999941e+00,1.754470849732000071e+00,1.221925886935823473e+04,3.258991984458614165e-03,1.621007714168442096e-02
1.717087603326999945e+00,2.314806433989000212e+00,1.911284209026999914e+00,1.321646605101016030e+04,3.995877599651401768e-01,7.425500306626249767e+02
1.402542452595999967e+00,3.705202338949999952e-01,6.552298976679999942e-01,1.030219617287877008e+04,1.525021247085653689e-03,1.495749548120524179e-02
1.024981968612999950e+00,3.001944870871999793e+00,1.110080759401000039e+00,6.994338167937225080e+03,5.394738234594238617e-03,7.650646385623861064e-04
1.741388530640000099e+00,3.860597160184000121e+00,1.406305642208999895e+00,1.344650679905558172e+04,4.402089912086014551e-04,2.451385037490715763e-03
1.254139667378000089e+00,2.044094315423000019e+00,1.147060513823999983e+00,8.973796950312791523e+03,3.125859367663753052e-01,1.481211961090464797e+02
2.902413385140000024e+00,3.844419995317000183e+00,1.531007409637999972e+00,2.503140707256890892e+04,1.027423711664608372e-02,1.736397198092461402e-01
1.735321528027000015e+00,3.862151700479000027e+00,7.464748956250000234e-01,1.338901416964701275e+04,1.166902727249243127e-01,2.971543348071826074e+01
2.189967892393999804e+00,2.890239807910000014e+00,9.256867500950000105e-01,1.779748735446396313e+04,2.149176727364416999e-03,4.147337451360150196e-02
2.693921694534000100e+00,5.319718175462999632e+00,1.050328456751999928e+00,2.288006230736856742e+04,6.859442950176980469e-02,2.143427086399200121e+01
8.774475706190000279e-01,5.831383750647000319e+00,1.086432911653000044e+00,5.774716418176267325e+03,4.346285124552640711e-01,3.236350357786052427e+02
1.983555779557000021e+00,2.156980771236999939e+00,1.066623149333999931e+00,1.577218727802714602e+04,1.151639552522981452e-03,1.979926688593523825e-05
2.547842487082999874e+00,5.294041850860000231e+00,9.805563722700000318e-01,2.138866760302695184e+04,4.098306080518194019e-03,5.645133113250551393e-02
2.375980968568999874e+00,6.155321731576999689e+00,1.210383079200999967e+00,1.965237162573634487e+04,7.062554742475567540e-03,2.622276534630842842e-02
2.081487550563000166e+00,1.096128676970000021e-01,2.312363074929999929e+00,1.672850287378220310e+04,2.158305093773405826e-03,1.541950976457496895e-02
2.282357216278000145e+00,2.360319615380999991e+00,6.471911151220000047e-01,1.871545146484192446e+04,2.866046336267544540e-04,2.515753841220166680e-04
2.918311932099999950e+00,3.008643921099999827e-02,2.503556942779999961e+00,2.519649419333106925e+04,1.026269162679978872e-03,1.082186621975947047e-02
2.531942121205999818e+00,5.982049817079999610e-01,1.504823130249999918e+00,2.122717380971422972e+04,3.678392623014960314e-03,4.631987033345273674e-02
2.397331520147000017e+00,5.355677545480999946e+00,1.544044469778000028e+00,1.986694036087381028e+04,1.807610844658572302e-01,1.641531374710026228e+02
7.384685288400000269e-01,1.279827552253000045e+00,2.627683540441999810e+00,4.672887276284507607e+03,1.114819997819900682e-01,2.741393421572854905e+01
2.535189120527999940e+00,8.387636609909999708e-01,1.608068900139000057e+00,2.126013854050160080e+04,1.263043479806189584e-01,1.132995639598253916e+02
1.312748047261000028e+00,1.946886945864999996e+00,1.168285239405999931e+00,9.494432013010889932e+03,1.397324432891218216e-01,6.688433544974853362e+01
1.959502328511999902e+00,2.870337879651999824e+00,1.519009188062999893e+00,1.553862987379973674e+04,1.273830778055049743e-03,1.713700580580723764e-03
1.274736140771000059e+00,2.007551514210000054e-01,9.342561761650000074e-01,9.156145344076847323e+03,1.686359947723855028e-03,7.846361184017967144e-03
1.761586064345000091e+00,7.487015417000000145e-03,1.181226593451000006e+00,1.363819061743216298e+04,5.089970977918082534e-02,1.462234645141768929e+00
5.116093852540000153e-01,4.779681657048000076e+00,1.465680237921000106e+00,2.994038768908147176e+03,8.875121176992621164e-05,2.518844436585442585e-05
2.708935038859999977e+00,3.582230062519999869e-01,1.895799306483000102e+00,2.303410803798547931e+04,3.418679280705872164e-03,7.290391938091183091e-03
9.133803816459999947e-01,2.515819026307999806e+00,1.570763088184000011e+00,6.067324463432311859e+03,2.929264543766925692e-04,1.722435449211687729e-04
2.132854679660000086e-01,1.321797271672999985e+00,6.710624360789999576e-01,1.084060792293096711e+03,4.174979959981342525e-02,3.202327892386922503e-01
4.491249936130000120e-01,2.849200384575000022e+00,1.994697714133000011e+00,2.562581332587774341e+03,3.677568796040796978e-02,3.977153689938343284e+00
