2.529046424694000095e+00,5.630073546311000321e+00,1.982897753612999914e+00,2.119778161491792343e+04,8.351157299756556060e-03,5.096658933121832324e-02
1.094756098149999995e-01,1.802377655848999893e+00,1.824053272021000094e+00,5.221671871242252791e+02,3.767954808833448577e-02,2.770989964667085026e+00
9.752821743930000231e-01,5.156134793837000352e+00,2.045682931350000011e+00,6.578222951278955406e+03,8.891316690547823587e-03,6.956473443135107182e+00
1.851060180348000017e+00,5.406085693859999708e+00,2.027277871188999825e+00,1.449249450302042897e+04,3.210163113338329044e-01,5.469159514500848900e+02
2.074342630987000113e+00,5.163041304601000192e+00,8.723777028079999774e-01,1.665844539066162179e+04,5.915614733958539373e-03,8.022132210266355590e-02
2.150379410085999865e+00,5.677193307250000265e-01,2.587556301205999887e+00,1.740623808011455912e+04,3.980598001459648150e-02,6.741506711746598768e+00
6.343087445689999937e-01,5.606561411920999660e+00,1.651727595065000109e+00,3.881809297921074631e+03,3.503573266012435339e-04,7.708175689158433660e-05
2.881849801407000200e+00,4.543519733335999788e+00,2.593074166485000109e+00,2.481809084720186002e+04,3.336592318110704215e-03,1.605093027949454354e-01
2.853187337839000026e+00,3.296164425908000073e+00,9.179507735480000319e-01,2.452116307439326192e+04,4.138467338274037788e-02,1.634550035392636858e+02
1.401489327048000000e+00,4.217881174079999851e-01,1.823479220205000084e+00,1.029265478400153552e+04,9.127930949732369166e-04,1.249825572458779308e-04
2.192981208032000140e+00,3.617243698725999934e+00,1.516895489781999951e+00,1.782732003555821211e+04,2.479747331542934974e-01,7.512501156805748792e+01
2.905717813428999818e+00,3.398510547178000163e+00,1.299424300992999992e+00,2.506570784564990390e+04,1.439545711011323142e-02,1.196212458157052794e+00
1.353415572687999946e+00,3.180997954582000187e+00,3.816524209430000036e-01,9.858795871236885432e+03,2.963381198111112239e-02,1.905272468517827389e-01
2.373493836680999891e+00,2.137771598626999836e+00,2.272541792095000179e+00,1.962739801002631430e+04,3.050493138635510231e-03,1.417325264186403144e-02
1.782464546696000074e+00,3.374215458659000078e+00,1.619466109780000052e+00,1.383679461827622072e+04,5.055951368064560691e-01,4.603558545471531716e+02
2.894474639638000113e+00,4.116001814368999590e+00,2.210577123110999853e+00,2.494902614838671070e+04,3.998112115487979269e-03,2.122027288907418763e-02
1.959040124875000011e+00,6.179069820907000299e+00,2.248604384581999849e+00,1.553414716800375027e+04,1.172414688109757325e-01,3.461073881742114278e+00
2.625690633931000217e+00,4.640042733965000110e+00,2.040695274578999907e+00,2.218175022784353496e+04,5.539638752511052977e-03,5.565459188697852860e-02
2.679203293279999731e-01,3.559394043794999796e+00,2.164513322721000055e+00,1.403237229625084638e+03,6.278202271457271610e-01,1.645782827114125837e+02
1.638962790097000077e+00,7.497962874079999729e-01,1.043262757796000084e+00,1.248137942141798158e+04,2.149973111792996203e-02,4.891130826646402641e-01
2.847131904014999826e+00,2.862505326820000140e-01,1.621498708707000080e+00,2.445849243928153010e+04,4.614719940163522494e-02,1.921069492655755795e+01
1.805830838389999915e+00,1.143051138182999971e+00,1.764252818347999963e+00,1.405960698994958148e+04,2.341284137798382251e-04,4.606063655599599432e-03
1.391572854464000031e+00,6.001844934386999952e+00,1.886052503806000091e+00,1.020288797521237939e+04,1.358150419124252474e-02,2.742287297339017146e-02
2.210174497885999845e+00,2.667065146786999907e+00,2.657264039894000174e+00,1.799767856098246193e+04,4.976237059508867126e-03,1.056886012951991777e-01
2.780045995338999987e+00,3.698000549018999994e+00,9.651376058509999467e-01,2.376561968122696271e+04,1.469737005886291234e-02,1.799356953090148203e-01
1.636454928110999907e+00,8.140555582570000448e-01,1.638156578543999986e+00,1.245789851465391439e+04,1.569482415568545716e-02,1.575015570692710476e-01
1.362751458913000091e+00,3.773685770594000122e+00,1.086796669818999916e+00,9.942788766131485318e+03,6.575345598936092363e-03,3.211775630175982971e-02
1.482400743719999969e+00,4.987131068971000225e+00,2.343365792719000140e+00,1.103018223807064351e+04,2.816548613742418314e-03,5.072407599723106203e-02
1.861167792797999931e+00,2.712876546019999946e-01,2.799007982986000176e+00,1.458951665783490535e+04,5.628874878435878581e-03,2.461063994317296694e-02
1.613108804124999907e+00,2.984661074689999860e-01,2.330959513910000058e-01,1.223966570776202570e+04,1.108160421014099326e-02,1.614979601246274987e-01
2.528135466478000026e+00,2.787671959973000213e+00,2.688327961419000101e+00,2.118853628104718155e+04,3.848761823734370147e-02,2.312633408161030246e+00
1.397224613660000003e-01,3.250973729220000275e-01,5.772739964090000120e-01,6.795392334426157959e+02,1.783558190185875704e-03,1.552178663249502780e-02
2.154642781298000020e+00,3.633939152653999916e+00,7.185392606870000254e-01,1.744831068403090103e+04,3.420971332207093513e-02,1.167402882046992163e+00
2.494188297996000170e+00,4.017371304350000116e+00,1.532031536791000015e+00,2.084440668109905164e+04,1.008881511167200682e-03,3.252141310363190069e-02
2.015385549819999900e-01,1.452618622539999960e+00,2.159067325541999871e+00,1.017469206696924971e+03,5.609744996748274870e-01,1.657235267103068566e+02
1.680391070058999903e+00,6.105989586145000203e+00,1.282549385969000033e+00,1.287032172218086089e+04,1.167776598489144065e-02,7.545749293991065310e-01
7.592805657179999557e-01,5.197252562413000376e+00,7.731099538760000112e-01,4.834679176481986360e+03,2.583891629375992781e-03,6.795010812849570925e-02
1.243521794949000059e+00,6.144028406566000022e+00,2.225828954785999958e+00,8.880059221662386335e+03,6.371883509869785689e-02,5.119534765926849751e+00
1.679836228382000085e+00,4.669913571009999820e-01,2.257897152407999819e+00,1.286509971178495289e+04,7.084125133551001652e-02,1.252369186240576582e+00
1.609642715831000048e+00,6.270299852903000293e+00,2.057455837123999931e+00,1.220732079223950132e+04,7.371770103989329012e-04,2.214282505054585102e-03
2.197925140194000093e+00,5.164269800240000041e-01,2.551263811411999871e+00,1.787628226745243228e+04,2.687605239340267183e-01,2.792907653268902664e+02
2.434386677230000018e+00,6.160441961875999795e+00,2.929552194341999982e+00,2.024011566723350552e+04,8.674327334197678985e-03,1.176173662026198247e-01
2.444591235773999838e+00,5.034994028534000243e+00,8.049805508170000401e-01,2.034305516711980454e+04,7.004759551479549096e-01,5.630099194016767683e+01
2.485812681837999971e+00,4.135731216375000407e+00,1.221156754174000048e+00,2.075962228395991406e+04,5.228628486384650359e-03,1.221358276172967439e-01
1.250591588038000079e+00,1.442978929139999977e-01,6.491428325550000489e-01,8.942453146321215172e+03,4.157338207081339061e-03,2.142851344006330844e-02
1.895129610948999899e+00,4.283480050751999890e+00,1.366182483663999969e+00,1.491625483903933855e+04,6.849840050404236175e-04,5.150034529259116083e-03
1.287833559979999931e+00,3.673698591919999923e-01,4.988210187680000018e-01,9.272451602248720519e+03,8.054599406728851774e-02,4.444578321392543785e+01
7.816712585060000551e-01,2.385041517396000010e+00,8.927528898230000509e-01,5.010051227680324700e+03,7.933477146532209520e-03,4.472517581486862293e-01
3.396638524910000068e-01,1.511495030534000028e+00,2.391910405785000027e+00,1.844705242938456877e+03,6.167047206985087210e-03,9.753504765501802218e-03
1.248128645888000099e+00,4.656325273179000135e+00,2.333956791767000105e+00,8.920707434056965212e+03,9.447816850927966267e-04,1.702227165797971656e-03
