2.894511496913000137e+00,4.150739737139000241e+00,1.907305832725000094e+00,2.494940853659532149e+04,1.487933223642636839e-03,6.156388031339319646e-03
4.066054582520000071e-01,3.620657349747999909e+00,2.324901851018999821e+00,2.277731134023879804e+03,9.259873482895387801e-04,1.435650918429296277e-03
2.438908556698999863e+00,1.042888636840000105e+00,9.312627253640000102e-01,2.028572151217811188e+04,2.827235515987862671e-03,1.295036636214596214e-02
1.884991303442999921e+00,3.402936711720999874e+00,5.235969320359999957e-01,1.481859797089292624e+04,6.473272171638069609e-04,1.640391569391977085e-03
1.749222470039999977e-01,8.899902545069999782e-01,2.284735468178999973e+00,8.693511680792613561e+02,2.251771939053389857e-04,4.953841762749985574e-05
2.199375622475999936e+00,1.367328645064000092e+00,1.170270613815000083e+00,1.789065086013285691e+04,1.012455851546283231e-01,7.596992857907451935e-01
1.368888360878999899e+00,2.016431658585999820e+00,8.708048324349999536e-01,9.998070596513687633e+03,1.003156922942316162e-02,6.848138534680917044e-02
1.899310195696999992e+00,3.157921437485000205e+00,1.310911776983999966e+00,1.495655334416567712e+04,4.731985907687409898e-01,6.156944042517454818e+02
2.496749405221000195e+00,5.693541590898999694e+00,1.641027612015000026e+00,2.087034178025068104e+04,7.641521951355201292e-03,8.316870569271260505e-02
1.276163152484999896e+00,5.356246685820000408e+00,1.416759290396000015e+00,9.168804222694610871e+03,6.837975154103198561e-02,2.668039684373520615e+01
1.961239342554000009e+00,8.867467960689999762e-01,1.190302999820000096e+00,1.555547817605767523e+04,2.970585891607283209e-03,2.491127633741962999e-02
2.751570192831000128e+00,5.882001839760000461e-01,1.388058113229999890e-01,2.347232416652356915e+04,7.078163275373136783e-03,1.165332169165552573e-01
1.105547654670000046e+00,3.725189431515000038e+00,1.036372326064000093e+00,7.679363420600540849e+03,1.481249715285188132e-02,5.015089628819304757e-01
1.724085288124999948e+00,8.239807348790000319e-01,1.535945644646000030e+00,1.328264226168146160e+04,4.353257455355858730e-04,9.400117565837173709e-04
2.331682727817999901e+00,1.731338397865000100e+00,1.607854974112000068e+00,1.920824871843328583e+04,9.667827531457460002e-03,2.408143379360243308e-01
2.030336582553999847e+00,3.038542851197000072e+00,4.402935702149999853e-01,1.622794099304441261e+04,5.666368564878645486e-01,2.120733867034666531e+01
2.187943547375999831e+00,5.665855873005999577e+00,1.011694308787000063e+00,1.777744989286610507e+04,7.163360902251054161e-04,2.626289066990584488e-03
2.932302603532999985e+00,3.107699919438000169e+00,1.887708582894999987e+00,2.534188750135901864e+04,6.530397493754938609e-02,1.865154620145780839e+01
9.517071123770000085e-01,1.081260718772000029e+00,4.424646488410000078e-01,6.382658828581659691e+03,1.124334391997405258e-01,1.469018993794070411e+02
2.169858410869999865e+00,5.843089974424000133e+00,8.399990715670000441e-01,1.759858672009944348e+04,1.568623637027739424e-04,5.975024287786840803e-04
6.616557057449999890e-01,4.360181285409000296e+00,5.048615504140000487e-01,4.086376420803744168e+03,1.000718043244682026e-01,5.857151434505921372e+01
2.656518387530000247e-01,8.719888396010000431e-01,8.406302025930000310e-01,1.389682977188107998e+03,1.390795562799197749e-01,7.186263814107518044e+01
1.530166780300000084e+00,6.097044972425000431e+00,2.449073443581999854e+00,1.146968097194135044e+04,1.274002788627987773e-03,7.333098868119653554e-04
2.742156953692000076e+00,5.135719330158000417e+00,2.578378523050000037e-01,2.337547698133970334e+04,3.622228351815915282e-03,2.489172189656156317e-02
1.977509622689999913e-01,2.530049413517999835e+00,1.591148138489999919e+00,9.961557904445858185e+02,6.893075644243275013e-01,9.017724349555317076e+02
5.516383051969999674e-01,2.963457204002999834e+00,1.887650402226999979e+00,3.278008166188996256e+03,5.006375629225815471e-01,2.827400764076436985e+02
1.383304325579999938e+00,1.479030127816000073e+00,1.582742375815999969e+00,1.012814600371891174e+04,1.326167420011453019e-02,1.574789755118869650e+00
1.422405168694000022e+00,4.028252148680000033e+00,1.805662787493000021e+00,1.048244563175666735e+04,1.234010125786991381e-02,9.165823734102069853e-01
4.644783282719999740e-01,2.263033315243000221e+00,1.272691506092999969e+00,2.667213071807647793e+03,1.632246804164531051e-01,5.205760534186084953e+01
2.276357540624000197e+00,3.754143702184999931e+00,6.155122829970000042e-01,1.865563688784025726e+04,1.883473477988262257e-01,1.392823262372965871e+02
2.563424221820000071e+00,2.319846997560000013e+00,1.756150288773000057e+00,2.154708882100718620e+04,5.442654016042202184e-03,1.503900051701737295e-01
2.569561273489000097e+00,9.013376222000000007e-03,3.832038871119999857e-01,2.160952908595908593e+04,6.590603445730776333e-02,2.707777309885313954e+01
2.295710620142000113e+00,5.639024530070999575e+00,2.445540384272999912e+00,1.884867916568288638e+04,4.530753326135747959e-03,4.677664428247574335e-02
2.707667437297999857e+00,4.851424106875000142e+00,2.342673679350999905e+00,2.302109631619869833e+04,9.414511389559178725e-03,4.137066229160393793e-02
1.765460447211999906e+00,5.422665336338000408e+00,2.750099828939999824e+00,1.367501025185430444e+04,1.484228382830216726e-03,2.993785261896596533e-03
1.486004357757999994e+00,3.800090673015999787e+00,7.469289730710000352e-01,1.106323565775611678e+04,1.406115592746697528e-02,5.650217415259062292e-01
1.749845334204999991e+00,1.303781767380000067e+00,2.764230074892000122e+00,1.352671232866446735e+04,6.495515827158665489e-01,3.111081421787905583e+02
2.184703074208000029e+00,3.655298905008999899e+00,1.855874747090999977e+00,1.774538181692794751e+04,1.431193673221653646e-03,6.736775909008673423e-03
2.862770970181999886e+00,1.056896905185999991e+00,6.086182587170000380e-01,2.462039195056281096e+04,1.164827003473776212e-01,4.485863474671647566e+01
1.795107092750000133e-01,5.739768826030999804e+00,1.625342198915000091e+00,8.946080932355361028e+02,5.775623952800650572e-03,3.799530672772316597e-02
2.307940504498000145e+00,4.352455563359000301e+00,1.537283623765999918e+00,1.897081676674170376e+04,1.182990195545194356e-01,1.903434060217325419e+00
2.860971263335999826e+00,1.003091223368000051e+00,1.126637335322999922e+00,2.460175376688162214e+04,1.860921640301258992e-02,1.002982970105184224e+00
2.342209884024000210e+00,2.831816306979999975e+00,2.761052325542999952e+00,1.931365975568005160e+04,1.357402217504018009e-03,1.167540773264276639e-02
2.237976851255000010e+00,3.368014067574999881e+00,1.650799627028999961e+00,1.827365597732476817e+04,2.447904604607970339e-02,3.472610691502902469e+00
1.156190556117999924e+00,4.789982603129000260e+00,2.005708630728999964e+00,8.116206778384547761e+03,4.301013771118415013e-03,2.165290406325788911e-02
1.336447064047999955e+00,1.907878232609000024e+00,5.131339318350000012e-01,9.706463708527853669e+03,9.332365197458106741e-04,1.150300466385685430e-03
1.752528496273999981e+00,2.547086054568000080e+00,5.508700118120000155e-01,1.355217592981259804e+04,5.260215131790727527e-01,4.660386177383435324e+02
1.012344786809000086e+00,1.517651009029999942e+00,1.174643459451000016e+00,6.888049451831336228e+03,2.954695176855456082e-04,1.863688963711481936e-04
5.150200283460000250e-01,5.328505475717999929e+00,1.307884305613000064e+00,3.018010198889409821e+03,7.272629207704683907e-02,2.741617318526851577e+01
1.996084647728000094e+00,5.177032969763000203e+00,1.280293254542000048e+00,1.589405285820662539e+04,1.116598612103827590e-03,1.383150763279840899e-03
1.458257564449999988e+00,5.185021442913999579e+00,1.487085776964000017e+00,1.080917891852386674e+04,8.218623330725122189e-03,9.855906852648810279e-02
1.637861908229999997e-01,5.788895996631000074e+00,2.121519987602999979e+00,8.085416564000995550e+02,1.153158617460397231e-04,3.735079835378870389e-05
1.415216959432000099e+00,5.450334025079000000e+00,2.034046760059999848e+00,1.041715056451974669e+04,1.152838078754381615e-02,2.831121285907051144e-01
2.662790685609000008e+00,3.728202730699999717e-02,1.560444440738999905e+00,2.256108704358348768e+04,1.339727483227703270e-03,2.611357951437984735e-03
2.578719115934000161e+00,4.348984734010000186e-01,2.123352258590999853e+00,2.170275000311637268e+04,6.540238457910581282e-02,2.620931928253450671e+00
2.224489761841999869e+00,6.012026142343000146e+00,1.427392196533999957e+00,1.813970100964838639e+04,9.360534165788081395e-03,4.880794103380645121e-01
2.660737027242999986e+00,6.088142357163000007e+00,3.662437575990000194e-01,2.254006618008291116e+04,1.578315467657248894e-01,4.680834461219379961e+01
2.738503852081000112e+00,3.695510481981000073e+00,1.702811178256999902e+00,2.333790687725586758e+04,1.528146427161843068e-02,4.508435588157658214e-01
2.485693294653999796e+00,2.668818197584000185e+00,1.026641183191000062e+00,2.075841410419062959e+04,3.660539389877735979e-03,1.027612526047619185e-01
9.772398060979999856e-01,3.710250747528000215e+00,1.280677485383000080e+00,6.594515797677251612e+03,6.933991250285542751e-04,7.353848344328982713e-04
