2.937526571604999859e+00,1.122010913765999929e+00,1.568108970408000014e+00,2.539620379586044874e+04,1.226703799324544222e-02,1.699380218378896135e-01
2.405010633439999879e+00,5.836766859659999751e-01,1.192535907649999949e+00,1.994419450203508677e+04,5.431914919531152320e-04,4.071152345910569910e-03
2.414198096815999950e+00,2.765044648352000145e+00,1.277416735769999923e+00,2.003667873785662596e+04,5.974768671469750103e-01,5.515762439227158893e+02
3.882523036550000195e-01,1.475461704807000007e+00,1.885672323961000041e+00,2.157083298295167879e+03,2.584456501553153429e-02,1.216355190367895300e+00
2.196215779660999790e+00,1.717955285321999925e+00,2.516145095581999946e+00,1.785935138375110182e+04,9.809114119879729088e-02,4.479819562865769988e+00
5.943446248120000108e-01,1.985398005628000062e+00,7.002827583909999598e-01,3.587105629257458077e+03,1.621538319274880031e-04,2.173130641507773123e-04
7.265020530729999759e-01,6.040173001744999937e+00,1.600935257204999962e+00,4.580402184475236027e+03,5.756912725579063292e-03,4.764524488414175751e-01
9.377548784989999664e-01,4.636083749514000374e+00,1.109216276646000088e+00,6.267488595982937113e+03,2.853299416161341612e-03,8.680247754300959850e-02
1.248415024260999928e+00,6.271292627559000188e+00,1.615333869622000096e+00,8.923235409982984493e+03,2.944260972567489410e-03,1.120164098496281499e-02
2.584354387726000013e+00,1.239535101308999909e+00,9.743515372209999859e-01,2.176014082324174524e+04,2.315818327656355043e-03,1.618499276997929781e-02
1.931809585327000089e+00,2.467162876479999933e-01,2.044206848334999993e+00,1.527040440651850076e+04,1.261835455215425464e-03,1.007802482550529573e-02
8.136834415439999635e-01,4.148491304149999892e-01,3.026160862350000258e-01,5.263069300425917390e+03,2.146758534396538815e-04,1.223702177072734203e-03
2.569159179709000096e+00,1.515528927579999907e+00,1.557225621256999926e+00,2.160543729760160568e+04,5.107551551850172435e-03,5.600524149790700457e-02
2.028080289332999886e+00,1.976150823760000064e-01,2.391321763316000215e+00,1.620591418063654964e+04,5.184161930674591710e-03,1.243395943367209405e-01
2.549422828463999924e+00,6.941042545209999970e-01,1.305681573411999974e+00,2.140472774894469694e+04,7.118653088442970789e-03,2.247533489893342382e-02
4.167015129730000100e-01,3.984865522139000138e+00,1.669886249229000086e+00,2.344700086936615662e+03,3.241895806957392789e-04,1.085205629348084933e-04
1.673520023932000056e+00,8.174633149029999490e-01,2.064857276773000017e+00,1.280567802677468899e+04,1.430616276812115249e-02,2.605775124929411435e-01
2.219817311644999958e+00,2.594282892497000059e+00,1.572279438355999925e+00,1.809332744658055526e+04,3.718632645757712768e-02,9.986401656912436309e+00
