3.021250849939999816e-01,1.493413978491999972e+00,1.802519064476000077e+00,1.610665184616655097e+03,5.180317970906024670e-04,5.485200301945284502e-04
2.690761376055000209e+00,2.418010902081999980e+00,8.790850829099999819e-01,2.284765338259404962e+04,2.200569650731261026e-02,9.041319257381613683e-02
3.900760814470000115e-01,4.358834272169000101e+00,8.810834515459999849e-01,2.169008483075739605e+03,5.361765468753992327e-03,3.233034536364716161e-01
1.918713595070999922e+00,4.359828014322999934e+00,1.971646458646999944e+00,1.514381268545684543e+04,1.251161274902582886e-03,9.313163254094555246e-04
5.794563702510000525e-01,2.563822575864000086e+00,2.515260646863000105e+00,3.478649158608616744e+03,2.944930204556575680e-04,3.082272118380855407e-04
9.222378194499999959e-02,2.655653181496000048e+00,2.120326604839000151e+00,4.348582922355498681e+02,2.325561822974332640e-03,3.753192664571826376e-02
2.868194253827000217e+00,2.001080036389999872e+00,6.968191276549999813e-01,2.467656798111942408e+04,8.269429305963990270e-03,3.416297056422145095e-01
2.420341057423000208e+00,1.438529546964999906e+00,1.336116691009999968e+00,2.009854961999744046e+04,5.470985457230137516e-01,6.213842757201063023e+02
2.068297664370999822e+00,3.559198422150000152e+00,6.146146655699999961e-01,1.659920778258339124e+04,3.002506249050725454e-02,7.619120282262142885e-01
2.927577661730000003e+00,5.954015711973999814e+00,1.155217663498000036e+00,2.529277292548762125e+04,2.123983925598896434e-03,1.672199434577139321e-01
2.268634872813000136e+00,4.188633942717999936e+00,1.901446916332000026e+00,1.857868556689524121e+04,7.048205747474263483e-02,4.150594909859904647e+00
1.978910562870999978e+00,1.532906973897000036e+00,2.128005612677000169e+00,1.572704085645967280e+04,1.693327158643470956e-02,3.535281686464180062e-01
1.866782676301000032e+00,2.871904789589999840e+00,1.801289474494000009e+00,1.464345748281869419e+04,5.346380851160612013e-03,1.976843696197386896e-03
2.514749001283000052e+00,6.194014395079999735e-01,2.423620812534000191e+00,2.105274138495088118e+04,9.705536597806309340e-02,1.824570521943429569e+01
1.677305935919999991e+00,2.018944115045000043e+00,2.542504225962999964e+00,1.284128974995742283e+04,1.585722110489708875e-02,1.460990690152583760e+00
2.069328036474999966e+00,4.881772425951999672e+00,1.456231843704000051e+00,1.660930265915779091e+04,7.838172168013754840e-04,1.839868891090679472e-03
2.438732358540999900e+00,5.510787303704000273e+00,6.515244913719999698e-01,2.028394417854415951e+04,2.434307497910172865e-03,5.374900999626949782e-02
8.112447832729999808e-01,3.754659986128999982e+00,1.253647639785999912e+00,5.243701786552659541e+03,3.849629804619736102e-03,2.267579436254489166e-03
