7.724986323920000064e-01,2.291061030892000083e+00,2.294573019853999973e+00,4.938046129470550113e+03,7.315968748470701166e-02,7.786505200386418437e+02
5.562875469800000472e-01,2.200825465719999929e+00,2.404062156173000009e+00,3.311356672291671657e+03,1.075360174418887567e-03,4.644275333850159115e-03
1.556469797499999919e+00,9.666944422240000279e-01,1.364510826826000001e+00,1.171294252586605580e+04,3.533710993453706428e-02,1.875252186204960481e+00
2.171153804129999920e-01,6.824387880990000488e-01,2.071383297230000031e-01,1.105930873322887237e+03,9.811017093304785774e-03,8.859263335226313929e-02
2.482283226220999950e+00,2.764707874169999968e+00,6.240948740459999478e-01,2.072390888737733621e+04,6.455746892078837069e-03,5.757119588175328706e-02
1.333001678912000054e+00,1.093092009670999953e+00,1.392035743464000053e+00,9.675585711067653392e+03,2.926045959489660848e-04,2.205121570237835891e-04
1.659057233875000037e+00,5.887545046998000409e+00,6.174313176829999694e-01,1.266978613041205608e+04,9.747551838547488523e-03,3.799926532594304907e-01
2.639380670290000008e+00,3.617232959888000199e+00,8.548160980779999640e-01,2.232162471395543980e+04,2.285317504002637445e-02,3.778699614297620357e+00
1.504578859953999981e+00,5.974806053783000337e+00,2.624310361027000216e+00,1.123387678229619632e+04,4.198930109162661573e-02,1.216048036702725632e+01
1.619813388560999989e+00,2.312271238830000186e+00,3.478306478829999993e-01,1.230227227173160645e+04,2.937452446279488309e-03,2.623976257350412941e-02
2.551572614148000184e+00,4.513189020150000230e-01,2.224011683415000107e+00,2.142657751857418043e+04,9.952096767157475599e-02,2.365974931578616136e+01
2.587335058968000201e+00,3.167961441517999965e+00,1.500924488666000034e+00,2.179050503505026427e+04,5.961661818792649177e-03,2.727654824683019008e-01
9.097288514999999492e-03,4.420217300491000145e+00,1.719960550966000090e+00,4.041737066998209116e+01,5.262721091303574905e-01,9.747852986103288231e+02
1.484675688187000020e+00,2.690829853356000001e+00,2.279079547948999807e+00,1.105104671146435612e+04,4.694961097921831333e-02,1.262712848355399586e+01
