1.940263165845999893e+00,1.086128459605000041e+00,8.846243092600000191e-01,1.535220715267175001e+04,1.101456376873795849e-02,3.966533896019251437e-01
1.975397816704000054e+00,4.278893235567999831e+00,9.706316488320000380e-01,1.569291401127502286e+04,8.375997628823222702e-04,2.320206626916858871e-04
5.985361063999999898e-02,2.020267582139999796e+00,9.604493303759999989e-01,2.759933770709583314e+02,3.651726193744689233e-03,6.502286199700794966e-02
2.903017632432999928e+00,2.899015602052999796e+00,1.818959449592000066e+00,2.503767884716521439e+04,9.621337420949957822e-03,3.224839921508226848e-01
2.028468306595999859e+00,5.422543652729999941e+00,1.655108502490000078e+00,1.620970183252381503e+04,1.324819506939278182e-03,2.679092956580854563e-03
1.284252492078000074e+00,4.795781289159999794e+00,1.944998537642999903e+00,9.240624629564768838e+03,5.878884482595995303e-04,8.459275292795053218e-04
1.446754234081000012e+00,4.220952370330000036e-01,2.270709696982999848e+00,1.070415444142607339e+04,1.027347807895545237e-03,3.006443329792257441e-03
3.557966865439999848e-01,5.325072032502999875e+00,2.117172210389000053e+00,1.947268656666635025e+03,8.534878806596748731e-05,2.268041152301254553e-05
2.028551306350999894e+00,4.234382764280000266e-01,3.732438296030000102e-01,1.621051205666349779e+04,1.897158506480165884e-03,4.780885198877742742e-03
2.644907677102000143e+00,5.267149724435999936e+00,2.164677749748999958e+00,2.237812941060302182e+04,5.498897398560909089e-03,1.933245471943108584e-01
2.010458017219999949e+00,5.516472231916999647e+00,3.900261158519999771e-01,1.603403567887799181e+04,6.841458578365208938e-03,1.441551414120196273e-01
2.562815561514999896e+00,4.831728536187999801e+00,2.444157925725999991e+00,2.154089748010087351e+04,4.020557050472348647e-03,3.074556408630978524e-02
7.134858134099999472e-01,5.749299279673000029e+00,2.932234758687000120e+00,4.480261092416880274e+03,6.127941861008123076e-02,3.093350570421028456e-01
2.128702161869999998e-01,2.883662936410000266e-01,1.272101679089000070e+00,1.081694237846563055e+03,6.645017585359018764e-01,7.154463502062387761e+02
