2.006080818000000043e-02,5.675763870331000049e+00,2.829375998924000157e+00,8.986614089511789416e+01,1.365852987458223723e-04,5.082938887665772003e-05
2.105160935900999952e+00,5.360796912349999666e+00,1.077526148340000045e+00,1.696093975442092051e+04,9.004446071477168953e-03,1.310538059191536930e-01
2.507376791587000220e+00,2.528927236699999859e-01,1.555293479131000023e+00,2.097800812057404255e+04,8.354491017359685218e-03,1.508143069084271481e-01
1.125134491198999998e+00,5.552660349329999967e+00,1.491955339001999947e+00,7.847766034284197303e+03,2.967676212084588080e-02,1.144900934582002172e+01
2.491618726653999971e+00,5.617521908377000273e+00,7.264554517950000401e-01,2.081839038935269491e+04,4.919547833091621539e-03,1.159856865217941992e-02
6.233875220060000055e-01,3.783128669019999890e+00,2.812099419304999959e+00,3.800765596405122778e+03,1.413569214869625067e-03,1.062724332689914258e-01
1.563338920395000109e+00,2.732024807993000071e+00,2.257590644388999923e+00,1.177661368111299635e+04,8.588258644811069429e-04,4.452549318277293500e-03
4.054215806700000035e-01,5.360770449920000402e+00,2.313738009045000155e+00,2.269905986601662789e+03,9.331635172881432656e-05,1.431386933441470163e-05
1.554743249011999895e+00,4.561791282104000089e+00,1.637864540233000099e+00,1.169694805783837364e+04,3.677087405693921229e-02,3.041552153109068346e+00
1.558925969454000082e+00,5.372047849084999882e+00,1.991905506986000107e+00,1.173570250217765170e+04,3.178435119157823653e-03,2.261077683188852661e-01
5.763600988210000331e-01,1.939926154281000015e+00,5.839523074860000218e-01,3.456186786610177933e+03,8.462684742944663954e-03,1.271837680512610813e-01
6.753115075109999976e-01,6.098813575424999911e+00,2.774032226820999814e+00,4.189382854573318582e+03,7.517599487140926365e-03,2.322100107934213509e-02
2.453811431675000154e+00,4.365146051971000141e+00,5.421040256419999981e-01,2.043612782258546940e+04,1.825384611079998790e-02,4.239063023488445769e-01
3.460826219459999797e-01,5.626022811950999625e+00,1.643488933426000109e+00,1.885372085717375285e+03,1.700036073225989547e-03,1.087329785195248824e-02
2.519937008999999950e+00,4.663379691760000112e-01,1.940078015169999892e+00,2.110535515786627002e+04,1.678863520293501221e-02,1.019619049552772938e-01
7.546735167660000299e-01,3.398510538700000083e+00,1.767065634399000107e+00,4.798762181605979094e+03,2.381644756014195952e-01,7.140267026644863790e+01
1.782648868119000030e+00,1.579231228238999973e+00,2.410739433873000159e+00,1.383855000487036159e+04,7.753001003041085429e-03,1.232102768539460047e-01
1.215986439446000045e+00,2.577771333823000166e+00,2.341046060801999840e+00,8.637828602206182040e+03,1.848763536970776389e-01,8.243429692977962020e+01
1.376721324200999907e+00,3.597721516681999798e+00,1.643506594059999992e+00,1.006871025333570651e+04,7.456611724290229497e-03,5.774383573516635171e-02
1.954733241485999917e+00,5.286297911866999932e+00,1.664337018594999940e+00,1.549238623270200151e+04,4.629798850889284972e-02,2.708282578317120581e+01
5.643889684609999513e-01,4.211231930876000007e+00,9.028395118500000260e-02,3.369645496388012361e+03,2.623975158019135716e-03,1.286335781699042558e-02
1.490728098199999963e+00,1.884677857619999897e-01,2.012009342263000100e+00,1.110658911458552029e+04,3.842041939799419742e-02,1.212501417278783356e+00
