2.747737201406999841e+00,5.111932944248000155e+00,1.295585761222999954e+00,2.343288233536934058e+04,7.098137726801681145e-04,1.568907905220855983e-03
2.339396366994999976e+00,6.147365373675000022e+00,6.847160290699999541e-01,1.928547922439211106e+04,1.608948052123205727e-02,1.519956670777297347e+00
2.016969318565999814e+00,1.113800391652999933e+00,1.652487499277000005e+00,1.609751102444414028e+04,2.616356895666699465e-03,3.113626043371952711e-03
4.901799798170000111e-01,1.296654362993999943e+00,1.767012235731000080e+00,2.844403471040539443e+03,1.501715756384617250e-04,3.955227666427339002e-05
5.935371141299999875e-02,3.964109802328000143e+00,2.701114731150000114e+00,2.735916682546901484e+02,1.622932608358781373e-04,9.406792391331548846e-05
2.705922527509999842e+00,3.286045869966999877e+00,1.913668339308000066e+00,2.300318672543453431e+04,5.926420884884173734e-01,6.470448562901553942e+02
2.133073829949999833e+00,3.577797754595000157e+00,2.620996652069000010e+00,1.723561502582005778e+04,5.374940814011615418e-04,1.534031910844619283e-03
2.961874496652999955e+00,4.983748903638000272e+00,1.681499522366999955e+00,2.564956116528536950e+04,9.560350398158151859e-04,4.376880838433381410e-03
4.030806427790000201e-01,2.667132772367000193e+00,8.894624923559999452e-01,2.254450177642514063e+03,6.131000780540241980e-03,1.419546161858483702e-01
1.574466584160999938e+00,3.781444549583000025e+00,9.633714674640000419e-01,1.187988187490103883e+04,1.739384027111926315e-02,4.271738720646575671e-01
1.805102014063000082e+00,2.615507109890999882e+00,2.257638815725000025e+00,1.405264860518478963e+04,4.482157548918496771e-04,5.502272279054094177e-04
2.106365534503999992e+00,3.686671821766000168e+00,2.129453789273000108e+00,1.697277991581044625e+04,1.179146481201815908e-02,5.793958197597275372e-01
2.999938534183999916e+00,4.642734984954000055e+00,7.174513418769999928e-01,2.604629591788105608e+04,2.316804691921263773e-02,9.790122062819804682e+00
