1.080840853800000070e-02,1.346439292864000103e+00,9.870711207279999622e-01,4.808196825743134184e+01,2.628128351156978036e-03,1.671898576701508210e-02
3.413814766489999819e-01,1.164053513997000078e+00,1.336959270441999914e+00,1.855569198418452970e+03,1.432782276044639209e-02,1.998554979790310382e+00
9.278507358630000423e-01,6.017535002615000295e+00,2.326185425733999779e+00,6.185994880187832678e+03,3.058634791244426929e-02,3.530925342701243252e+00
3.334525407130000119e-01,5.838780713790000299e+00,9.273962114439999738e-01,1.805530642936546201e+03,1.932125814059760804e-01,2.015709050606439945e+01
2.799699910075999831e+00,3.145424266835000093e+00,9.668261423420000389e-01,2.396833380949726779e+04,2.373771353450732872e-03,4.962892462040257441e-02
2.780660539573000190e+00,1.433916309126000099e+00,1.481946852200999976e+00,2.377195472687289293e+04,1.269979021661139518e-01,6.186950328414170031e+00
1.717350012840999973e+00,5.106808614446999961e+00,9.827611344809999983e-01,1.321894665193454784e+04,2.769840714036307383e-01,2.346253469688910513e+02
2.713721326699999992e+00,2.297565617392999915e+00,7.521914273249999949e-01,2.308324742375714413e+04,2.296691059142269217e-03,9.970656959414736509e-03
2.671015484718000099e+00,5.791113802897999818e+00,2.037840587310999929e+00,2.264530116801605982e+04,3.940525462183366856e-02,2.450098228948716983e+00
2.373495353959000020e+00,2.156785743143000200e+00,1.674693626365999943e+00,1.962741324383541360e+04,1.156934988022110568e-02,4.011511487697247413e-01
5.707861220280000536e-01,4.135951740996000048e+00,2.224125605386999993e+00,3.415831053483213964e+03,2.156515238944524231e-03,4.536142578933016062e-03
4.417185342989999874e-01,9.814058387820000506e-01,1.430772642566999986e+00,2.512438781485564959e+03,1.871449944514876618e-01,1.905260224004549841e+01
2.847926045049999910e-01,5.173021847379000171e+00,5.366654320239999665e-01,1.504845549263479597e+03,1.551110599939779517e-04,1.022062679499286198e-04
1.928235890966000010e+00,5.036512834247999670e+00,2.660284705545000072e+00,1.523584324506733537e+04,1.336008987108542462e-02,4.570743328902057701e-01
2.550576221497999896e+00,3.950484380215999902e+00,2.209919148233999930e+00,2.141645010308110432e+04,8.762510252301014546e-03,4.219286828083775864e-01
2.748776483818000216e+00,1.601221651716999927e+00,2.777429125898000173e+00,2.344357576796414651e+04,7.794254503898549215e-03,4.878856824898008399e-02
