7.256419483600000386e-02,4.670176377713000093e+00,2.452350694905999884e+00,3.375919305790685030e+02,3.026961986144479852e-02,4.506203792280869536e+00
9.211842824770000160e-01,5.182964189720999926e+00,2.606710091837999954e+00,6.131265093518490175e+03,1.911161231460752757e-02,8.303246040979195275e-01
2.818318577700000271e-01,1.798821256901000032e+00,2.537963788663000209e+00,1.486914441424585448e+03,5.255094391026988895e-05,2.275075660985605679e-06
2.157431107475999976e+00,2.313994488349000012e+00,1.655285599631999949e+00,1.747583510307097822e+04,4.506473249573366702e-01,7.544307365524954321e+02
1.534976121349999945e+00,3.755381014999999850e-02,1.372755395203999917e+00,1.151409465209220434e+04,5.985939447555194137e-02,1.889206024201840250e+01
2.872767069347999858e+00,5.491821711812000295e+00,2.349886169956000082e+00,2.472394769646150235e+04,1.525052322281998662e-03,3.082835502266515837e-04
2.909904169633999782e+00,1.276755312889999994e+00,1.379143514601000042e+00,2.510917207736568162e+04,5.677771608523125846e-03,4.355375953223308838e-02
8.855200980109999565e-01,5.508262122744000067e+00,1.407917525408999948e+00,5.840190983680380668e+03,5.438308924401691682e-03,3.833685036028285781e-02
1.972864628965000033e+00,5.328690379193999682e+00,2.060511759931999975e+00,1.566831079233288983e+04,1.477468868544817892e-03,2.218283220872551732e-03
2.397132758095999794e+00,1.641421019200000123e-02,7.881447947220000527e-01,1.986494132012473347e+04,6.489328639221277062e-02,3.256566851379704364e+00
1.511099473048999942e+00,5.400409306959000233e+00,2.150867226663999876e+00,1.129388718560384405e+04,7.645951058523602420e-03,2.885249451173393376e-01
2.165956837507999833e+00,2.867695335339000007e+00,1.437061679156000027e+00,1.756003496271347831e+04,3.502515812760200187e-01,3.699353493276137783e+02
8.413552922779999887e-01,3.701903985945000031e+00,1.130192393770999892e+00,5.483884037519112098e+03,8.866972343172019322e-02,1.900679736533690090e+01
3.140513191000000037e-01,5.231962870632999696e+00,1.581870410147000028e+00,1.684309510935247317e+03,1.129414793445952195e-03,8.823021718785548778e-03
1.330676228054999966e+00,5.437621454728000181e+00,1.599243890062999940e+00,9.654754780822479006e+03,1.662273149653804838e-04,1.321579121379095000e-05
5.574444535389999622e-01,2.206708741958999909e+00,1.760549014243999899e+00,3.319666658857130642e+03,1.129721427953625512e-02,8.140017259103039526e-01
1.345776118200000093e+00,4.149425382483999947e+00,2.468577817853999878e+00,9.790160937308248322e+03,4.764079014663210598e-01,3.524946750270827778e+01
1.230440079454000024e+00,4.942834750818000167e+00,1.705119696131000007e+00,8.764822510464780862e+03,5.539868529487249060e-02,1.875637339936235382e+00
1.595699839689999955e+00,6.081521646546000248e+00,3.040827021938000030e+00,1.207735372026851110e+04,1.340939490557805074e-03,4.390025796877601756e-03
2.613834345048999808e+00,4.188233817028000239e+00,9.869103142680000218e-01,2.206070876034781031e+04,5.504315795351871245e-03,8.150026121419221004e-02
2.169538298889999994e-01,3.994736936403000094e+00,1.932209412828000072e+00,1.105006797744269534e+03,1.705744935571731555e-02,5.286555764072031316e+00
1.829040830137000029e+00,1.738934434174000065e+00,9.136927762200000025e-01,1.428148826207056300e+04,6.846926035252844621e-03,3.610318782072447497e-01
2.851245711633000113e+00,1.755606289064999936e+00,2.609307413549999843e+00,2.450106593274131592e+04,1.929800882943289442e-01,7.358103294806058159e+01
2.716209007488000093e+00,2.802489410749999799e-01,2.527138979231000171e+00,2.310879326603515074e+04,1.226105284434641542e-02,1.453646244347595040e-01
1.337492620002000088e+00,2.546009524671000168e+00,7.204338181680000064e-01,9.715837635003284959e+03,2.891194326352723026e-02,1.443747912972551395e-01
2.583936813496999996e+00,2.952828528577000178e+00,7.749731260140000355e-01,2.175588744317145756e+04,1.365744928616813769e-03,2.309649947843649912e-03
2.165193226911000135e+00,4.836210560989999685e+00,2.061408595540000110e+00,1.755249112785045145e+04,1.338433609672583669e-03,4.294238565396474132e-03
1.877932685268999924e+00,5.344547442847000340e+00,2.268467424822000034e+00,1.475066554661763985e+04,1.085565008151211618e-02,1.792051815296986095e-01
2.642373964752000148e+00,3.989650585455999821e+00,2.416155747094999917e+00,2.235222388961071920e+04,1.720104221090350272e-02,5.332371095359734747e-01
1.788442785628999943e+00,4.191058752599999965e-02,2.381245769127999790e+00,1.389374661543002912e+04,2.005416570478478488e-02,4.547674883162131643e-01
2.867454861114000053e+00,5.725153906812000315e+00,1.888488103427000020e+00,2.466890813244373203e+04,2.404254062539676051e-01,7.578739691409140278e+01
2.025422782331999905e+00,4.562503685863999792e+00,8.636567347139999518e-01,1.617997639648971381e+04,2.679873711126484204e-01,5.387373905749484493e+02
1.992533067552999970e+00,3.784041998999000178e+00,1.161957532606999965e+00,1.585949282699590185e+04,6.644364559647812918e-01,1.051465283416826821e+02
9.785015087539999934e-01,5.210878487212999843e+00,1.113926510780000045e+00,6.605020922291523675e+03,2.263250339504369567e-04,4.344595582004003400e-05
1.704247574415999944e+00,2.768607249277999838e+00,9.233222009570000166e-01,1.309518011430615115e+04,7.417947971832051721e-03,3.411204017175174519e-01
5.353617667590000462e-01,8.307600920119999621e-01,2.307797581757999872e+00,3.161853017083290524e+03,3.952935662982372950e-02,1.232862391138331640e-02
2.690755923156999962e+00,5.153735541030999734e+00,1.938995364439999980e+00,2.284759746873390759e+04,1.036842767392081362e-03,2.149687003682645287e-02
1.633358434792999914e+00,5.554078186733000244e+00,2.012993899352999883e+00,1.242891645637429792e+04,1.559904200692254460e-02,4.292076452345173210e-01
7.335831345640000389e-01,1.445177862031000071e+00,3.836760082869999922e-01,4.635081350286346606e+03,3.978071618580471258e-02,3.145072083100494353e+00
1.513731093179999931e-01,6.127523944731000149e+00,1.129516958681000105e+00,7.415831759184070506e+02,3.271943078153807805e-01,1.686298762844989341e+01
1.110298533619999972e+00,4.176954118633999791e+00,1.509752720103999968e+00,7.720145267208074984e+03,1.507383025849088655e-02,2.100302054886177550e-01
2.215668465078000082e+00,3.785727150527999907e+00,2.114257768222000067e+00,1.805216515919908124e+04,5.008688788097687139e-02,2.132311300980856972e-01
2.546869814642000129e+00,1.694181947094000051e+00,1.822052267207999954e+00,2.137878369272690179e+04,1.341152465650023440e-01,1.552061751585738136e+02
2.585548102299000117e+00,4.716788688279000219e+00,2.096936094893000035e+00,2.177230054105480303e+04,3.361697872511331120e-01,7.172966610763893414e+01
1.221489574323000094e+00,9.748797599509999579e-01,1.281904064958999889e+00,8.686139871646202664e+03,3.848162629868705914e-02,2.559071016568692514e+00
2.134640126791000014e+00,3.678574176755999847e+00,1.815162282026999918e+00,1.725104752389057103e+04,7.514244724909572258e-03,1.042796287677388994e-01
1.493025249521999998e+00,4.828743746236000334e+00,1.884136505739999912e+00,1.112768245739852864e+04,4.345992383472057187e-04,7.058009159144361172e-04
1.865416218507000012e+00,1.827252433383999897e+00,1.606166891823000098e+00,1.463032736911379470e+04,9.156950346624739834e-02,3.803549855177240033e+02
2.626236907521000141e+00,4.481022259790999662e+00,1.575427980358000024e+00,2.218732934141438818e+04,5.683680643635473893e-03,8.718488487458563030e-02
9.940107143020000535e-01,3.390719113818000174e+00,1.590530487309000041e+00,6.734427060775608879e+03,3.109797992980610796e-04,7.980023608177916816e-04
