2.257617634015999908e+00,5.894271715129000277e+00,4.746431410099999915e-01,1.846898598115766436e+04,4.953011109523566650e-03,4.232032575816658398e-02
2.133148954468000014e+00,2.461303871320000169e+00,1.939930109055999941e+00,1.723635517001345215e+04,1.325643268861932331e-02,2.443012574155711381e+00
2.516459496773999938e+00,5.272424905753999802e+00,1.234834806032000021e+00,2.107008622532486697e+04,1.522064134455437812e-02,5.258938085460463929e-01
2.073843494589000080e+00,2.464041080623000202e+00,7.242259737509999518e-01,1.665355290397170756e+04,7.251497418932830244e-03,2.893097571747493130e-02
1.838601648794000010e+00,1.714952387025000080e+00,1.794196376584999975e+00,1.437304712835087412e+04,1.602039529797116141e-02,1.003784644826542616e+00
2.803812740282999982e+00,2.431014090979999875e-01,8.381781884179999587e-01,2.401078325512160518e+04,1.055189333073941298e-02,1.801222490441716229e-01
1.268570981092999927e+00,5.190567844243999751e+00,1.672998562175999959e+00,9.101491900520997660e+03,1.304169720034519669e-02,1.274184095209620393e+00
1.609344760669999985e+00,4.021877215462000166e+00,1.018251139076000067e+00,1.220454099725016022e+04,2.951049921280693520e-03,6.131123894550918885e-02
1.643844600099999997e+00,3.333526872960999921e+00,1.915310121325999981e+00,1.252710846479090105e+04,1.914661506021755194e-02,1.068871835621022365e-01
5.680888418059999445e-01,2.104459686075999869e+00,2.030967391251000009e+00,3.396340489746808089e+03,2.036393269677011248e-03,6.396263916852644449e-02
3.442842783519999839e-01,6.172214120669999859e-01,1.862765869353000037e+00,1.873959721599871273e+03,7.851218294344836091e-02,1.811975465723756074e+01
2.653331068113999880e+00,3.911753298755999975e+00,1.853884292895999986e+00,2.246428228601613591e+04,2.204335992117088545e-03,4.853121539734717160e-01
1.680850008248000016e+00,3.640875967530000090e-01,1.596488663534000096e+00,1.287464137993065378e+04,7.798361325492698514e-04,3.847309697402964842e-04
