8.491903458680000183e-01,2.388662459074999855e+00,1.723067305208999977e+00,5.490051832495647432e+03,3.332367568734352636e-02,3.610053402079133056e-01
1.587032033937000097e+00,4.822790396850000327e+00,1.532378413615000046e+00,1.194688252174401532e+04,5.468838140586959606e-02,1.535503177380039386e+00
1.764759529895999934e+00,3.106330174610000050e+00,2.024767195452000124e+00,1.362696283191176190e+04,2.624796473444645714e-02,2.427135062574595992e+00
1.023964216026999940e+00,3.228749537778000001e+00,1.278317090430999947e+00,6.920675785483118489e+03,6.257491461381496645e-02,9.830096548028705028e-01
2.468623936826999987e+00,3.870657170037000050e+00,1.783955555676999927e+00,2.057302248539572247e+04,8.495843393230437246e-03,2.172509860968857842e-01
2.998283427089999953e-01,5.354412887765000129e+00,9.221153974350000393e-01,1.597362585811346435e+03,1.047655387282013378e-01,3.272732128868865686e+01
2.574271913146000124e+00,4.257283643164999631e+00,1.136255319435000022e+00,2.164820732248345666e+04,2.722719273186708505e-02,3.636072690884152525e+00
6.607087328449999797e-01,2.442266062370999968e+00,1.699921025642000094e+00,4.045370628145009960e+03,1.772569685588200050e-01,2.947889483486399058e+02
6.678851913900000214e-01,3.443002275926999811e+00,8.526992291699999615e-01,4.098487068320099752e+03,1.206017235317557446e-01,2.447349524389046493e+01
1.174013709858999999e+00,2.348308810415999925e+00,2.017954259204000067e+00,8.205968199103044753e+03,7.222708061948993237e-03,6.200684489856916892e-01
5.169548857229999683e-01,2.519459417716999994e+00,1.613409583678000025e+00,3.014722636416636760e+03,3.113335768667133911e-03,1.934623573561619958e+00
1.641088865793999929e+00,9.768960331699999555e-01,1.510280505863000000e+00,1.245406187968289305e+04,1.086328587475263036e-01,5.157130806649406374e+00
1.005249675681000099e+00,6.084853035195999738e+00,1.753640624235000001e+00,6.763814852134063585e+03,3.800056895328268736e-02,9.593110704246516907e-01
6.065850827500000181e-02,1.881714286722999896e+00,2.254165661895000117e+00,2.829869495345541850e+02,2.881628485107540910e-02,2.476830925587662335e+01
1.561750904236999915e+00,2.421329359175000029e+00,1.938597663174000063e+00,1.171090151843239619e+04,4.534513500520316598e-03,2.197329721926830903e-01
1.417298105028000021e+00,1.813472327360000080e-01,2.869326445396000125e+00,1.037850772906250495e+04,5.495151776319671076e-03,1.572946451027628645e-01
5.512783263799999611e-01,4.343515869299999915e-02,1.644562325896000043e+00,3.254771261316051550e+03,2.044288391130493886e-03,1.576249467154343734e-02
2.626053383154999921e+00,3.056068835541000173e+00,2.666270853387000095e+00,2.217782252720675751e+04,8.644735839616286832e-03,2.712975857337076024e-01
1.929974810305999933e+00,5.604321145699000084e+00,4.889420389140000101e-01,1.521883273853592254e+04,8.787057309490893253e-01,4.824214968791883251e+01
1.554196766630999926e+00,3.312675838250000115e+00,1.191422850631999930e+00,1.164054346763827743e+04,3.913709493747623280e-02,7.917607500067146142e-02
1.706663095683000009e+00,2.039069819040000009e-01,2.064419726536999899e+00,1.307386280344731495e+04,2.163474529573442343e-02,1.171510035955500184e+00
1.280537659648000037e+00,3.765679814878999832e+00,6.834225329130000359e-01,9.145053835900962440e+03,8.642210353135951250e-04,4.131712985369071986e-03
2.857058980544000093e+00,2.885022602772000067e+00,6.309799345100000068e-01,2.456030243897409673e+04,3.515029172081906433e-02,2.262288621033854419e+00
2.893483822629999924e+00,3.458886624439999835e+00,9.054322296550000315e-01,2.493877399385120953e+04,3.444028928378380927e-01,8.028030782925724695e-01
2.528904397429000195e+00,4.785041851076000441e+00,6.090081842819999869e-01,2.118560180042232969e+04,1.439537159078186496e-02,4.192391960614701429e-01
1.378859050928000096e+00,4.813718257387000321e+00,2.223815710169000148e+00,1.002889462006338908e+04,1.231334203902175461e-01,1.302481828739316541e+02
2.697413158173000092e+00,2.504613822396999812e+00,4.514807128180000073e-01,2.291041210374099683e+04,7.737166534236971684e-03,3.057166079071028109e-01
9.940438028389999570e-01,5.538900044657999899e+00,2.170647378246000070e+00,6.670284390997336232e+03,1.087382947071237199e-01,4.439116765252681773e+01
2.470567668720999865e+00,1.716532045332999967e+00,1.330321919228999894e+00,2.059273706410455270e+04,4.492927201767932081e-03,4.359313450263626044e-01
2.080405917504999813e+00,5.237800725910999766e+00,2.573096672801999940e+00,1.669054352159234986e+04,7.338583074542020211e-03,4.207346896735641439e-01
5.360791592879999845e-01,6.113691795403999762e+00,2.877018670800000066e+00,3.147982789511584542e+03,2.446765814059221888e-01,1.058050044974933002e+02
2.602346898566000100e+00,8.644294666439999997e-01,5.486311131669999730e-01,2.193514508809291510e+04,4.872070637914428515e-01,1.066835459545494835e+01
1.787900645893000018e+00,3.385820770666999824e+00,8.418975885889999899e-01,1.384827598716302055e+04,2.518346079322121289e-01,4.310204402507116583e+01
