1.525542871564000036e+00,5.346381304429000281e+00,1.152161895577000106e+00,1.137432146062787433e+04,9.438822990077712013e-03,2.833779238167746239e+00
1.386317781098999946e+00,2.857594600870000168e+00,2.311347999802999986e+00,1.009656131609495606e+04,1.551485310352289648e-01,2.205932272229615876e+02
2.434906494036999991e+00,3.967242268207999967e+00,9.283592976600000268e-01,2.023144489488869658e+04,3.238114272563958479e-02,2.620210842071785340e+00
1.485523967465999906e+00,1.902220984656999958e+00,2.222987496701999799e+00,1.100428973920419776e+04,1.764799873672864578e-03,2.464462252201427700e-02
5.453788654150000248e-01,5.295147490309999760e+00,1.103861327698000050e+00,3.213230575638030587e+03,4.063600323576099511e-04,2.122145248235273677e-03
2.548568910985999914e+00,4.066295207762999908e+00,3.194780979860000203e-01,2.138595411838579093e+04,1.068601636206074727e-02,3.233245266152237063e-01
2.399236792856000111e+00,4.351159140640000200e-01,9.667556859229999855e-01,1.987094794831863328e+04,1.213265084027076723e-01,4.653627867055051048e+00
4.791996534860000212e-01,1.774540173961999923e+00,1.366227593774999916e+00,2.755361238814301487e+03,1.845702849847281890e-02,2.477920372448867148e-01
1.309067055170000105e+00,3.771727918723999817e+00,7.588901837249999449e-01,9.399910140517724358e+03,4.784263591353327821e-02,2.485978558924500093e-01
1.579330790440000021e-01,3.879400386156000025e+00,2.249356142338999831e+00,7.816888093938163138e+02,1.566399795321819777e-02,2.534840111917423533e-01
5.694313444999999918e-01,7.198659530999999660e-03,1.017276316433999961e+00,3.383312774800621355e+03,3.630734252944524312e-03,9.248972709530060843e-02
2.859798189334000096e+00,4.325732313541999829e+00,8.103358223659999915e-01,2.458873852223697395e+04,1.073870255413046648e-01,2.090700919436993654e+00
2.125768556214000071e+00,5.730413628384000368e+00,2.473540912658000135e+00,1.713817610870432327e+04,5.265106927502680723e-01,7.770579846885085544e+02
2.026672583184999876e+00,5.696259946982999978e+00,9.878755960270000358e-01,1.616256163417692915e+04,9.937517121262229303e-02,1.198221338989467739e+02
2.852316587346999999e+00,1.797588540071000107e+00,2.596897238443999889e+00,2.451108093368379559e+04,8.727563122469699994e-03,9.885258146401006973e-01
1.094558218099999980e+00,3.538733578997999896e+00,1.413621582273999921e+00,7.519482602855225196e+03,1.927620938202001186e-02,1.259518728047048508e-01
6.377047002260000097e-01,5.593323649179000157e+00,2.938178830315000045e+00,3.876124975172298946e+03,3.845453398897250279e-03,5.001730854371304325e-02
2.021232811411000085e+00,2.425721864737000022e+00,2.624309337322999980e+00,1.610924954326731313e+04,3.852069925446489473e-03,4.973215012394950618e-02
5.197290136490000378e-01,5.073808842324000423e+00,2.582189788556000121e+00,3.033975722428388963e+03,5.889671670699770864e-03,2.114085372285693376e-01
2.068946908417999886e+00,6.154939547807000366e+00,2.218799011074000127e+00,1.657774040673630589e+04,4.142033329515898421e-02,7.630399720521573670e+00
2.778077920903999853e+00,2.751399705223000147e+00,1.791650038481999996e+00,2.374221235158386844e+04,1.557234950649711430e-02,5.178760571483828068e-01
