1.054252791701999925e+00,2.366110468617999896e+00,1.870535690300000109e+00,7.176248993710607465e+03,3.441420193794572091e-01,5.335439358966289092e+02
2.601155197053000023e+00,5.910334700197999780e+00,1.355386172325000027e+00,2.192295468232789790e+04,6.848453068534336718e-02,3.007324879851027255e+00
3.523453438120000003e-01,5.826344499754999795e+00,2.312164947588999819e+00,1.922862645361485647e+03,2.782522420267375643e-04,7.189233188134154474e-04
9.559639094459999598e-01,4.967380132529999881e-01,1.058643748001999896e+00,6.354724422344386767e+03,4.785907608562902163e-03,2.631379449183401942e-02
2.226641539625000110e+00,2.376960002560000174e+00,2.673989368253999910e+00,1.813955666970794846e+04,1.501478820963042006e-02,1.092793669795754985e+00
2.775472042012999907e+00,3.725213814139999968e+00,2.713742668685999782e+00,2.371528133093323777e+04,3.521292851073045023e-03,9.164010746772027760e-02
1.343060389981999947e+00,1.871321610449000028e+00,1.402191929900999945e+00,9.705309782972053654e+03,8.766650341701046761e-03,6.125910411353119311e-01
8.949999876969999546e-01,4.367703431542000025e+00,2.253722445490999871e+00,5.857224915680068079e+03,4.531945323516219787e-03,6.966419796185611968e-02
7.659966852089999945e-01,4.750769248848000004e+00,1.438846088708999993e+00,4.839196783922380746e+03,9.489577102444022305e-01,2.609594670349404737e+02
1.883470383064000053e+00,1.440221475679999974e-01,2.648292296360000186e+00,1.476804377705072693e+04,4.815496716112306445e-03,1.471318226835639092e-02
1.256629474769000110e+00,1.680565954138000029e+00,5.811933660420000036e-01,8.932534858177832575e+03,1.649494334262717379e-03,1.737558677274297220e-02
1.827296999435999991e+00,2.401960718191999966e+00,1.254852451452999951e+00,1.422631973493454461e+04,9.578565719141729062e-04,1.704979269683417828e-02
1.599615008265000027e+00,1.838232949321999987e+00,4.202859165510000050e-01,1.206462750576847247e+04,1.889411171016107394e-02,2.684993931092563013e+00
1.437999186397000084e+00,8.126097757200000105e-02,6.038969144839999581e-01,1.056768676210688318e+04,5.754371524612721389e-01,2.977632934819973709e+00
2.705051566415999975e+00,1.629306712937999890e+00,1.878668319081999938e+00,2.298901251839110773e+04,2.310321728839563951e-02,8.355934814116322329e+00
2.076449503985000167e+00,4.721983876793999890e+00,2.191035952820000077e+00,1.665158387750361726e+04,3.242751440927979512e-02,3.464360674897310588e+00
8.333584421499999895e-01,1.292092426136000061e+00,1.419347126324000063e+00,5.364561236587089297e+03,2.364325061204233108e-03,1.380860326632126975e-02
2.230793309158999982e+00,6.221392649044999779e+00,1.517708842330000030e+00,1.818094375558849424e+04,6.127755341294582880e-01,3.891611766022718371e+02
2.103923320429000210e+00,4.513568085766999971e+00,2.938171619679000202e+00,1.692239678037801787e+04,8.789010018660627921e-01,7.046262768250478814e+01
1.227427265088000041e+00,4.140506856240000033e+00,2.364073316767000055e+00,8.674304037877531300e+03,1.447528368072940330e-01,1.793178263148200458e+01
1.899377629191000061e+00,1.020231190917999964e+00,4.566955957270000255e-01,1.492200866866901561e+04,6.947934426424865473e-01,2.909065495737593210e+02
2.829994569775999835e+00,4.821426286570000386e+00,1.480214390351999976e+00,2.427956918576330281e+04,2.016978797222749101e-02,1.286852828509874769e+02
8.924106198210000063e-01,5.065843552841999831e+00,1.602483089639000102e+00,5.836313774554819247e+03,1.094937801950921072e-03,3.481760718695545154e-02
2.872872873037000119e+00,6.064833434569999682e+00,1.753999690359000052e+00,2.472452647786538728e+04,2.103071266942679873e-02,6.998073709334811987e+00
1.039141954586999983e+00,7.298837648779999965e-01,1.568867245892999973e+00,7.048485585385821651e+03,2.345035659442673732e-03,1.919737741575695128e-02
7.175031086740000230e-01,5.896654072887000275e+00,1.846104524036999983e+00,4.469745235256234082e+03,2.843242460347064071e-01,1.543623469519090747e+02
2.126449821388999961e+00,2.675484413112999782e+00,1.554145593882999998e+00,1.714491172500886751e+04,3.735592575917278529e-03,2.595929788475660471e-01
