4.949256729459999837e-01,1.977250190035999999e+00,2.225196882141999843e+00,2.862781840156937051e+03,2.897132137898488780e-01,7.768774288823083225e+02
1.526702533166000020e+00,5.215536417598999996e+00,1.793072085559999973e+00,1.138507544414912081e+04,2.383191189148243291e-03,2.183986684367519970e+00
1.968939656786999892e+00,3.048053419150000276e-01,2.363055087351999983e+00,1.559809486237829333e+04,5.327013491283279049e-03,4.672031219415241632e-02
1.946020824689999873e-01,2.081110584290999821e+00,1.922904242001000075e+00,9.829784067405054202e+02,2.459052501030665472e-01,1.280494337237730385e+01
4.305066489750000169e-01,1.853135185450000000e-01,1.631852152957999902e+00,2.428466545023856725e+03,3.003552593083962195e-03,8.612112931658551240e-02
2.525159269247000182e+00,5.199795924042000195e+00,1.340344793831999892e+00,2.114747883929652744e+04,2.675479255976998330e-02,1.366534781534437037e+01
8.249277921130000468e-01,1.193341672180999957e+00,8.092806861000000351e-01,5.298040657638333869e+03,2.590037145328872529e-03,5.241683087437219030e-02
2.602516617956999845e+00,2.424703090606000089e+00,1.237271977542999890e+00,2.193688132872027927e+04,2.728101692552022811e-02,5.129411268376145472e+00
2.720569797502999876e+00,5.097909349501000165e+00,2.277871801433999810e+00,2.314880510359579785e+04,6.683420467424640299e-02,1.023866284307285746e+01
7.168538475789999476e-01,1.304645330794999891e+00,2.498138395460999917e+00,4.464842914586466577e+03,3.336697049662368242e-01,2.989075796920572614e+01
2.103800754213999813e+00,4.473773307004000443e+00,8.955352387580000073e-01,1.692118703906210430e+04,8.841772110558074327e-02,8.668208139071827745e+00
2.462982364085999798e+00,1.328405494852000102e+00,2.607375798065000083e+00,2.051581653024132538e+04,6.097713186643756167e-01,3.902076770824615437e+02
4.646064614679999982e-01,3.930836176230000145e+00,1.404031147159999993e+00,2.656474025020664158e+03,2.487212757923063216e-03,1.532338848121672821e-02
3.140162541929999995e-01,1.934710612476999936e+00,1.374594767040000054e+00,1.684119269509706783e+03,3.294060251538693542e-04,1.955434463410001596e-03
2.219992195480000152e+00,5.230656052029000413e+00,8.136450855929999726e-01,1.807330131684336811e+04,2.797447229824699330e-02,3.267590421766461528e+00
2.162321640247999888e+00,1.346277961900000097e-01,2.719257839615000005e+00,1.750010699044509602e+04,6.954647545218718696e-03,7.092060572337063884e-02
2.593488371622000077e+00,6.265597640995999917e+00,6.896111154720000469e-01,2.184455337094131391e+04,6.180164285699218246e-02,2.272290901033093036e+01
1.369137503589999971e+00,2.383777718146999902e+00,8.331740760410000224e-01,9.940826033930643462e+03,1.390808667081021299e-02,1.009751711354435866e+00
9.189248480899999683e-01,1.736369051013000098e+00,2.214642427938999791e+00,6.051296973433743915e+03,2.185784449561238574e-03,7.404711216795055451e-02
2.902591494844000142e+00,4.858267919741999563e+00,1.608849628743000082e+00,2.503352137925845454e+04,1.291264085678243134e-01,7.455740688262548765e+00
3.153344792610000002e-01,4.377674929479999921e-01,1.050649502048000006e+00,1.692225002913948856e+03,4.428561274119857151e-03,6.322044245430967838e-03
1.378201026596000078e+00,5.548416792915999984e+00,1.075516581745999956e+00,1.002292896756362643e+04,3.438554205285436569e-03,1.251068019566585754e-01
2.261655208862999977e+00,3.137839053113999910e+00,1.933378348173000028e+00,1.848900198541751524e+04,3.231465955678846161e-03,2.928309875085643443e-01
2.133247027888999892e+00,6.170342660243999688e+00,2.150571853060999850e+00,1.721213589693365066e+04,2.120192854202909982e-01,9.497641255520643710e+01
2.355231757498000178e+00,4.654445667773999595e+00,9.438897579610000532e-01,1.942743940578154070e+04,3.802671320038871761e-01,1.010672399215690120e+01
2.198391720308999986e+00,2.302203092442999921e+00,1.410160565083999895e+00,1.785830532027816662e+04,3.362477771379455537e-03,1.345845512143662992e-01
9.927257623370000506e-01,4.306982172512999973e+00,8.002075112219999564e-01,6.659302983871989454e+03,1.514057397152356321e-01,5.909218270831243558e+01
1.302735830869000022e+00,4.137431563686999603e+00,1.350236152141000012e+00,9.343236279965793074e+03,7.192868202151281309e-02,1.160248616229567098e+00
2.700545609919000167e+00,5.632937545670000379e-01,1.960478933009000002e+00,2.294264126680912159e+04,8.063434090357117501e-02,3.066288363879373646e-01
