1.474514085235999916e+00,3.508478624560000259e-01,2.402234176461000015e+00,1.090286469732586193e+04,3.459225623192550836e-02,6.081814990544928357e+00
2.513778612295999970e+00,4.672163561569999679e+00,1.808142638759999921e+00,2.103165737397511839e+04,3.529410717008389653e-02,2.939752444221575001e+00
1.725893776634999988e+00,6.224444067726000007e+00,2.145589152288999824e+00,1.325654165507350808e+04,4.095318478090172187e-02,1.437162339921431986e+01
8.219041394199999573e-01,5.961929822316999861e+00,1.398096664127000066e+00,5.274235215332462758e+03,1.016604419141866472e-01,8.813541530076238928e+01
1.331420113037999897e+00,5.027546954884999586e+00,7.161080091889999721e-01,9.600523936770963701e+03,5.401506725630090405e-02,1.123350421047909009e+01
2.057417022114000016e+00,3.014774993557999938e+00,8.819301845350000502e-01,1.646435169186786516e+04,4.889606282123395292e-03,3.579343104685983601e-01
2.223461099360999782e+00,4.246780088073999870e+00,1.293489618925000029e+00,1.810786211406656003e+04,4.754603778215820385e-03,3.280899924970457904e-01
1.473359605605000011e+00,3.299512373415999900e+00,2.920495165238000013e+00,1.089223905798578198e+04,2.947017099713471200e-02,6.392732818752885571e+00
1.199860768783000076e+00,6.201309834344000294e+00,2.321021347438999793e+00,8.431939048646223455e+03,6.924141234367020559e-02,1.599669188851328272e+01
2.039697652937999983e+00,4.898772904344999901e+00,1.490915722101999963e+00,1.629031698934642554e+04,1.721656879399051931e-01,1.255997100225771419e+02
1.786715672424000090e+00,2.970631769180000159e+00,2.801828062674000197e+00,1.383692976418078797e+04,6.875219734538785821e-02,1.812130556032702344e+01
