1.354285068725000096e+00,5.530244334869999889e+00,7.995442413629999523e-01,9.806556182809077654e+03,2.547484875372224827e-03,1.582805466196439761e-02
2.208974749465999921e+00,4.103830850089999593e+00,1.757847353734000029e+00,1.796359597944251072e+04,1.105184164006804137e-01,7.995796486289604843e+01
2.804896325434000026e+00,1.098112249861999956e+00,2.239653009276000084e+00,2.401960043957405287e+04,1.455845364842036360e-01,2.402010237017009331e+00
2.468408082228000122e+00,3.709398418286999899e+00,2.428763524993999834e+00,2.057083327474067482e+04,4.947478840186000232e-02,2.377390200377653073e+01
1.663305366909000105e+00,3.904121764186000210e+00,1.418071429230999936e+00,1.266350177816900032e+04,1.021954754836151835e-02,6.373838709118379020e-01
1.329773038856999934e+00,5.464895012100000393e+00,6.998283630299999558e-01,9.585714383483160418e+03,1.212793441170042646e-01,9.103288313902714535e+00
1.090453823625999963e+00,1.134708660603999997e+00,1.124403255517999911e+00,7.484371025698069388e+03,1.638251592584927807e-01,1.028987730142653545e+00
2.793428208976000082e+00,3.630959627554999791e+00,2.071222104284000221e+00,2.390093278149645266e+04,8.504904492109750802e-02,4.931320289467132767e+01
1.033275319948999904e+00,3.754100769927000147e+00,1.478627944789000059e+00,6.999021140246473806e+03,1.563935509241278221e-01,2.592986976234475271e+00
1.448846897019999969e-01,4.262456897278999790e+00,2.058395103045000063e+00,7.117593995860424911e+02,1.903600790400585994e-03,3.373570749239951372e-02
