1.888555012125999966e+00,1.315336187752000008e+00,1.508073133319999926e+00,1.481723105370840130e+04,2.438461156457412404e-03,2.659189763244057536e-01
3.532850343219999800e-01,3.854738822144999855e+00,1.855736347320000035e-01,1.928794132105330618e+03,9.791435591429038798e-04,1.586430388607308877e-03
2.016187218557000005e+00,5.627791403248999735e+00,8.676996809879999883e-01,1.605982402323028509e+04,9.842913763796785620e-01,8.619241868929901784e+02
1.570505180082000019e+00,2.820051152051000098e+00,1.194721590030999980e+00,1.179252697570733835e+04,7.697685713407491359e-02,1.666305011157026286e+02
4.114897008680000190e-01,2.788741522626000169e+00,2.054703434712000121e+00,2.303223382906472125e+03,6.002568696895341574e-03,9.828652279288759008e-02
2.546719430397000217e+00,2.279700715261999910e+00,2.575289069231000205e+00,2.136709991609048302e+04,2.781260432977307739e-01,8.049330598075727039e+01
8.572663173750000309e-01,5.671314856951999772e+00,1.506762739358999958e+00,5.554348118433311356e+03,3.756480327561326563e-03,1.923034724339913737e-01
2.678789333664000072e+00,3.819781289749999864e+00,1.298302823256000105e+00,2.271891741584435294e+04,6.709380984393619601e-03,1.595920776271624875e-01
1.909642313003999892e+00,2.640785364790999790e+00,1.044178009054000045e+00,1.502148801832662502e+04,7.577166284268799235e-02,2.076428716894356086e+01
1.071870033728999916e+00,1.499007585947000010e+00,2.309170606751000054e+00,7.325842245760605692e+03,1.874208359264491544e-02,2.282745106891113984e+00
1.308216559659999945e+00,5.150715016137000113e+00,1.649249126459999992e+00,9.392293111932471220e+03,2.457895582864042926e-03,1.585945563587398965e-01
2.376990991240000017e-01,4.209895758656999831e+00,1.644249015541999981e+00,1.228225869606132164e+03,7.452944111988146596e-03,2.577241802190020081e-01
