1.978578890689000058e+00,5.214679047399999740e-02,1.876713631284000039e+00,1.569213210477291250e+04,7.567067893509478449e-03,7.198376368463525743e-02
2.766556291044000027e+00,2.674078080010000025e-01,2.339548521637000000e+00,2.362316940972868906e+04,3.115263063322115666e-01,2.344585851283583988e+00
1.275262572444000098e+00,4.024022858181999673e+00,2.480821935569999859e+00,9.098079967894927904e+03,3.190292965191784957e-02,2.322555635138032482e-01
1.149190828362000039e+00,6.418692491999999916e-02,1.954577130414999919e+00,7.990151272530352799e+03,3.810176759783088785e-01,1.153153137910771697e+01
1.043698880179999983e-01,1.748914463091000071e+00,9.480417134230000320e-01,5.005177327140493730e+02,4.589756731260904304e-02,1.860588466709273447e+01
1.327816143586999953e+00,3.639035376854999893e+00,4.431089485379999804e-01,9.568124718268758443e+03,3.753328078174491406e-03,1.404709913456121326e-02
1.829930599527000101e+00,1.434353020667999967e+00,1.058910106963000031e+00,1.425164773605955997e+04,7.504852615477849986e-02,2.794146231810976211e+00
2.728514070292999971e+00,3.489142334700000014e-01,2.129590548113999837e+00,2.323066350873806732e+04,2.031010564420150308e-02,1.408358485203525523e-01
2.888934763319999988e+00,4.527483305878999609e+00,3.685590679130000269e-01,2.489146704006920481e+04,3.763253743446787897e-02,3.521150274156051307e-01
3.569236407849999959e-01,3.236658903594999970e+00,2.121193278859999864e+00,1.951796408620947659e+03,2.236911573889028768e-02,2.253469935630231583e-02
2.467508555309000151e+00,2.261274839736000075e+00,3.155726580670000225e-01,2.056171074957664314e+04,1.814234745156946202e-03,8.653978301293439521e-03
1.392535486994999960e+00,3.005953276392999918e+00,1.273601335726999961e+00,1.015303321135707120e+04,1.839583313676418060e-03,8.158688096333743811e-03
1.079220881337999982e+00,1.362161175076000097e+00,1.829682273373000045e+00,7.388460114712491304e+03,5.251413217293957048e-03,1.601194688463083715e-01
1.397125894756999998e+00,3.301490448937999922e+00,2.044983777976999928e+00,1.019476238944222678e+04,4.985007752835467904e-02,2.035170458227850698e+00
1.447768119349999993e-01,3.030644663689999962e+00,2.366910739649000117e+00,7.111850457649049986e+02,8.573068840290692938e-02,1.056070395265163597e+01
2.105496624418000007e+00,2.825248213070000070e+00,1.660302121218000027e+00,1.693792395369819496e+04,3.241692746027361426e-03,7.874808964630358732e-02
1.693624280095999968e+00,2.823924927566999976e+00,2.610867956689999936e+00,1.295023460768406585e+04,2.312372480751085160e-02,1.783157641494766965e+00
2.432079212097999932e+00,3.949267506870000055e-01,4.717855631069999833e-01,2.020284086577703056e+04,4.157075931631130233e-02,6.373076727852576839e-01
1.420582852784000094e+00,8.521345774390000072e-01,2.451079794168999904e+00,1.040848433811913674e+04,6.454175202177687698e-01,5.856209234836700084e-01
1.703815354952000094e+00,4.960086885519999989e+00,6.635762985140000181e-01,1.304684569633201318e+04,4.548358384918181618e-02,1.711092477433161463e+01
2.084300306913999812e+00,4.725265956952999780e+00,7.469743578869999512e-01,1.672890550371094287e+04,1.201606093068503973e-02,6.720041345960868773e-01
2.231251023582999871e+00,3.840083200418999976e+00,1.666460777031000040e+00,1.818550726038275025e+04,2.108826477804354449e-01,1.914436734408732477e+01
1.606652761302999943e+00,3.373912600219999836e-01,2.642980820972999911e+00,1.213056675696315688e+04,3.573369300966729167e-02,3.192168540788765885e+00
1.250909502410999963e+00,5.245533158506000326e+00,1.555700652444000021e+00,8.881836256637552651e+03,2.335708383368005018e-03,9.086788336744336392e-02
2.194409453282999856e+00,1.918986392592000101e+00,2.529754079802999822e+00,1.781870844777533421e+04,3.131690357208498365e-02,1.585172264466107528e+01
6.090247229759999659e-01,1.000653815369000110e+00,5.353460871159999579e-01,3.667343259544134980e+03,4.001434108185253358e-01,5.984035661655602922e+01
2.195980106614999983e+00,6.139755931616999618e+00,2.839734868295999970e+00,1.783432445972570713e+04,5.662961615763238352e-03,2.490998459527713968e-02
1.961409831012000060e+00,5.885347016784000296e+00,1.337873763269999960e+00,1.552469501614843284e+04,2.118369884132068406e-02,3.219942992107166901e+01
2.253260015556000084e+00,4.159434762124000429e+00,5.314049536620000236e-01,1.840513064419075818e+04,1.173549237135912762e-02,6.382008924699480445e-01
