2.583234969520999957e+00,2.944668394262000000e+00,6.021743266090000546e-01,2.173975896043003013e+04,3.449669400583833725e-03,6.734879816965291810e-02
1.679488204427000086e+00,3.390753764284000216e+00,1.764429444072000086e+00,1.281641728598108602e+04,3.687285322263981775e-03,3.822588447753186985e-02
2.571826821994999790e+00,3.675782543216000064e+00,1.077806554006000006e+00,2.162324125390942936e+04,2.310733802220707803e-02,1.900401044110428539e-01
1.172307177650000032e+00,5.222741787597000140e+00,2.320497840084000174e+00,8.191093085997715207e+03,7.193816377055266553e-01,2.044124448038575395e+02
2.192344531604999869e+00,1.048748195633999902e+00,2.132269145758999951e+00,1.779818115159610898e+04,2.539423136996842717e-02,1.660942097436906195e+01
2.181791293634999906e+00,5.907750084874000329e+00,2.426983496066999813e+00,1.769332471377874390e+04,3.249168773462754456e-01,5.370800867166710759e+02
6.346550215799999783e-01,4.342943249010000062e-01,2.480206643209000195e+00,3.853805836525806626e+03,3.698154371813627567e-03,9.884986652751903691e-02
2.585977651498999830e+00,2.638838885850999905e+00,1.339094784577999908e+00,2.176778390544150534e+04,6.759771556885972588e-03,2.258190721214204111e-01
1.199045062193000000e+00,4.274811356428999787e+00,1.512073655607999889e+00,8.424788543479877262e+03,2.040490797483476282e-01,7.029313259421034132e+00
2.783498748012000146e+00,4.993199371645999918e+00,1.605983853988999899e+00,2.379824760031823826e+04,2.763721296638926503e-02,2.832295347434677257e+00
2.699084763999999859e-01,4.318618139225000263e+00,2.735268679134999825e+00,1.417367204449334622e+03,5.842962292397342328e-01,3.711733709887351296e+01
1.673556417000999996e+00,1.362338796711999978e+00,1.530776237326999967e+00,1.276033184013060418e+04,8.023472100386424000e-01,9.835471105551236803e+01
8.925926097549999882e-01,2.978763801312000137e+00,1.856727662776000098e+00,5.837782914323919613e+03,1.281274386512649358e-03,2.943646531861581969e-02
2.735004087159000008e+00,1.461610683291000079e+00,1.271523027048000021e+00,2.329756489699986560e+04,1.914313705152562856e-02,1.359962330733862856e+00
2.110362678587000218e+00,4.887432593156000316e+00,1.671082454060000000e+00,1.698596129995777301e+04,6.515056648875154968e-03,1.257956947011453330e+00
4.402378902799999882e-01,5.019361768210999664e+00,2.544433312584999829e+00,2.493090207983996152e+03,3.055322430570150960e-01,2.479887499978611913e+02
9.230431325679999688e-01,5.418785370352000363e+00,1.825135884400000130e-01,6.084857911046131449e+03,4.705601961816884837e-01,9.829038545081971279e+00
2.073295006621000081e+00,9.089597009250000026e-01,2.123815640969000107e+00,1.662053025926354530e+04,3.626463011683223742e-03,6.335684223185547581e-02
2.411138835802999925e+00,3.591840994111000107e+00,1.478010860374000091e+00,1.999113882973910222e+04,3.222938673071308602e-02,1.696257023633215288e-01
1.637296079845999897e+00,4.377961744931000432e+00,1.408086998349999952e+00,1.241836367401621283e+04,1.323547481036817415e-02,4.169376819666483414e+01
1.513515393330999936e+00,1.987745288022999990e+00,6.135166552120000505e-01,1.126288877342963315e+04,7.281326269288560492e-03,2.015717862667346372e-01
5.646623800440000451e-01,1.155496148966999925e+00,6.561417909450000252e-01,3.349439534555631326e+03,2.862211703722398679e-02,2.150072413263135918e+00
7.540783905299999756e-02,1.810162753374999989e+00,1.140548492893000088e+00,3.551502880817795926e+02,8.713542437071435153e-04,5.779843467874709248e-03
1.537504249236000042e+00,2.747643100336000010e+00,1.061738984667000008e+00,1.148532675387052223e+04,8.326515400470531347e-03,2.218035531985002029e-01
1.682985692664999977e+00,5.438246306012000097e+00,8.520072518719999932e-01,1.284950479777496548e+04,2.626635696882820281e-02,7.495628342058614502e-01
7.708334478449999638e-01,1.627656091126000071e+00,1.507045456027999997e+00,4.876439458642091267e+03,7.528433144523852477e-04,3.286586013421093078e-02
2.351368316273000136e+00,4.907207169295999982e+00,1.053402518553999911e+00,1.938856752851990314e+04,5.491026806503070123e-02,3.806585248967342405e-01
2.275478211110999904e+00,5.776636357575999803e+00,9.413880708370000461e-01,1.862721629372843381e+04,1.740118644033609302e-02,2.477304584801274245e+00
3.361656367879999885e-01,2.007900272566999877e+00,2.494665889641999978e+00,1.821316570448799439e+03,5.351250046448590564e-02,2.231688514577353732e+00
2.143637023122999974e+00,2.458278874498000199e+00,2.853820396065000153e+00,1.731496563872147453e+04,7.526106190685979969e-02,4.099223698796467530e-01
2.121453316198000039e+00,6.158277561170000247e+00,1.276551563740000006e+00,1.709552050988875635e+04,1.743297668771368047e-01,1.685701876206652798e+02
2.464460218355000176e+00,4.634122254220000237e+00,2.230930624770000037e+00,2.053079973421455725e+04,6.635536376212945384e-03,2.566954104286962024e-01
