1.731332741954000110e+00,4.319952703463999732e+00,5.242446927810000545e-01,1.330828155772914761e+04,2.124663315197863056e-01,8.995115099876429099e+01
1.501091069185999993e+00,5.211695038350000475e-01,1.384506428579999948e+00,1.114797771679614743e+04,6.431624486060553286e-03,3.904110601358255772e-02
6.347950067209999769e-01,7.600958287639999478e-01,1.006724960776000044e+00,3.854829709901694059e+03,6.146709924820394910e-01,4.082144136296648895e+01
1.810860993743000025e+00,6.794896953769999914e-01,2.201066080088000199e+00,1.406840888026369612e+04,3.888202757589866998e-01,3.202667829552900258e+01
2.454214833013999897e+00,4.510003470498999967e+00,1.317898097177000016e+00,2.042695593173283123e+04,1.511278098492892415e-02,2.480135078156077810e+00
2.622377702881999895e+00,3.404440809637999887e+00,7.799208219059999836e-01,2.214017245574902699e+04,1.214180481872532621e-02,7.987785438728880472e-01
7.466781221960000492e-01,4.217052515923000122e+00,2.008241270950999802e+00,4.691212857588947372e+03,6.468111577090841502e-01,8.288549985566794120e+00
2.075733324772000010e+00,1.841882795520000116e-01,2.112913119529999939e+00,1.664453294465126237e+04,4.257464070891581881e-02,5.457529012821138448e-01
1.510339001491000088e+00,6.249959638915999705e+00,1.130210669755999930e+00,1.123349159117711861e+04,5.780867070779336682e-03,1.723045663255035609e-01
6.879178811610000555e-01,5.802390458770000370e-01,1.466232876342999925e+00,4.247543247180955404e+03,1.166996959663797184e-01,2.366294885618422938e+01
2.776130204189999784e+00,4.969693550377000335e+00,2.198062919924999914e+00,2.372208287895331887e+04,1.727098130412383498e-02,8.743790726405752167e+00
2.465533006993000154e+00,2.479925727331000029e+00,2.427871857885000040e+00,2.054167754706653068e+04,1.804351490618254922e-02,8.611966806088284798e-01
1.904859167399999831e-02,6.192783458633000393e+00,1.674625019594000008e+00,8.642404002235865335e+01,7.333488982126223216e-05,1.925869252207209831e-05
2.045715590929999994e+00,2.295246529472000141e+00,2.608058747238000130e+00,1.634939328775849208e+04,8.146292540957755790e-01,1.752700292191134679e+01
4.394525779940000043e-01,4.991176390544000085e+00,4.461117113320000049e-01,2.487861785266786228e+03,1.811277383474206026e-01,2.897056369787629748e+01
1.358105686433999981e+00,5.853651270710000354e+00,2.320028801545999997e+00,9.841062980924301883e+03,2.945373480922008347e-01,9.283550719394675355e+01
1.397907645014000000e+00,1.911010508086000037e+00,2.781428115204000129e+00,1.020187203152172879e+04,1.738674519018613843e-03,1.146464097876946087e-01
6.732674350909999550e-01,5.848532387335000138e+00,3.353146551050000257e-01,4.138421481782503179e+03,1.462689019144828954e-02,2.069231723179768279e-01
2.498732603886999915e+00,2.973409012693999820e+00,3.675783298699999979e-01,2.087868910070117636e+04,2.101030522921524049e-02,1.347605028778926961e+00
9.462865787969999554e-01,4.840729888275999926e+00,2.165753761930000021e+00,6.275105862919657739e+03,5.805001138853028639e-03,1.757589372660049065e+01
2.580358272380999907e+00,1.547692542674000027e+00,9.135644928380000085e-01,2.171036985577186715e+04,1.790200065734887380e-01,5.385791812675613244e+01
7.041137201099999521e-01,2.336152542038000046e+00,2.587547030561999861e+00,4.368881759523910659e+03,4.550726323239799864e-01,3.837178320692670468e+02
1.316270750851999960e+00,3.569748234827999855e+00,1.835091299921000063e+00,9.464473519191333253e+03,3.687113855380329611e-03,1.348694027557285381e-02
1.044842798302999975e+00,5.804835560392000104e+00,2.661289510052000207e+00,7.096626655345828112e+03,1.144644407318869172e-03,4.320936330040015330e-03
2.757284219170999862e+00,2.177915785579000119e+00,1.305735525792999896e+00,2.352742529187256878e+04,2.208676093367893320e-02,1.685755238105608456e+01
1.845918802066000008e+00,2.392174603530000110e-01,1.574195430052000022e+00,1.440555913577679348e+04,6.759104006291984448e-03,1.557346201712350164e-01
2.559981363813999877e+00,1.284853777501999916e+00,1.892984397313999922e+00,2.150234522621717770e+04,1.713204620390357952e-02,5.687999108595332975e-01
1.328178071223999890e+00,2.445863610623999929e+00,1.477405965288999923e+00,9.571377459858340444e+03,3.958151250991408243e-03,1.162735826152605956e+00
5.864707990849999941e-01,6.162362690944999777e+00,1.552303129860000075e+00,3.504939966955873388e+03,1.439863977770038939e-01,7.068179654492971054e+01
1.927509143570000083e-01,6.049924037878000149e+00,1.145151042598000046e+00,9.726511519905734531e+02,8.603010734790333958e-01,4.391273344234973592e+02
