2.196190110933999851e+00,1.901391689330000023e+00,1.876369284312999985e+00,1.783641254107836357e+04,7.747197300018021648e-03,1.099983203079488270e+00
9.606844449970000088e-01,1.762358277292999986e+00,1.060678904126000077e+00,6.393647726231511115e+03,6.114459754999928935e-03,4.298676845350439812e-01
2.476463385834999809e+00,2.149893190659999842e+00,1.288469266511000022e+00,2.065255085942440928e+04,1.503597378560714570e-01,2.044937505084902796e+02
2.342981572903000131e+00,1.129874366267999974e+00,4.984024125650000081e-01,1.930422173346586351e+04,2.668537468116201523e-03,1.197237784773371588e-02
7.826907899989999917e-01,4.893431653406000059e+00,1.566832848256000110e+00,4.968061683628263381e+03,3.697410603514286187e-01,5.832427838655556798e+02
8.263681075030000489e-01,3.097742998333000042e+00,2.132359369312000208e+00,5.309390071175617777e+03,1.934892463720274403e-01,1.078198273650350245e+02
2.983781811452999921e+00,6.182453380423000411e+00,9.793063086759999925e-01,2.588013082902298265e+04,4.124492354450143283e-03,1.637091364835719098e-01
1.925038098429999955e+00,5.595808206479999658e-01,2.133034929763999887e+00,1.517088195868999355e+04,1.551026493939824252e-02,2.209067507073243952e+00
1.755989174543000075e+00,2.504688366938999877e+00,2.642774911979000052e+00,1.354323347430867761e+04,2.588302412176467227e-02,5.226971766851098877e+00
6.148053768279999609e-01,7.238087821630000418e-01,8.534513298020000027e-01,3.709222699659407226e+03,4.803890107063506221e-02,4.297504792894528691e+00
2.735980542880999788e+00,3.036640941716000075e+00,7.180444789409999862e-01,2.330763269459812000e+04,9.884996561736889564e-01,8.728133736931935971e+01
3.597276738069999924e-01,5.844593740204000021e+00,2.532407696945000009e+00,1.969560336873184951e+03,5.815224811013270517e-02,8.517632796970607600e+00
1.988965013313999997e+00,1.903876507234999904e+00,1.416024812247999920e+00,1.579354968975058910e+04,2.859743151934866258e-03,1.095589219899029548e-01
1.860899114386999953e+00,2.354862253502000069e+00,9.159064144659999629e-01,1.454999820343525789e+04,1.273407340571829083e-01,4.910160427114637294e+00
1.122379440702000020e+00,3.684775474909999904e+00,1.499291785750000106e+00,7.758408352676213326e+03,7.635205152432007758e-02,6.047587120777905279e-01
4.204308567899999738e-01,1.315336187752000008e+00,1.799982734839000065e+00,2.361935047877505895e+03,6.576302655043551881e-02,1.464853975387613616e+01
2.922916338913000178e+00,1.849889859197999975e+00,1.946269316141000072e+00,2.524512484218327154e+04,1.981860483998164682e-02,1.323813996802515724e+01
1.647792308292999941e+00,5.421465706142999608e+00,6.833587022870000194e-01,1.251719657348121473e+04,6.448530971306384342e-03,5.367335718041150727e-01
1.439649698651999987e+00,5.306520635288999976e+00,2.078554369761000054e+00,1.058279665552226470e+04,4.630356430510839186e-03,1.023194602126409336e-01
2.023758780282999936e+00,5.969804816032000083e+00,1.663684241836999922e+00,1.613400180513168380e+04,4.844809517275750280e-03,8.082589088540184652e-02
2.119221958785999949e+00,2.423825571614000030e+00,2.611919402732000073e+00,1.707346983444287616e+04,1.028725773611432678e-02,5.468742686101172978e+00
2.231093650762999925e+00,5.761335074337000428e+00,1.661648724079999973e+00,1.818393819825995524e+04,2.524583810517881926e-03,4.091153544080929766e-02
1.119811436653999959e+00,8.242955117310000190e-01,2.733622453305999844e+00,7.736287859602484787e+03,7.833993775588361796e-02,2.193140721250675718e+00
