3.560803982599999862e-02,4.345209631703999875e+00,1.431336552359000036e+00,1.633890736081770001e+02,2.321440764036213772e-02,3.417070354981482261e+00
2.168281706753000027e+00,2.229097633543999812e+00,1.071172868114000032e+00,1.755922285331745297e+04,9.686812549619248924e-03,1.003777281666892174e+00
2.658430606161000131e+00,3.034735331368000111e+00,3.106528294380999977e+00,2.250982507559220903e+04,3.109873869734080393e-02,2.691563750944909739e-01
1.472412985127000029e+00,5.698348952429999947e+00,2.897502097358000128e+00,1.088352795379496274e+04,1.393178099709325157e-01,8.712675998006208999e+01
1.885832376116000075e+00,1.223317024618000071e+00,2.630694393525999875e+00,1.479088994298311263e+04,3.616323255359045388e-03,6.222829680548676995e-02
5.263733169069999551e-01,5.379361444998999708e+00,9.776593817480000448e-01,3.080195849773745067e+03,8.745784532800606956e-03,1.543956133372546446e+00
1.943979126534999935e+00,9.457404763119999780e-01,2.639855579889000214e+00,1.535498176176692141e+04,2.842115137941243763e-02,1.474316790907329033e-01
3.662771762820000165e-01,2.039318269063000066e+00,3.458940515080000111e-01,2.011179154152278215e+03,2.122108852453867545e-02,8.782220149258184172e-01
1.179594564582000071e+00,6.073252224137999811e+00,1.168123951299999908e+00,8.254652862467504747e+03,2.903791591661378495e-03,6.146292688097003409e-02
1.300409056241000005e+00,1.031763770860000040e+00,2.391856192256000213e+00,9.322424745655909646e+03,1.592846733649972563e-02,1.887204561832426242e+00
1.907946876120999891e+00,6.206833293530999995e+00,2.170923964941000150e+00,1.500504998417829302e+04,4.370946434126046429e-03,5.763514983393300262e-02
2.583262997338000133e+00,4.764504013829999884e+00,1.332994529527999905e+00,2.174004533992529832e+04,1.000852829097106239e-02,2.414085481993543425e+01
1.688033004396999992e+00,4.717086645380000220e+00,3.712704739109999874e-01,1.289727874364074341e+04,3.915557882048785639e-03,7.731303547990374392e-02
2.540931796977000001e+00,5.699702941710000026e+00,2.583312766120000159e+00,2.130811332394916099e+04,8.745869632459938453e-03,5.264457248544024415e-01
5.982013194220000551e-01,1.189866289730999949e+00,1.921790001481999965e+00,3.589208711525022863e+03,9.322353162938692289e-03,2.827882874647180134e-01
2.636426007653999815e+00,1.176583871924000047e+00,1.724886473216000082e+00,2.228411488302352154e+04,2.039855588583636831e-02,9.922288583322532718e-01
2.311744797285999908e+00,2.328522040949999872e-01,2.607964675269000221e+00,1.899052270976968066e+04,8.251242047369888172e-03,1.533886270698016641e-01
1.860617611854000097e+00,2.792521085263000025e+00,7.245025439750000240e-01,1.454728194363089096e+04,3.174515025050695521e-02,1.338977624525839127e+00
2.644384649359999839e-01,4.086540103817999814e+00,2.164040446095000014e+00,1.384902922243113380e+03,7.339528041647681855e-02,3.356190346043847583e+00
1.401821597956000032e+00,4.689888360827000113e+00,1.423045718123000070e+00,1.023748118673200588e+04,1.659327844289730947e-03,1.288848478453179236e-02
2.855744403605000148e+00,1.503997074826999958e+00,1.181061679336999903e+00,2.454665710643746206e+04,1.539079315221408839e-02,4.116938793804969521e-01
9.106171344429999648e-01,3.436714143970999835e+00,1.260069018085000048e+00,5.983732453193994843e+03,5.624604755814031215e-02,3.239652109795274765e-02
1.580798171759000059e+00,2.023420775161000051e+00,2.011826289636000187e+00,1.188862076046261245e+04,1.327314862677597988e-03,1.785151990212978379e-02
1.638679806135999950e+00,3.538482063173999936e+00,1.006531693559999940e+00,1.243138555273695601e+04,5.113016639006305944e-03,1.065170387502036992e-01
1.888407096291000009e+00,2.774183942011000159e+00,1.718475389933999953e+00,1.481579980006493497e+04,6.794995690884268920e-03,1.046042157490177371e-01
