6.856246079279999517e-01,6.013485191233000293e+00,2.204808122646999990e+00,4.230421798136010693e+03,2.339483553505327662e-01,2.722778593629904549e+02
1.048326882123999937e+00,3.871061425949000157e+00,8.777549140449999454e-01,7.126084029556676796e+03,3.470205771232022229e-01,2.523324467816016181e+02
1.502150936760999977e+00,3.145811031616000175e+00,1.357438312501999977e+00,1.115777193376766991e+04,2.166800257922144035e-01,1.122258267563160716e+00
2.840464346764000059e+00,5.413962516403000080e+00,7.627933401230000410e-01,2.438812109413323196e+04,8.607630910002402047e-02,7.046814146164704695e+00
1.339463264768999906e+00,2.398841350500000025e-01,5.597665005969999497e-01,9.672905416525243709e+03,3.518717769939847528e-01,6.210352485798264155e+01
9.768284477309999714e-01,1.552663054699999989e+00,2.574843989849000092e+00,6.527183299462260038e+03,4.162797742241272983e-03,1.182011176954562037e+00
2.074521949603000071e+00,9.501830375599999712e-02,1.032157499169999992e+00,1.663260756367636350e+04,2.953142699032519289e-02,6.772500789905340213e-01
2.965234152124000211e+00,3.511034035136999965e+00,2.672647619074000058e+00,2.568641443831685683e+04,6.520775472058899791e-02,1.318475399952311911e+01
1.359870818449999963e-01,3.740108190143000222e+00,1.199725013124000039e+00,6.645980901093885223e+02,4.015574660398556206e-03,8.326097721282542385e-02
2.491652661018000092e+00,3.252701469370000154e-01,2.492932428181000137e+00,2.080675808804494591e+04,5.567009035721232069e-02,3.058820506813249906e+00
1.424598683469999960e+00,5.578398650492999877e+00,1.361971606655000055e+00,1.044515427466734400e+04,2.130914054368360580e-02,2.644468711531519389e+01
4.833055264750000246e-01,5.107464908825000371e+00,2.446533572564999925e+00,2.783322324442015542e+03,2.853716756849920821e-02,5.105110589567873447e+00
