5.876120241899999985e-02,1.624484685971999909e+00,8.120672903529999598e-01,2.737971904902570941e+02,4.883956623394311060e-04,1.157549280981278296e-03
7.652282599380000327e-01,4.050964131876000351e+00,1.372474638981999950e+00,4.833287030911742477e+03,9.444719412143967249e-03,1.499959712635033249e+00
1.878599809478000093e+00,5.104073521876999919e+00,2.235223892157999881e+00,1.472095032244430695e+04,1.353667547226757306e-01,7.793303940188419654e-01
2.889118894105000113e+00,1.551165680470000030e+00,1.292418645893000040e+00,2.489338164819387021e+04,4.193245531127706704e-02,7.478612703305600462e+00
2.663108335782999880e+00,3.940236969233000153e+00,1.049307775039999974e-01,2.255784487284940406e+04,2.981057644584951261e-01,1.451134347601293051e+01
1.908202758492000051e+00,1.409887242441000055e+00,1.143959232360999945e+00,1.500753066269954797e+04,7.280819264557853998e-01,8.409145747278836325e+02
2.550435492566000217e+00,1.187836353269999951e-01,2.814308040647000020e+00,2.140498487966653920e+04,1.583336380878160310e-01,1.069336926067463667e+00
2.380673737302999804e+00,6.694333762849999925e-01,7.267727014270000119e-01,1.968369054841464822e+04,6.645039433019468526e-03,9.360899979843020913e-02
2.157286268523999961e+00,2.693963426924999904e+00,1.921200717887000087e+00,1.745018502170393185e+04,1.001171055073163743e-02,1.631319462241551221e+00
3.868902706360000110e-01,3.153326415417999851e+00,2.385220954289000161e+00,2.143310507987065193e+03,3.215058471965148192e-03,8.572505987575220754e-01
1.894026261877999939e+00,1.931135939525000067e+00,1.351446163329999894e+00,1.487018615846793364e+04,3.980550346075827084e-02,2.352096665210066995e+00
1.015853933303999979e+00,3.093042710919999827e+00,2.092938952410000053e-01,6.852597030556152276e+03,4.006336683528527454e-02,1.915783297720601741e+00
7.140136785270000397e-01,2.550225163448000210e+00,1.143058471138999943e+00,4.443411473756449595e+03,4.459201042268290394e-01,7.719028161407895539e+01
1.808959459558000082e+00,1.503970488940000072e+00,1.848165817354999962e+00,1.405015637354526734e+04,2.764083030877590493e-03,4.824292516990871804e-02
1.946891073665999894e+00,4.487370436405000440e+00,7.226332920279999739e-01,1.538331433962057781e+04,1.573291324603025010e-01,5.092713037977740953e+01
6.599235871630000361e-01,6.065803800666000001e+00,1.938622499172999891e+00,4.039568477370524306e+03,3.906242178706141772e-03,7.697185603891874839e-02
1.533634555639999952e+00,4.661449146817999711e+00,2.624805909163999917e+00,1.144939474747273562e+04,1.487183221087582264e-03,1.008177241531295343e-02
7.862720674759999806e-01,3.141222394265999807e+00,2.476488798491999876e+00,4.995823379102522267e+03,1.462483236267651376e-03,1.160697362270868456e-02
1.499697722037000025e+00,2.054936502703000212e+00,1.169514439102000036e+00,1.113510361211668715e+04,5.787509697302130676e-03,8.842928597855267414e-01
5.879379118099999912e-01,5.397029624676999759e+00,1.410865833522999990e+00,3.515455519403990820e+03,4.141810215379420068e-01,5.931436285413725251e+00
1.944693111025999954e+00,5.218411304523000283e+00,2.438381209606999889e+00,1.536192793045939288e+04,6.508222792831033221e-01,3.407827933149410349e+00
8.903930000230000363e-01,1.581847394916999994e+00,2.110487751561000103e+00,5.820032801801392452e+03,5.023139903718504794e-03,1.669547317816009180e+00
2.777950178579000173e+00,4.068804406528999884e+00,1.482354926883999946e+00,2.374089208038531433e+04,7.923183389732522605e-03,1.093984778488271692e-01
2.214252850493999780e+00,5.814814707119999593e-01,1.113501715171999917e+00,1.801614047564060456e+04,1.622043286999937800e-02,2.347706982166716805e-01
3.367265486720000256e-01,4.961355017898999797e+00,8.209973560090000344e-01,1.824818368726325843e+03,1.243648977919599163e-01,6.728830120861773878e+01
4.057049108229999757e-01,1.486947627850000009e+00,1.931709484623999940e+00,2.265403650426401782e+03,2.029465882353342562e-03,2.540639082691281345e-02
2.507177495586999871e+00,5.974877678979000351e+00,2.258789147059999891e+00,2.096453134640310964e+04,5.280796895369876259e-03,8.395673533168208913e-02
