4.137365667180000206e-01,6.108532475128000350e+00,2.392529121656000068e+00,2.317948135023803388e+03,6.114880832768421204e-02,2.863355358712627918e+00
1.748679459599999930e-01,2.028800730778999917e+00,4.166452344959999943e-01,8.737861767891935187e+02,1.106029911633509347e-02,3.928688693867341541e-01
1.690375133429999899e-01,8.303513069129999646e-01,2.914431280652999945e+00,8.419092179613675171e+02,5.664193722026445998e-01,2.022312397692487829e-01
2.537186465082000186e+00,4.893032482656000326e+00,1.332938352290000017e+00,2.126995308140079578e+04,8.497319107092610180e-01,8.884887740188056569e+02
1.992187170426999998e+00,3.846598312749000215e+00,2.625433907445000159e+00,1.582503282833628327e+04,3.163682363251199645e-03,1.508190347012100530e-02
2.669552238051999815e+00,3.267452904255999879e+00,1.006399532786000028e+00,2.262401744109605352e+04,9.780063557448464423e-03,1.483229992739110992e-01
1.423094644700000078e-02,4.504752518481000223e+00,2.333679949108999896e+00,6.435121995914698800e+01,4.863491739922409796e-02,1.551986280152684250e+00
2.319448389994000159e+00,2.165079867511999989e+00,7.680944644649999598e-01,1.906782048706248679e+04,3.373521909327524288e-03,3.689471501849593826e-01
2.120655444301999815e+00,3.505451800698000220e+00,2.418173216805000081e+00,1.708763525619288703e+04,3.356854185265464863e-02,9.530096670291513528e-01
3.479414218319999974e-01,6.059872569402999787e+00,2.763948409819000140e+00,1.895113636625486606e+03,8.415249080600813864e-03,1.540844038951244728e-02
4.175527120279999838e-01,3.490665541484000212e+00,1.689258268309999922e+00,2.343002044654346264e+03,6.351183140747680422e-01,1.723070694666131999e+02
2.149118795210000155e+00,2.704725217086000111e+00,1.031918176188000080e+00,1.736925401359300668e+04,6.458833961487805420e-01,1.122752197456911816e+01
7.953142989779999894e-01,1.917765223830000032e+00,5.362758477729999695e-01,5.066099435035042916e+03,1.531805745593343461e-02,1.315596736705564318e+00
1.104879769680000012e-01,2.291216715798999992e+00,2.160033666782999795e+00,5.318354486470313987e+02,1.073588992684607795e-03,4.076851507144990672e-02
1.736866731771000039e+00,4.067963756272000353e+00,2.608951231220999922e+00,1.336095822695870629e+04,4.923708960624015828e-03,2.105534605159891173e-02
2.877275310244999940e+00,5.374029014568000306e+00,2.571921147215999959e+00,2.477026906543839868e+04,5.584730543672399190e-03,1.928630494651747129e-01
2.226802412285000088e+00,1.948961662304999898e+00,1.024796465387000088e+00,1.814116006848178586e+04,1.707010256185002295e-01,1.340524904765503607e+02
1.136081409026999944e+00,5.127104673419999870e+00,2.239616998264000181e+00,7.876661091486917030e+03,2.749775029874310106e-01,1.870717923117601345e+02
2.841191477030999835e+00,4.426497762031999628e+00,2.235147749239999815e+00,2.439566218860388108e+04,7.276433153616920953e-03,2.888513026301701703e-01
1.801315253272000039e+00,5.201464357256999627e+00,1.785932879561000108e+00,1.397682311232617940e+04,1.655243537532131992e-01,5.208928123470640159e+00
2.382985677595999885e+00,3.140072220632000199e+00,2.365901301251000177e+00,1.970699923782617770e+04,4.060966428214190377e-02,1.359652907887870299e+00
1.998317210386000076e+00,4.380401408560000154e-01,1.129569803395999994e+00,1.588495404346409487e+04,5.037534272190105286e-03,3.462784277345833800e-02
