1.353088507009999886e-01,2.553981495411000058e+00,8.991988236929999712e-01,6.610207150570087151e+02,5.595898631076578339e-02,5.429583167836655316e-02
9.382750576889999916e-01,1.952238268996999926e+00,1.884653700180999980e+00,6.209373349131793475e+03,8.134881142218007609e-04,6.825854379855795379e-03
1.594098771896000022e+00,5.311787286911999750e+00,6.748917152579999579e-01,1.201298573863314959e+04,5.934498996539885329e-01,6.797064470953246200e+02
1.843959532344999985e+00,4.543466092560000114e-01,2.622697883882000092e+00,1.438668442065036834e+04,7.240284453208140764e-03,1.608769364993951900e-01
1.220345973229999936e+00,3.094794925508999928e+00,2.620289606316999809e+00,8.611913512757375429e+03,1.345411952236158157e-02,3.937426780345454902e-01
1.347935889623999905e+00,5.650707362783999876e+00,1.545570588439000081e+00,9.749262370187712804e+03,4.333789261611601523e-03,3.834574257968139110e-01
7.961765860210000545e-01,1.934876397443999974e+00,2.015766411555000026e+00,5.072814644785833480e+03,1.574357462972672105e-03,1.363581367291325508e-01
2.132765587651999972e+00,1.525645685953999964e+00,2.222650455664000102e+00,1.720737330340283370e+04,6.435567773058911700e-03,1.530833590561301027e-01
1.645660752511999947e+00,2.348222200251000036e+00,1.331016564695000071e+00,1.249711539179588181e+04,1.085487218337427423e-01,3.216775598917459433e+01
2.557203946846999809e+00,4.471190835860999968e+00,1.196441417786000105e+00,2.147401172822752051e+04,1.949397015298663660e-02,3.177356679186848498e-01
2.149911809999999895e-02,2.572810681258999921e+00,7.152650210580000500e-01,9.770692600051879140e+01,6.365202530757985014e-04,8.189165849201132576e-04
1.906710527898000107e+00,1.943960830738000078e+00,1.914644164840000107e+00,1.499306465523901352e+04,1.544773601676248040e-03,1.155444957083372887e-01
2.656509052000000093e-02,1.158557002688999971e+00,2.153307968696000163e+00,1.211499247670611510e+02,1.377498958383966722e-02,5.805549092939587576e-03
2.771196392349999926e-01,4.534225808819999592e+00,1.742842135994000063e+00,1.460376244796238325e+03,4.923981380933307485e-03,2.895566065273718626e-01
2.676609221251999848e+00,4.245142157549999795e-01,2.712866829576999983e+00,2.269651472843129523e+04,1.357801477744172147e-02,5.790902779546245327e-01
1.657445618708000001e+00,4.783266039135999570e+00,5.125269425880000229e-01,1.260820534337677964e+04,1.691827526698391412e-02,1.288351320400032973e+00
1.879837231643999962e+00,5.820478189375999811e+00,2.615645717271999793e+00,1.473291295324212115e+04,8.043600456141081212e-01,5.233489003757650693e+01
2.767572712303000060e+00,4.496081777971999927e+00,2.583997407721000172e+00,2.363366810194696154e+04,8.930035080464213126e-02,1.136604772427296739e+00
2.711141172296000157e+00,1.566945857806000042e+00,6.798915589309999508e-01,2.305170057283500137e+04,8.026147895586087030e-03,1.167713711317615255e+00
2.834536045654000080e+00,6.253184101886000157e+00,2.883706207091000007e+00,2.432664816311902905e+04,4.756194955928232451e-03,2.563690867641640891e-02
1.844077940470000065e+00,1.532412878501000053e+00,8.202760338710000099e-01,1.438782500186212201e+04,3.997064207394606661e-01,1.141995629928166522e+02
1.445881820939999951e+00,5.960873833277999800e+00,1.606811199150000036e+00,1.063988448081725619e+04,1.305742930244393162e-02,5.415123499901541848e-01
1.778280958384000021e+00,1.209136134133999896e+00,8.909602290210000275e-01,1.375620884267978727e+04,2.365686736360947135e-03,3.889562957908569013e-02
1.343133747490000030e+00,1.965129976133999978e+00,6.609625535280000408e-01,9.705970654178443510e+03,2.136203061395301195e-01,1.384787857167281686e+02
2.103164526406000157e+00,2.175645612218000124e+00,2.608622892660000137e+00,1.691490859726071358e+04,1.527593662830000754e-01,5.216796044043570113e+00
2.340024177490000135e+00,2.980251755893000176e+00,4.340742220400000129e-01,1.927449115243609413e+04,1.762651989363548527e-02,1.583768050814882700e-01
5.024394487369999718e-01,6.175268723123999770e+00,1.423252124393000084e+00,2.914415852135368823e+03,1.993472544605772723e-01,4.108645869412014662e+01
2.683028352531999783e+00,3.594039918516000132e+00,1.293073313318999995e+00,2.276248561182961930e+04,9.037685167386655264e-04,2.523353214440104443e-03
