2.036238930035000116e+00,3.126213592141999786e+00,6.790121148369999693e-01,1.625637794281292190e+04,2.066414857095558444e-01,2.616835597893341525e+00
2.293928944756999933e+00,4.427021121610000165e+00,1.284845345691000063e+00,1.881192671419390172e+04,6.655194877076163126e-03,2.261252685345159497e-01
2.449722256044000179e+00,4.268316766525000361e+00,5.813308286330000074e-01,2.038144310226406014e+04,9.047568366417439722e-02,5.069802647111671057e+00
7.699383796680000502e-01,3.330113736139999947e+00,1.222779206992999912e+00,4.869541739504319594e+03,4.320122112372090095e-01,3.856047948895411803e+00
1.881947080888999979e+00,4.411893154362999780e+00,2.815617040225999901e+00,1.475331257693529005e+04,2.452330406170369001e-02,8.716504541295004849e-01
1.297447556909999966e-01,2.247346942522999935e+00,1.758182612794999988e+00,6.317669683645375471e+02,6.203422407241344638e-01,2.447944908044702716e-01
2.805378695897000174e+00,5.732902476825000093e+00,1.711692937844000006e+00,2.402459347166234875e+04,1.064057638702215272e-02,1.702792145782648037e+00
2.263647003247999834e+00,3.216022322576999937e+00,1.053523950300000012e+00,1.850890882591507398e+04,7.783290495859313679e-03,1.905346559699362674e-01
3.920692972690000278e-01,4.193896221961000315e+00,9.350024749919999545e-01,2.176778185321554247e+03,8.436680641136906633e-02,1.159448779379731320e+01
2.695907288536000035e+00,4.004637452047999702e+00,1.444559551760999927e+00,2.289492058581135279e+04,6.312792140222186522e-03,8.472389659195912748e-02
5.726148644820000522e-01,2.138753193837000133e+00,1.652656406481000095e+00,3.405965833057853160e+03,2.558492929671375791e-03,1.666431738894977310e-01
2.571662295503999829e+00,5.017351143002000136e+00,2.533011394686000006e+00,2.162156146327656825e+04,1.457395099545960929e-02,6.744124061499197076e-01
1.920020553622000081e+00,4.108269477789000312e+00,1.481862130137999944e+00,1.512216913104832929e+04,7.780152490981423301e-03,4.296047556538165613e-01
3.239484442430000111e-01,4.038395556109999895e-01,2.230737330619000147e+00,1.745378637060736310e+03,4.816656890204278757e-02,2.165089042355177185e-01
1.196219232887999917e+00,2.497887108643999987e+00,1.551357473214000082e+00,8.400026803492755789e+03,5.214030769967260663e-03,1.353066275778850525e+01
2.168474998539999810e+00,6.070207366542000216e+00,2.358249267125999804e+00,1.756114052444594927e+04,3.181804973213149534e-02,1.126976069200579689e+00
2.111758505315000090e+00,2.025545518922000188e+00,1.140938764438000019e+00,1.699974444427454364e+04,7.346299932826491630e-02,2.528487222265442824e+01
1.427959628216999954e+00,1.717794384405999963e+00,1.424842996818000085e+00,1.047586204399645248e+04,7.045746853315056936e-03,1.443657721454785214e+00
1.775465800380999992e+00,3.119326501739999813e+00,1.523660354743999967e+00,1.372928408621106973e+04,5.409829879987453245e-03,4.476862060868884441e-02
2.448431199770000066e-01,3.767580774765999951e+00,2.377428486929999973e+00,1.269754022635765978e+03,8.598328329208260179e-03,1.932714963351892662e-02
2.334400428087000101e+00,5.175811440371999694e+00,5.676064155940000466e-01,1.921797346965702309e+04,5.389781490798116470e-02,2.238291184588213856e+00
2.503937292997000075e+00,1.157260613814999894e+00,1.350802123302000002e+00,2.093158919612606769e+04,1.101363072023957557e-01,2.389245376330074180e+02
2.686444335929000005e+00,4.504097591206999596e+00,1.410990669580000079e+00,2.279760261578877544e+04,4.382390460181157833e-03,4.431289979521699784e-01
2.747184760300999784e+00,2.476815151150999927e+00,1.689044463971000054e+00,2.342319470709155939e+04,5.407345979948208203e-01,1.230952102460970465e+01
1.011787428317000082e+00,1.435159083347999909e+00,1.861695455587000003e+00,6.818519820271884782e+03,2.575877228153197057e-02,3.069168478281640411e+00
2.906329169550999847e+00,6.190768755088999598e+00,8.422978644259999648e-01,2.507241778623476421e+04,4.291846511539041363e-03,1.209440723581496901e-01
1.358619041939999939e+00,3.097049297616000008e+00,1.826573822227999910e+00,9.845701200806604902e+03,3.716653923002687793e-02,1.158482035712868674e+00
1.392391885167000076e+00,4.112814337621999883e+00,1.039096005476999984e+00,1.015172830036823689e+04,6.978056803923774615e-03,1.623649256126731000e-01
