5.013489894479999931e-01,3.560776414294000158e+00,2.226839610833000194e+00,2.906910014051104554e+03,8.639914046337572595e-02,2.803147570163763547e+01
7.647253153919999491e-01,1.678120227303000034e+00,7.554165030470000319e-01,4.829420075432333761e+03,3.290866167210837120e-03,9.122459796904834606e-02
1.573133911780000060e+00,2.752345691751000079e+00,2.233589624354999970e+00,1.181705597939601466e+04,1.947807230005597079e-01,2.997141426924393315e+01
5.728682061269999570e-01,1.016147444011000101e+00,1.061006532751999965e+00,3.407769948341459894e+03,3.825828546916973383e-02,5.504181268872057942e+00
2.754854944518999815e+00,4.842668474042000071e+00,2.884677985863000060e+00,2.350234873188950587e+04,1.281189853340163609e-01,1.470173375508882145e+02
3.639969516850000142e-01,9.556783042509999770e-01,3.517660702920000215e-01,1.996669367619805371e+03,1.448956791923009316e-02,2.809444081131516335e-01
1.736768960845999965e+00,3.649378247782999907e+00,1.879800752206000070e+00,1.336002731527454489e+04,8.659856476257901114e-01,5.601567401736171803e+01
1.129119500912999952e+00,3.294789600555999787e+00,8.250706591509999743e-01,7.816530121048713227e+03,7.042738280510316574e-04,1.548871454655109843e-03
7.851963488830000504e-01,3.337603549614999832e+00,6.334994940579999900e-01,4.987480217877204268e+03,4.438642474707743188e-03,6.434692652425731685e-02
1.921838063398999985e+00,5.784012027579000126e+00,1.380752105928999995e+00,1.513981185097804337e+04,1.021516564125680704e-01,3.486495052780363313e+00
2.896691947064999884e+00,6.100834111678000049e+00,8.937991084599999914e-01,2.497214305156650880e+04,5.816717549139828469e-02,4.838232948182878523e+00
2.458391975789000039e+00,5.460519935969999850e+00,2.045701683992000142e+00,2.046928552458867489e+04,4.170886096790520359e-01,7.731016176871759349e+00
2.176087435003999815e+00,3.484997371251000065e+00,2.746185129484000065e+00,1.763668810338345793e+04,3.172633625515798236e-03,1.465877153415337357e-02
8.841319529499999663e-02,1.771958375856000023e+00,2.399073733779999884e+00,4.198327811792823923e+02,8.399635930821525154e-02,2.107778667391500704e+01
1.775886587537000016e+00,5.991883313453000071e+00,2.227887187357000087e+00,1.373330802906702229e+04,5.562778140364629809e-02,2.449992535211687539e+01
1.544635364020000012e-01,1.873952806209000066e+00,9.430546000570000365e-01,7.630063307148960803e+02,6.925094288897006845e-01,4.601717915040427442e+01
2.582762756773000046e+00,5.588891010872999665e+00,1.750612068938000032e+00,2.173493436095071957e+04,4.751070762617230249e-03,5.002029760420404259e+00
9.036444694170000513e-01,5.723666468100000460e-01,1.719896382256000056e+00,5.927168334522274563e+03,5.484065397963132707e-03,6.579785635477815309e-02
1.803063155180000043e+00,1.854606519482000060e+00,7.980880730770000264e-01,1.399358622963812741e+04,6.460494125757807599e-03,3.094412932504775338e-01
2.128790799497000119e+00,4.207581158049999992e-01,1.699663548211000075e+00,1.716805969554975673e+04,1.593158518818180436e-01,2.039834287290124948e+00
1.901427901653000019e+00,3.651789789880000026e-01,1.055968486982999943e+00,1.494187069495826108e+04,2.579097542279980282e-03,2.096882861836782408e-02
1.338819543842000082e+00,6.881249877449999719e-01,2.034718692330999890e+00,9.667108699063723179e+03,1.446558754649861916e-02,1.561287030200937620e+00
2.175064793682000008e+00,5.123884787199999707e-02,2.311469800110999895e+00,1.762653649733707789e+04,3.372922288835305486e-03,6.089007737644230867e-02
1.117648283312000057e+00,1.688193710084000099e+00,1.588334001586999999e+00,7.717665130364974175e+03,5.594961899440722281e-03,6.082034146554391452e-01
2.590687821033000215e+00,3.735335968058000056e+00,2.222668736255000166e+00,2.181592388058113647e+04,1.276791715624370736e-02,5.971872598849464753e-01
