2.390068045089999982e-01,1.891291164127000046e+00,2.075568589192000157e+00,1.235809288292013434e+03,2.228757032695651355e-03,5.110925197519194940e-02
1.034680202232000079e+00,5.279337653390000495e-01,1.658078969855000029e+00,7.010859272373646490e+03,1.606966286405372285e-02,1.376367691606484624e-02
2.413738271644000122e+00,5.718530631410000398e-01,2.701872045841000158e+00,2.001740153319347519e+04,5.900099458641071964e-02,2.401463117369337485e+00
2.617887119119999828e-01,2.919436568925999786e+00,5.138536444729999708e-01,1.369226726006299714e+03,5.805173664398938921e-03,1.324710525249361281e-01
3.489208274680000166e-01,3.959576294349000047e+00,1.069325018827999907e+00,1.901277810090096636e+03,7.145525978045675491e-03,5.421649680399301743e-03
1.885096040340999979e+00,2.492082008057999953e+00,1.311860704571000014e+00,1.478376743690325929e+04,2.799514838068089661e-03,7.195478404816532669e-02
1.648227812148000071e+00,5.287211797749999942e-01,2.159147657380999785e+00,1.252130006690198570e+04,2.310451936939110495e-02,5.356962705755911186e-02
1.997535661302000110e+00,5.991288678459000039e+00,1.635632479717999965e+00,1.587731250189015009e+04,4.038928679566406409e-03,7.996912880129088130e-02
2.434729831528999799e+00,4.442348076665999734e+00,9.522047937419999553e-01,2.022965726421428189e+04,2.113428189223784393e-02,3.162112732114061409e+00
2.669364326033000001e+00,1.653386049610000019e-01,1.560404848247000098e+00,2.262208739821153358e+04,1.607024444385290740e-01,2.407087752140160575e+00
1.199816624090000033e-01,4.868410077881000220e+00,1.145286010393000042e+00,5.808460591756261238e+02,4.781903552732802432e-02,3.903652641936095620e+02
3.165922620070000248e-01,4.097609154777000384e+00,1.341044149363000093e+00,1.699966164617137338e+03,2.199975896815832554e-01,2.739825815450179292e+01
2.077074706200999987e+00,4.895591417260000133e-01,1.574001226008999943e+00,1.665773950498538761e+04,5.069654082234701514e-02,1.934318873159984520e+01
2.716501104934000210e+00,5.117220807466000387e+00,7.762574983009999929e-01,2.310689552685416857e+04,4.104566242206364804e-03,7.402787648166960777e-01
1.566069762869999882e-01,3.541610048391000021e+00,2.950471216092000137e+00,7.745406078934796597e+02,6.813430097580983058e-02,3.034058396179756478e+00
5.916078325570000018e-01,4.215602405595999969e+00,5.807432076059999559e-01,3.541789568479076024e+03,4.157726300366679228e-02,2.218702806364032387e+00
6.834733937370000012e-01,1.931596206555999951e+00,2.376700343672999871e+00,4.214374508794025132e+03,3.719083072037636904e-03,2.589085089262284645e-01
1.942750609143000018e+00,1.897498678112000015e+00,9.984124410129999738e-01,1.534303091851471618e+04,1.726149783294684062e-02,3.581866379424568425e+00
2.921676585818000049e+00,1.704419073891999981e+00,1.404481054219000047e+00,2.523221120660074666e+04,2.474016239695660813e-01,2.611494427036437287e+02
2.852717606285000151e+00,2.625299579995000077e+00,7.975787350390000086e-01,2.451524265137910334e+04,1.991011199128302905e-02,2.870933474126758700e+00
1.872187913989999952e+00,2.931517330465000182e+00,2.084118729444000007e+00,1.465898959383398687e+04,4.393066240193262140e-02,5.262193219976854408e+00
1.645880375660000006e+00,5.775616895288999686e+00,3.617653484539999909e-01,1.249918419695474586e+04,2.537443780684457955e-03,4.113688036867721443e-02
1.648518224850000102e+00,3.472435176640000232e-01,5.556876287240000156e-01,1.252403658207589797e+04,9.774049591442096618e-03,1.302111035581686171e-01
2.222671052000000091e-01,5.274536269054999948e+00,1.985067444570000061e+00,1.139359171957604758e+03,2.134813792057017323e-01,2.827012787836149954e+01
2.752328112139999838e+00,2.716939507963000100e+00,1.140973257623000059e+00,2.347626893268666754e+04,1.150940966698003019e-02,1.593390295615843444e+00
2.168782434345999821e+00,9.361944858170000439e-01,1.600857716591000068e+00,1.756419069175040568e+04,8.979207815198704881e-03,3.571370353520126328e-01
1.423970055267000046e+00,5.138963474472999948e+00,1.470388082866999957e+00,1.043941250165321435e+04,1.019075423959361903e-02,1.739228343055686743e+00
1.337614465451999912e+00,5.544301955971000062e+00,5.303800245509999733e-01,9.656258710912856259e+03,4.101960517869420939e-03,3.771205708015287067e-02
