2.655665875277999799e+00,1.492156408789999944e-01,9.322536324419999909e-01,2.248145036353041723e+04,1.215031394753309305e-02,1.823011550508647216e-01
1.661352192370000036e-01,1.013837916101999914e+00,9.253370120920000330e-01,8.261073898708190200e+02,9.928853394879139094e-01,3.267139593210730197e+01
1.817048229329999987e-01,1.566840870575999967e+00,1.847645699839000066e+00,9.113898469523846870e+02,7.730651697300227601e-04,8.535461052360727996e-03
2.110205641323999792e+00,1.577958877579999974e+00,2.219255322773999950e+00,1.698441072827855896e+04,2.783015402205416336e-02,1.781407235597938055e+01
1.055684520989999958e-01,4.535430968570000054e+00,2.048548747463999842e+00,5.066364797463324976e+02,1.464565149829723635e-03,2.676004716794628049e-03
1.582055155344000097e+00,5.173867098200000125e-01,2.142251156671000079e+00,1.190036472579311703e+04,7.939644402023992020e-01,4.486343892492011065e+01
1.815022331745000050e+00,2.153663794683999821e+00,1.519217777593999896e+00,1.410836326564003321e+04,6.647772322254705268e-02,1.219223904580778992e+02
1.908659791589999988e-01,5.751888647011999645e+00,2.092744416124999951e+00,9.621533659762957313e+02,3.542240103816382459e-03,1.392759115664088387e-01
5.805686984350000301e-01,3.486577106722000163e+00,1.413160494957000024e+00,3.462705700394497853e+03,3.467473355686731366e-03,5.960104937627948296e-02
7.305122549379999830e-01,4.110665227053000415e+00,2.079577973531999913e+00,4.568214339408064006e+03,4.265593597003187153e-03,3.043199613431058284e-02
2.507475421686999884e+00,2.747540109110000017e+00,1.256502639804000010e+00,2.096756061964080072e+04,6.165361785923873655e-02,2.776547315477697619e+00
2.143863828083000023e+00,1.763705072614000002e+00,1.943226517033999956e+00,1.731721130057868504e+04,7.741126073331732263e-03,3.804937972651971645e-01
3.185223347250000225e-01,4.969889005297000395e+00,6.115713606410000391e-01,1.711858441672471372e+03,1.447978907140266835e-01,1.219368703338088977e+02
6.897938661150000428e-01,3.642820710384000016e+00,7.946666197570000367e-01,4.261560307970402391e+03,1.259618182451109070e-01,8.084059302460741558e-02
2.985541451695000070e+00,5.128905939311000139e+00,2.120927693093999977e+00,2.589851831588372806e+04,1.332826060460546858e-01,2.979135097730705173e+00
2.177077918270000079e-01,4.883413845469999903e-01,2.205878231256999999e+00,1.113325906092694140e+03,3.337968029924693464e-02,2.584178470182247889e+00
2.334474206377000094e+00,1.233933524745000065e+00,1.565231926313999988e+00,1.921871475920937883e+04,6.383182613266199512e-01,1.138869719652467296e+02
1.169358129239000066e+00,3.779814867639000209e+00,1.805980637528000088e+00,8.165402607835038907e+03,1.148379841501424165e-02,5.114772947501412814e-02
4.294280495159999989e-01,2.934015764194000120e+00,9.897362425040000522e-01,2.421325870717278121e+03,1.867601698272690347e-01,3.880406358774480680e+01
1.364769921979999967e-01,5.943278585490000543e-01,5.650212459440000501e-01,6.671837066271132244e+02,2.292578958768230204e-04,2.770418085685906039e-03
1.565943921192999966e+00,5.591253038789999685e+00,1.730710448921999989e+00,1.174998568431605963e+04,4.074365030004593602e-01,1.610716686213457294e+01
1.848602971742000056e+00,5.046087577506000343e+00,1.668472170370000063e+00,1.443142340369329941e+04,3.957517083282765039e-03,1.170501981711166817e+00
