1.845530168095000034e+00,4.043531632929999731e-01,1.170148881392000018e+00,1.440181491400087543e+04,3.902369755344136104e-01,3.835750960651001407e+01
1.397838580211000048e+00,9.287384032240000309e-01,8.113351233529999540e-01,1.020124387672861667e+04,2.725141380136105254e-03,2.626830134458963545e-02
2.480074572554999968e+00,1.900421390745000050e+00,1.552537601405999945e+00,2.068919893027097351e+04,1.314203687036983627e-03,6.545718666805820651e-02
2.119621740898999906e+00,3.481409906024000023e+00,1.564102084226000056e+00,1.707742025418472258e+04,1.779930630348794396e-02,6.649062586486269300e-02
1.909482738464000073e+00,1.678757509903000100e+00,1.897030238963000048e+00,1.501994074907663526e+04,3.640570127172618881e-03,9.245803622648698927e-02
2.505176974549999880e+00,2.671492504970000015e-01,2.466365202457999839e+00,2.094419186224203440e+04,3.686177607283181324e-03,3.445530644660246833e-02
9.404471583300000326e-01,1.197768135800000078e+00,1.085549097866999935e+00,6.227178578126097818e+03,4.097029113254435639e-02,7.940708906183904237e-01
1.493513486989999972e+00,1.786804803279000042e+00,1.728461861646999997e+00,1.107799405091855078e+04,1.923681359910802118e-03,8.338164136442335894e-02
1.048844359579000018e+00,4.803837120275000316e+00,1.308404204998999898e+00,7.130461603991027914e+03,1.433074206252821139e-03,1.345754329190141860e-02
1.953007046630000021e+00,1.679283347470000021e-01,2.009034879444000055e+00,1.544284683444036273e+04,3.876550751365295255e-01,3.203467175871066530e+01
2.626120206362000165e+00,3.851943413798000204e+00,2.777896087674999848e+00,2.217850706619994889e+04,2.901146118842828567e-02,2.833975973700234352e+00
1.516095703750999890e+00,2.135975264011999997e+00,2.685527831099999929e+00,1.128677915883848436e+04,5.260189557169749758e-03,1.010645679861805896e-01
2.525056952234999930e+00,3.990692510789000114e+00,1.461742799975999985e+00,2.114643107670606696e+04,1.077571114014887199e-01,8.118784322417605281e+00
2.578424232061999888e+00,1.381462181422000057e+00,2.384266047547999978e+00,2.169061408553590809e+04,5.094377161605248561e-02,3.542344771785210611e+01
1.227053419199999995e+00,5.643165431709999957e-01,9.018644824720000175e-01,8.671007995448371730e+03,4.523191343740658524e-03,1.556360376286581443e-02
6.850915374249999523e-01,7.246754649590000374e-01,9.073200328430000017e-01,4.226444058432447491e+03,1.613382808815297387e-02,1.271883681480343309e-01
1.543138604076000009e+00,8.343260497390000419e-01,1.047550964975999976e+00,1.153767875438839474e+04,1.531749669390976981e-02,1.331127925614673246e-01
6.829128286250000235e-01,6.280746402840000187e+00,2.747154725636999917e+00,4.210195052459369435e+03,9.514674199274751956e-03,3.761799138590624092e-01
1.010762468303000094e+00,2.275422788892000003e+00,1.018553317857999962e+00,6.809936781481328580e+03,8.256288637009976533e-03,1.106438271376167792e+00
2.460664341365999874e+00,2.563898593664000192e+00,2.363444526554999925e+00,2.049231781874383887e+04,8.063934968433725259e-02,1.052131513001478780e+01
1.244180352077000062e+00,3.914028559770000193e+00,1.477971351172999936e+00,8.822265529267326201e+03,2.880095679778842815e-02,2.011889598047973848e+00
