2.457131583543000097e+00,1.341648431657999962e+00,3.823027513289999901e-01,2.045651189645266277e+04,3.995773745774364172e-02,8.252839837412370150e-01
4.728549610189999863e-01,5.403068087504999895e+00,1.133697199680999912e+00,2.712273083815849077e+03,1.769864906528619344e-02,4.766176309178374204e+00
1.224914825571999932e+00,1.072077939849999939e-01,1.782477722185999980e+00,8.652157643252887283e+03,1.628133270631187263e-02,2.376951009964508810e+00
2.586473248109999901e+00,2.854305673773000152e+00,2.459283951864999818e+00,2.177284843742463636e+04,7.277059564684558446e-03,1.567425512327256243e-01
2.480329546091000203e+00,1.453008220360000102e+00,1.118788849493999926e+00,2.069178686332307916e+04,1.813669197559965307e-01,2.037079303772770444e+01
2.237560526699999830e+00,4.867009249918000435e+00,2.998770262157000044e+00,1.824843067390811848e+04,1.814689857870776125e-03,6.158815827787681926e-03
2.418384242720000188e+00,1.086546378293000048e+00,1.866451015089999999e+00,2.006435343853070663e+04,4.416651107224437434e-01,1.632687303804387824e+01
2.137300767059000073e+00,3.040153713506999811e+00,2.452883659758000157e+00,1.725224534601925552e+04,1.632647289558790448e-03,2.625362821848432199e-02
2.693058204244000109e+00,3.486550182165999878e+00,2.759684681590000022e-01,2.286561479353588584e+04,6.034798452047840378e-02,5.152967277336704122e+00
1.567156819572000037e+00,2.974302599097999877e+00,1.760742155053999891e+00,1.176129540119075682e+04,1.858212060460965043e-01,2.644707943482931114e+02
2.493504562398999980e+00,5.808632605913000013e+00,1.123041834979999987e+00,2.082556983909731571e+04,1.064345731111296031e-02,5.350351494691976129e-01
1.196058339923000036e+00,1.588824837221999964e+00,2.011449564394999889e+00,8.398617434626055910e+03,8.274032960375282686e-02,7.063757621370248785e+01
1.423211173280999997e+00,2.880744189860999782e+00,1.418641797670999960e+00,1.043248180608535040e+04,1.345052234762965154e-03,4.936569636869440197e-02
2.849748397733999905e+00,7.771039362130000017e-01,1.740860367950999965e+00,2.448443099603923474e+04,1.690288746422903207e-02,8.009375141936140308e-01
2.577892537696000019e+00,1.897579544944000052e+00,6.872800081069999623e-01,2.168518341429336579e+04,2.516619996189599084e-01,6.508209084301772407e+01
2.084173147149999961e-01,4.171396767927999960e+00,5.129653735439999585e-01,1.060595213045838364e+03,2.619453234695536762e-03,5.610496991973409203e-03
2.830227568977000008e+00,7.055180234440000531e-01,2.085474092464000062e+00,2.428198426572686003e+04,1.454683498209315617e-03,1.327700829391828541e-02
1.700620784725999979e+00,5.336565647427000236e+00,2.128296492641000182e+00,1.301654886638559219e+04,1.764192974740947106e-01,3.825776885711575481e+00
2.475955385309000167e+00,2.199468094374000149e+00,1.947248574304000002e+00,2.064739608943661005e+04,9.014245827097387698e-03,1.419422052091500852e+00
2.206538882334999840e+00,2.052078623638000199e+00,6.328544342730000327e-01,1.793935374843241880e+04,3.974225284061611574e-01,6.606591219991496189e+01
5.158219110999999746e-01,6.997575295260000106e-01,4.228399510020000029e-01,3.006867141497264583e+03,9.724640970253861302e-03,1.594888526211783453e-01
1.452852539530000042e+00,1.888568931769999959e-01,2.575687281158999919e+00,1.070380318517793057e+04,1.610147624719973289e-02,1.110325980904837972e-01
1.116584247804000007e+00,4.284228304694999601e+00,2.207840581675000191e+00,7.708508290892810692e+03,2.972447557819918873e-01,1.275407827801885219e+01
2.666143822566000132e+00,2.960158395310000135e+00,1.545139361913000053e+00,2.258901327145018877e+04,1.034535903649030086e-01,4.388291215209925156e+00
2.337707153889000189e+00,4.053509574549000405e+00,3.510004883250000263e-01,1.925120268358332760e+04,2.133621159975484030e-02,4.050457178521766899e-01
1.852335993939999981e-01,4.399020582839999749e-01,1.041920494601999980e+00,9.308926120165004932e+02,1.078458754700646338e-01,3.387972752072325733e-01
1.133324840056999960e+00,4.319057329086000152e+00,2.579231509179999993e+00,7.852840590533991417e+03,3.902636603486305325e-03,8.031818430770570894e-02
2.570623115641000211e+00,9.696870090199999348e-02,2.344249133088999848e+00,2.161095198578340569e+04,3.436152276692075978e-03,1.897644414167682161e-02
