1.646437905733000084e+00,3.133110071277999786e+00,1.499312316081000018e+00,1.250443626710575154e+04,4.599949932055603583e-03,6.631850301197082798e-02
2.473908974792999871e+00,1.403507735338999973e+00,9.065924610669999772e-01,2.062663269929956004e+04,6.445207770138172525e-03,4.208831074742397371e-01
2.904712572720000163e-01,4.884661497370999861e+00,1.265937001183000010e+00,1.540635578205636193e+03,5.762548392205405021e-04,5.080538909663535364e-03
2.505783185864999929e+00,5.999745415690999728e+00,2.688060109083000082e+00,2.095035501306897277e+04,9.688719356616818379e-01,1.338440439774400943e+02
2.997931517142999880e+00,4.938001601617999725e+00,1.710690078642000067e+00,2.602803575114449995e+04,4.353829550354808287e-02,8.587985136771422390e+00
2.650066179377000175e+00,6.320418337319999580e-01,2.080730688871000211e+00,2.242399256560438516e+04,4.710837566297472745e-01,2.153291616788343354e+00
2.615826166929999808e+00,4.339379702315000031e+00,2.670651502047999948e+00,2.207308587056418037e+04,3.885069081790330781e-02,9.189802993044003943e-01
1.727057626980000038e-01,2.830734598260999935e+00,8.414048344890000530e-01,8.619441847787824145e+02,2.425110190866272553e-02,1.398236242035400956e+01
7.431080791270000541e-01,2.997706904074000089e+00,1.716417580119999897e+00,4.663990047046346263e+03,2.015351675275914300e-02,6.744995982997934458e-01
2.214738981245000016e+00,3.798740999199999857e-01,1.258706038958000040e+00,1.802098110730867484e+04,8.346824254283494518e-03,1.090685059970638721e-01
1.027527513155999994e+00,4.437396567479999776e-01,2.048025721345999806e+00,6.950634559441157762e+03,1.998559930839337046e-03,4.803948938599679475e-03
2.877781873893999975e+00,1.440372546535999998e+00,1.951961746772000073e+00,2.477553197871102384e+04,1.357799929849391740e-01,4.375167750654785692e+00
2.244936722477000046e+00,5.312849921165000211e+00,2.629479841140000218e+00,1.832203064411385276e+04,9.787325477276426211e-02,1.177728591743284925e+00
6.343656051520000227e-01,5.947998131091999596e+00,1.739661678310999937e+00,3.851689185796906258e+03,1.583661170142506847e-01,1.066477427510431681e+02
2.630759931985000133e+00,1.105487171170000060e+00,2.017896390379000149e+00,2.222604409492756167e+04,3.237449264531698234e-01,8.777298376564072413e+00
9.630127382309999762e-01,2.783117975025999780e+00,3.967458277959999835e-01,6.412866295223065208e+03,3.075077172776916751e-02,4.896736039430912513e+00
7.675884565410000526e-01,8.839965521120000114e-01,1.477321538161999959e+00,4.851444836828150983e+03,4.874306278820354082e-03,1.828759852049556267e-01
2.286586382603000178e+00,1.058592553710000050e+00,9.831573165300000472e-01,1.873838937918542797e+04,2.001826799367999524e-02,2.037429643298908299e+00
2.814166440046999895e+00,3.328924851653999983e+00,1.872277830750000094e+00,2.411557729460712653e+04,3.155181944469874662e-03,6.403233028892690859e-02
3.311862353389999902e-01,3.353281002840000191e+00,1.454687528827999898e+00,1.790288890747559435e+03,1.609626536911077299e-03,3.452970879814793587e-03
1.216130904002999946e+00,2.322252596932000035e+00,1.190682441057999918e+00,8.574819119045065236e+03,3.755042535743334346e-03,1.339732567227591986e-01
2.533133337253000050e+00,5.232214612971000101e+00,1.324432480515000066e+00,2.122866711290553576e+04,1.954556344910731921e-02,8.054875741871978079e+00
2.991271924025999951e+00,4.165623501610000168e-01,1.047247620802999934e+00,2.595841095895531907e+04,5.407984045144258456e-01,2.119994111455577368e+00
5.786814498690000530e-01,5.768049889990000345e+00,3.107922880860000125e-01,3.449224370242592613e+03,1.449096334477434703e-02,1.616428569932587267e-01
7.003534010449999903e-01,5.389429975838999631e+00,3.283822748010000181e-01,4.340644185329938409e+03,1.984972436040033286e-03,8.145421074797798422e-02
1.968436002030000020e+00,7.380753929479999531e-01,1.931866928887999935e+00,1.559318368446564637e+04,2.948030546495007155e-03,4.700242292024398028e-02
2.815915684905000216e+00,5.977401252319999969e+00,2.308642068294000094e+00,2.413369545993577412e+04,2.106451748484607783e-02,5.068889508790588305e-01
