7.941185663759999791e-01,4.286757112009000004e+00,1.126879672882000083e+00,5.056791374618523150e+03,1.423169052454212324e-01,1.403534330482509063e+02
2.098456390472000166e+00,5.013551781173999800e+00,1.681147932972000048e+00,1.686845804675435647e+04,9.019473283964053734e-03,4.370804180427991348e+00
2.221641114400000061e-01,3.107475122212000063e+00,2.423414392521999972e+00,1.138769962073117767e+03,1.112882049391378247e-01,1.586158111790762781e+01
2.110969742801000137e+00,7.747407974200000158e-01,1.969098313716000082e+00,1.699195522934720793e+04,1.449352967979774393e-02,1.479600989423896396e+00
2.772012110082000103e+00,1.655720965860999927e+00,2.117664383549000107e+00,2.367953054958998837e+04,3.361940330279703654e-02,1.824617053014045975e+00
8.651379137229999738e-01,4.419175464812999721e+00,7.861801171890000495e-01,5.617198765119968812e+03,3.718847253614508686e-02,1.101998056655302122e-01
2.895580268433000093e+00,1.189524015236999910e+00,1.543319737557000026e+00,2.496057939454591178e+04,1.681800791011067164e-01,6.511331381947613863e+02
8.031002926100000439e-01,4.066084801687999573e+00,2.321595621055999814e+00,5.126818527229401298e+03,2.070912464771447123e-02,7.254099767872130844e-01
2.989810409908999933e+00,1.851108794379999978e+00,2.236894382553999971e+00,2.594313411336581703e+04,6.716142941275350664e-02,3.354581624571148524e+01
2.666522326276000054e+00,5.374272198424000280e+00,1.808449281022000088e+00,2.259290014746967427e+04,5.909851206864612516e-01,3.349829686012940400e+00
2.534441774384000201e+00,5.184431273590999645e+00,1.172370035888000039e+00,2.124199394383929393e+04,1.901673828961810142e-01,5.355625122161483205e+02
1.957748314682000057e+00,5.783698515643999727e+00,6.087882816620000526e-01,1.548902154613929997e+04,3.901148174047776584e-01,1.422323936788498600e+02
2.042789171668999870e+00,1.068743315570999997e+00,2.310683973223000010e+00,1.632066161340297731e+04,2.035152341648981122e-01,1.481248377470546416e+02
