1.626645130598999955e+00,3.591826513340000138e-01,1.972398427619000083e+00,1.231820566526656512e+04,9.844003219680480532e-02,4.857638873435170979e+01
3.503722409589999920e-01,6.044665376059999984e-01,1.165842996250000096e+00,1.910420111568477978e+03,1.830629002319763277e-01,2.131928829823254645e+01
1.029681399493999949e+00,5.724162231036999948e+00,2.034305386505999902e+00,6.968757710018446232e+03,4.821426831900996191e-02,2.443034387052661849e+00
2.765815521039999836e-01,6.045776269960000171e+00,2.064869885113000070e+00,1.457158720207624356e+03,3.483776727642426841e-03,3.336761577486424546e-02
1.246299859197999904e+00,3.384106688474000091e+00,1.945740802111000090e+00,8.841020135457280048e+03,3.656497746945063243e-01,3.446506790810893506e+01
1.451348174705999972e+00,3.254606393410000020e+00,1.707813474931000108e+00,1.069000296368679301e+04,5.444599551637671064e-01,1.986584822044217802e+01
8.031918909720000554e-01,2.730145108273999810e+00,8.175751851339999599e-01,5.127533978863583798e+03,1.701614970715138384e-02,3.009481151141454314e-01
6.715693772459999655e-01,2.632906781301000088e+00,1.702758543269999869e-01,4.125813454326295869e+03,1.342423854841196251e-01,9.926015931153997496e-01
2.434992953506000202e+00,5.485091256849999874e-01,2.408227872323000174e+00,2.023231977785483832e+04,2.942864016369564021e-03,1.390763215652183159e-02
1.502412144041000097e+00,3.834378455299999877e-02,1.150329231551000086e+00,1.116018592026950500e+04,2.198503161935947206e-02,1.039532247236041229e+01
6.817380826979999586e-01,2.939489065241000176e+00,2.854239826746999942e+00,4.201439291995489839e+03,1.851654528585081894e-01,4.239833960056267159e+01
8.574651340610000005e-01,2.072486983611999900e+00,1.142753065339999985e+00,5.555933370824547637e+03,1.520761077526011640e-02,1.241585376666330287e+00
4.641379877130000220e-01,5.220710297846999914e+00,1.933056294900999950e+00,2.653312364435984364e+03,3.348846574200953219e-02,2.360587722196712535e-01
1.369044506840999986e+00,5.355224261093000315e+00,1.314697085414000099e+00,9.939984265433318797e+03,1.477861293925678953e-03,5.768228337279739798e-02
8.238997762859999741e-01,2.721943743155999851e+00,9.761067243059999843e-01,5.289943895444155714e+03,3.393712407772026766e-03,2.745523954066063366e-02
8.564645497959999521e-01,8.590055087779999710e-01,2.052574352351999920e+00,5.547956432701655103e+03,9.858901675127665354e-02,8.635293568430828515e+00
2.489674897207999837e+00,5.996045307790000001e-01,2.168334939665999883e+00,2.078667037212322612e+04,4.121103794831012385e-02,4.164272198837479344e+00
2.581927977439999911e+00,2.030276904667999816e+00,7.432429749660000029e-01,2.172640572884838184e+04,1.019312222212920283e-02,9.042746940896785324e-01
1.939437578456999933e+00,2.590831925875999975e+00,6.929096040140000357e-01,1.531080897896614442e+04,4.723458978543606211e-03,2.046084269086663743e-01
1.719599419674999963e+00,3.018322474711999881e+00,1.469107850032999929e+00,1.319670480065278389e+04,2.387887597209167601e-01,2.687953752141657446e+02
2.079985382955999995e+00,6.249243974430999771e+00,1.282117815239000036e+00,1.668640178899253442e+04,2.276110618567371568e-02,1.994812059558170203e+00
1.023680314109999934e+00,3.126875393385000201e+00,1.433540937507999935e+00,6.918290098534178469e+03,2.770425905281550527e-01,2.098475457808802389e+02
2.500686807495999808e+00,4.621458112799999712e-02,2.320692958547999840e+00,2.089854933181552042e+04,7.067403224179439336e-01,1.987805324982333088e+00
2.691591696445999826e+00,3.272035245960999816e+00,2.911611084441000141e+00,2.285053199190917439e+04,1.283936656104555166e-02,1.148011346670131827e+00
2.911593023621999787e+00,2.191326576445999930e+00,7.242869671030000012e-01,2.512720922262949898e+04,1.622677366487203926e-02,4.053120239699812277e-01
8.593827640829999615e-01,4.607788792744999640e+00,5.011203535139999721e-01,5.571229353947111122e+03,1.093281899217541514e-01,7.594283779617710195e+01
1.625984937346999892e+00,5.985205127886000120e+00,1.260156786340000057e+00,1.231200186260574083e+04,1.280276940000455929e-02,1.724184095533554562e+00
2.229238241017000188e+00,1.185411277812999931e+00,1.843196576049999980e+00,1.816544062306789056e+04,2.486591393679420808e-02,1.138596804695631848e+00
2.494977392213999945e+00,5.466364347496999621e+00,1.193564394240999915e+00,2.084053263729697210e+04,1.252865914097290277e-02,4.489391829382271548e-01
2.504202527299999925e+00,3.294426970449999992e+00,2.087020759065000064e+00,2.093428550343535244e+04,2.227775976415045933e-01,1.152432569754021188e+02
