1.549997526440999973e+00,2.710777731609999908e+00,1.296997472873000046e+00,1.160146330867508732e+04,6.629638917741745643e-03,4.271356519173606370e-01
2.570133513386000157e+00,1.657663635633999988e+00,2.171418214402999869e+00,2.160595365224051056e+04,1.677547222056980855e-02,1.753471303081227450e+00
2.874244850140999841e+00,5.222714112855999957e+00,2.785037581924000083e+00,2.473878067832228407e+04,2.552801990516211927e-01,1.253748199681040010e+00
1.986247501779999924e-01,3.798670511769000058e+00,9.310978370210000188e-01,1.005479672472375455e+03,1.999891521226136726e-02,1.511002610860930594e-02
2.830888626810000197e+00,2.267451572195999798e+00,2.466828149831000072e+00,2.428883645667295787e+04,9.744141467524289682e-03,4.332351866172502453e-01
5.210883724160000341e-01,4.325287064128000125e+00,2.020108064932999881e+00,3.043419624294569530e+03,4.870069251618334982e-03,1.292906814296937434e-01
1.650019735812999988e+00,1.686354559656999985e+00,8.717310222099999839e-01,1.253818659206116899e+04,2.300714868204948183e-03,1.808084724673370350e-02
2.006999884624999897e+00,5.027855234127000195e+00,1.313638409588000044e+00,1.596988454324539816e+04,1.326615847727700970e-02,4.053448595533697962e-01
1.330012782153999984e+00,8.930536097190000522e-01,1.889707034929999918e-01,9.587869744798133979e+03,1.998173085786754226e-03,5.845716797433295545e-03
2.521146535739999806e+00,1.875236151221000069e+00,1.471148047186999985e+00,2.110663013259954823e+04,1.021437066343795774e-02,2.018740230677556813e+00
