1.686610489300000015e-01,3.562011742519999857e-01,1.033033850477999893e+00,8.398570377996363732e+02,5.136291227990820310e-04,2.205364522368725066e-04
2.445225965131999857e+00,3.473785803514000126e+00,1.445573879299999920e+00,2.033590636143820666e+04,4.535919411139143209e-01,6.215746249898501219e+01
2.722950801780000152e+00,1.390042342324000035e+00,1.314790205360000019e+00,2.317333525055374776e+04,5.100306810818043546e-03,6.881532107323224956e+00
3.477414435589999964e-01,5.720863661799000077e+00,1.564824137131000104e+00,1.893855511206910705e+03,1.763041776383774684e-01,6.507560725206651853e+01
2.829978550185999975e+00,5.887243638651000310e+00,1.214197941936000058e+00,2.427940314078232768e+04,4.420066699469279298e-02,2.021658867385049518e+01
2.918733212799999865e-01,1.953071807963000062e+00,9.923954183280000452e-01,1.549110515801123483e+03,2.056615811283452055e-01,2.975885769042709512e+02
1.820093382200999921e+00,2.370580036296999982e+00,1.582303080686999985e+00,1.415707698692923987e+04,1.680321335881407308e-02,1.616811776420437052e+00
1.895588666254000021e+00,2.774360093040999953e+00,1.783727985083999990e+00,1.488531358927545261e+04,5.093373985501571839e-03,1.209444292868282478e+00
4.643078122159999821e-01,3.822979167853000071e+00,7.551534674519999601e-01,2.654458392250840006e+03,2.128467863360408024e-02,2.754225429642079281e-02
2.168021688187999896e+00,2.164462577171000213e+00,2.484789764689999958e-01,1.755664323783842701e+04,1.487356165645404016e-01,1.264649349422489024e+02
8.101558638629999809e-01,4.233803740145999583e+00,2.109352208296999986e+00,5.182004603991540534e+03,1.842444017672737466e-01,6.013695565695712508e-01
2.704090339274999977e+00,1.896613496324000003e+00,2.966495887730000169e-01,2.297911939963924306e+04,4.717068104876203510e-02,4.621494621098117261e-01
2.307720300221999921e+00,3.309994733358000207e+00,2.364258085118000174e+00,1.895015836400322951e+04,8.250810996039861789e-02,1.046461184826518931e+01
1.062978552062000093e+00,3.544925327203999998e+00,2.710204306410000097e+00,7.250257052233660943e+03,4.576164482459061933e-01,5.672477482796658421e-01
2.201714785005000063e+00,3.809845299529999729e-01,2.077250258082000034e+00,1.789135710822838519e+04,1.083450247516502124e-01,2.873973983675930377e+00
2.762756681091000033e+00,4.059858292021999659e+00,7.573135244369999519e-01,2.358392827436470543e+04,4.167914592547634217e-02,7.444947750358215544e+00
1.495861517507999894e+00,5.478888684326999936e+00,1.542922996588999895e+00,1.109967140373911207e+04,1.021112644322388352e-01,5.473462847749974713e+00
9.544925345089999569e-01,4.140841919789999825e-01,1.736110952306999966e+00,6.342603655385753882e+03,5.404903035012863510e-01,1.142547324686457699e+01
2.324061141426000177e+00,3.555097541422000074e+00,2.411376764053000166e+00,1.911412564720866794e+04,1.208698288788456754e-02,8.387884499968364382e-01
1.085294984212999969e+00,5.884322606901999819e+00,8.119953947260000193e-01,7.440289620063121220e+03,1.652123128295353849e-01,1.465032294965387649e+01
2.822955064494999888e+00,4.658189351915000387e+00,1.662455114174000048e+00,2.420661804952820967e+04,5.895560825522664361e-01,1.835413183066509930e+02
2.768718239436000150e+00,4.672956614103999762e+00,2.297230703308999811e+00,2.364550162208453185e+04,3.653682368423568499e-02,2.589398702202107216e+00
2.424650824087999812e+00,7.044617202890000041e-01,2.134638640393999864e+00,2.012770681150958262e+04,1.150624091440451829e-02,6.835714663678483793e-01
3.893284603230000029e-01,3.671144386399999959e+00,4.536772108720000252e-01,2.159053098072722150e+03,3.243742802566219191e-03,5.038700161114221393e-02
2.788378181289000057e+00,5.081816145541999674e+00,1.517785096247999954e+00,2.384870102491848593e+04,5.840112698899255911e-03,6.833739270414528333e-01
1.607464408860999949e+00,4.900848564600000401e+00,2.434312846650999784e+00,1.213817517464398588e+04,2.189926105795955424e-01,3.024413271023942418e+00
1.715791724229999982e-01,6.792727107939999787e-01,1.242456570684000061e+00,8.557836123219387900e+02,5.579047159873962332e-04,2.024288342570600748e-03
