2.298849202968999972e+00,5.820109071253999566e+00,2.433979007950000106e+00,1.886122675576992697e+04,3.482209004116450513e-01,1.831016912542754227e+00
2.135893192865999879e+00,2.277922321479000090e+00,2.604429537306999887e+00,1.723831670924754872e+04,4.234508184253880057e-03,2.015334648180407418e-01
8.485044978200000365e-01,2.331804660057000156e+00,1.693459240938999910e+00,5.484600002159370888e+03,4.737445136491109932e-02,1.606946307493626591e+01
2.477030135219000062e+00,4.163676648323000329e+00,1.497972874820999944e+00,2.065830192582304153e+04,4.601410904219045694e-02,4.065696847378035272e+00
1.647023160312000023e+00,5.102290407573000230e+00,1.432642339063999959e+00,1.250994990337239506e+04,7.150729289807946504e-03,4.043499272014177692e-01
1.404858710337000050e+00,6.273420493934000142e+00,2.380573256124999926e+00,1.026512860430241562e+04,2.304258709902421431e-01,3.065622032588319001e+00
2.318926747778999875e+00,1.310954306720000018e+00,4.835160779129999975e-01,1.906258495870526167e+04,9.075430093778352747e-02,6.568491753773960662e-01
2.451372494825000192e+00,1.152154612879999984e+00,1.215007972373000067e+00,2.039815954927985149e+04,1.366154053821025394e-02,1.549544587193138756e-01
5.006878096839999515e-01,5.309374317418000366e+00,5.067557139980000125e-01,2.902361017015276047e+03,1.201419549411710799e-03,9.993166614317207722e-03
2.675502621959000127e+00,3.551657105233000156e+00,1.591669230973000060e+00,2.268514449073176002e+04,1.634737170083247204e-01,9.065581994992349735e+01
2.030381030976000201e+00,6.870993289619999889e-01,1.096760141625999996e+00,1.619892044594965591e+04,8.369029045587320081e-02,4.462558891799781602e-01
7.835600203250000506e-01,4.435869321795999909e+00,2.066010459090000140e+00,4.974796093864530121e+03,1.690561197548449751e-03,2.033901299041703664e-02
1.946943362492000063e+00,3.218861948066999989e+00,1.046164276218999989e+00,1.538381779995264515e+04,7.579913184186991802e-03,7.733372085748702052e-01
6.233781217920000284e-01,1.600638653212000051e+00,4.396518737119999853e-01,3.771518959535436807e+03,6.210871721040638407e-04,2.657056165735417665e-03
2.280758967645999835e+00,1.344923011252999956e+00,7.835220846179999921e-01,1.868005591546759024e+04,3.028807850633585264e-01,1.685876501932644267e+00
1.227305921539999956e+00,1.670639627374000069e+00,1.684570540073000000e+00,8.673234191109955646e+03,2.683700607368108906e-02,1.641983298898021104e+01
8.036277206580000332e-01,6.253814756757999582e+00,1.900393847291000027e+00,5.130938523231155159e+03,6.326713844591731924e-03,2.088593080090326293e-01
1.655311473709999981e-01,6.183368229985999776e+00,1.042911433489999984e-01,8.228239969621126875e+02,3.274812402145681981e-03,5.842460413191766233e-02
2.156545782383000098e+00,3.803777474139999892e-01,6.306460528830000190e-01,1.744283857773631826e+04,2.262603888899661700e-02,4.287275507444755496e-01
1.649322503327000033e+00,1.083605135715999923e+00,2.768327740704000117e+00,1.253161565344438895e+04,5.438227285876613415e-01,2.266037705280790959e+01
1.448426426743999906e+00,2.791485847290000044e-01,2.642959936162999846e+00,1.066320955504101585e+04,1.909057441408254230e-01,5.330850923007065534e-01
2.443893562274999987e+00,3.154719904148000076e+00,1.271268057969000109e+00,2.032241507547760193e+04,5.786125135282546572e-02,2.177229434383573192e+01
2.206584106949000201e+00,3.728741740279000183e+00,2.568497654443000044e+00,1.793980378958664005e+04,4.133520161873002058e-02,3.676808975446745453e+00
2.708991832934000143e+00,1.970758363734000040e+00,2.234846364140000041e+00,2.302957214982184814e+04,3.729539026128849549e-02,1.201683681248726820e+00
6.784401987910000376e-01,2.817722271886000218e+00,1.526645635908000065e+00,4.176880119569465933e+03,6.731530067414268070e-02,4.248160273573438062e+00
6.452658599480000090e-01,2.212925925627999835e+00,9.583200596230000423e-01,3.931581338014682842e+03,6.415098016028585731e-03,2.118288048364792842e-01
1.787264426663000005e+00,5.320898046168999862e+00,2.545831856397000159e+00,1.384218394660774175e+04,1.935988848727078770e-01,3.950046535343322951e+00
1.959550111360000013e+00,7.986038756309999931e-01,1.747383209791000036e+00,1.550657459133868906e+04,5.913820266735863446e-02,8.576657731626589065e-01
1.931914126009999899e+00,5.911304848989000327e+00,2.351465581043000075e+00,1.523767575819848935e+04,6.580795378301569284e-03,1.177635638784303856e-01
2.759373208057000149e+00,5.541546067908000417e+00,9.615984661469999528e-01,2.354899198335078108e+04,2.342715595304021084e-02,2.472692980476133950e+00
2.067810703449000087e+00,2.328627008284999800e+00,1.014362131644999998e+00,1.656656160611755331e+04,2.099120332600424525e-03,2.215131739163048868e-02
2.788751987253999864e+00,3.075019430124999786e+00,7.948137428829999962e-01,2.385256675847434599e+04,8.835778455117146435e-02,1.706597089138849332e+00
2.952817702551000068e+00,5.390739853089000277e+00,1.024774825483000029e+00,2.555683659187988815e+04,1.771345059759786567e-01,1.066601970745708172e+01
