1.992868753969999907e-01,3.379134113760000169e+00,8.018342180090000104e-01,1.009191164580302370e+03,8.462376379312609937e-04,8.150475091357471842e-04
2.917314112859999975e-01,5.508476472852000150e+00,3.279923175109999978e-01,1.548252321900542029e+03,9.361719975866032413e-04,1.067643459757574610e-02
1.423691405273000088e+00,1.476071610470000017e-01,1.151922228539999926e+00,1.043686755652117245e+04,3.089311261939819628e-03,2.537820211125049741e-02
3.022041960940000105e-01,3.751976604189999898e-01,2.528956135233999980e+00,1.611828406324468233e+03,5.255387689727521183e-02,1.310345629476865348e+01
1.496417563732999945e+00,5.863640872350999622e+00,3.436109913809999861e-01,1.110480592451325720e+04,3.377039277082314467e-02,4.711268666240747471e+00
1.632333662358999904e+00,3.713699308469000204e+00,1.710390906450000026e+00,1.237168217384475065e+04,3.383488458084075307e-02,7.316550309795098739e-02
2.050797185682999846e+00,3.852475592674999838e+00,2.572119907274999839e+00,1.639930216409531204e+04,5.376608825272993775e-03,1.450417644068749574e-02
2.185499079647000187e+00,5.835854048302000052e+00,9.401231614859999475e-01,1.773015516339264286e+04,5.290455686325593043e-03,1.692322345160342856e+00
1.241688715436999990e+00,6.257126297854999741e+00,1.356954099903999955e+00,8.800228215472117881e+03,2.486379559679115503e-01,5.459306577742663649e+02
1.004218835991999903e+00,3.135930209509000033e+00,2.698142210622000103e+00,6.755198440836416921e+03,4.493943544063891513e-04,1.966033411714950604e-03
3.227660795480000178e-01,6.274264562205999596e+00,1.289652858735000018e+00,1.738063601153036643e+03,8.681334028671206654e-03,3.243484262253071293e+00
2.865814172220999989e+00,4.543547098779999738e-01,7.344341590690000032e-01,2.465120532317015386e+04,1.354700332062128490e-02,5.434989953459504752e-01
1.519855304258999951e+00,5.996064007021000286e+00,9.613391772170000182e-01,1.132160372432738222e+04,5.487409108992664930e-02,1.734147162137309408e+02
1.364454643063000017e+00,1.878336310731000047e+00,2.424839312975000105e+00,9.898455002394024632e+03,3.842464462357061787e-03,1.987320324737062160e-01
2.258805761351000196e+00,2.136040105189000116e+00,6.287234394409999538e-01,1.846052887061679576e+04,8.142469045775337783e-03,1.179743239108327790e+00
1.479691771876999962e+00,3.138362558432000071e+00,1.734194543145999967e+00,1.095054182311638760e+04,1.824123421476291640e-01,2.998093280529760918e+01
2.258610197518000184e+00,2.409045872210000105e+00,1.140010001810999984e+00,1.845857492536700011e+04,3.295156743599256862e-03,5.378097469578975443e-02
2.554008540827000129e+00,5.909299438378999625e+00,2.106307923390999814e+00,2.144142029030141566e+04,1.173822666508146234e-01,4.467572389798079513e+01
1.403935598914999971e+00,3.570340403039999888e+00,1.608677119191000093e+00,1.025672381188431427e+04,6.320787848162673361e-01,2.113213074076505382e+00
1.905473792907000030e+00,3.819442360836999839e+00,4.393492984280000235e-01,1.498107705977005753e+04,1.206572454357772092e-02,4.684203761748383932e-01
2.141076239079000132e+00,3.344863488425999787e+00,2.743454822642999780e+00,1.728961345653045646e+04,2.501289451712158107e-01,4.347497057508320495e+01
2.063967947874000064e+00,5.043067588078000263e+00,2.784843428109000207e+00,1.652876171182369944e+04,1.760861525219002688e-02,5.060159188328811064e-01
2.548908172207000167e+00,5.826042475133999865e+00,1.569089181934999910e+00,2.138941288952063769e+04,6.478383490896647556e-01,1.235975886752880371e+02
