8.394458532980000331e-01,2.852278281810000093e-01,1.662189936375999988e+00,5.412724980911817511e+03,1.521517336025775546e-01,5.305086060504326184e+00
1.088878047126000004e+00,4.894225488181000117e+00,2.414618864093000195e+00,7.470900291527763329e+03,1.733100185201842947e-01,9.757591288288409714e+02
6.584257290170000276e-01,2.512784114462999874e+00,2.014510377355000159e+00,4.028504441824649348e+03,7.609673213432173802e-03,1.268727211013174916e+01
1.523361574678999908e+00,5.624928990605999601e+00,2.615591852079999780e-01,1.135409817449576622e+04,6.633150995128685168e-03,3.092727514803725319e-01
1.285038468173999915e+00,1.758630719526000030e+00,1.620975408977000098e+00,9.185169974062628171e+03,5.404208450384220992e-03,1.778204020235521210e-01
3.888631428570000215e-01,8.566777978930000259e-01,1.173769274946999897e+00,2.156046856763830874e+03,1.505963577848095682e-03,1.181556325834678262e-02
5.276543334729999479e-01,6.132796883732999582e+00,1.733276915302000010e+00,3.089124363312987043e+03,7.858528983110933952e-01,2.460619446737267708e+02
1.139828082218999894e+00,4.501418460818999989e+00,2.409140931889000026e+00,7.909061776179208209e+03,1.410934508210803101e-02,1.999520873148031563e-01
1.626077354238999906e+00,3.773993848009999930e-01,2.032470329165000145e+00,1.231287027135914286e+04,6.727747896245662995e-02,1.533862538828296429e-01
2.397868259579999939e-01,8.389281132850000544e-01,2.590780831471000134e+00,1.240336558806727453e+03,5.456753016656466955e-03,2.280656749804146621e-01
1.149232693477999945e+00,1.834908618589999874e-01,9.289961900440000253e-01,7.990514244637803131e+03,1.347151970125200215e-02,3.582085030703526796e-01
2.173612808944000108e+00,2.994831681249999766e-01,3.045132464611000067e+00,1.761212427881606345e+04,2.179245139852134180e-02,1.293710959593878496e+00
5.974820402870000269e-01,5.715540728895000200e+00,2.266297323907000116e+00,3.584029155721031202e+03,1.778998051972285610e-01,6.408671305162793033e+02
2.608508188909999803e-01,5.516069586569999572e+00,6.893787361430000482e-01,1.363685903719914222e+03,2.153747829728629160e-01,1.177552082639627962e+01
2.637044356245000110e+00,8.393645430180000089e-01,1.914733391576999955e+00,2.229045345423754043e+04,5.133757918105736479e-03,1.194193279580865324e-01
2.499366516278000105e+00,2.545927802150000030e+00,2.950435543169999786e+00,2.088513116407033158e+04,1.335646285693339180e-02,1.668040900546989558e-01
2.997337155070999959e+00,4.451107009039000140e+00,8.561228456739999881e-01,2.602182071411607467e+04,3.771871584146182371e-03,1.470962059832010838e-01
2.957564008104000219e+00,3.843487154158999886e+00,1.007763178887999933e+00,2.560635927460077437e+04,7.368318824724585936e-03,1.335455213543730868e-01
1.769794931188999998e+00,5.193099010616999855e+00,2.320627541476000033e+00,1.367507181562456026e+04,6.774544979530749446e-03,7.710911109064418067e-02
2.156902831512999885e+00,5.606530787047000253e+00,3.256513935179999875e-01,1.744638436570284830e+04,1.626214793833866482e-02,1.679655348892826194e-01
2.842500971364999796e+00,5.179604923057000043e+00,5.682727241870000334e-01,2.440924423240240139e+04,4.984601311874272550e-02,1.878547862018385928e+01
2.147605377740000154e+00,5.965154672769999777e+00,2.453340517113999919e+00,1.735426355984116526e+04,3.442956950825811768e-01,2.536021914878763894e+01
7.924193064110000018e-01,4.393232403683000165e+00,9.643763837979999476e-01,5.043571418458564040e+03,1.589141067821216863e-02,8.970350575183724251e-01
1.117059945329999943e-01,3.828288571888999847e+00,9.218738031740000283e-01,5.380953440966729886e+02,2.415278194316118621e-03,8.203455916737198428e-03
7.751446976679999823e-01,2.029702418745999992e+00,1.823260933046999988e+00,4.909700037378650450e+03,7.185057582383702363e-04,4.047823618077239227e-01
1.059933743269999978e-01,3.905227887715000179e+00,9.534270057329999881e-01,5.088076748024662948e+02,1.161797928874051394e-01,2.127269644688261518e+00
