2.491424506407000194e+00,1.959709405242000102e+00,1.361162443645000053e+00,2.081642414025157996e+04,7.038149345337666070e-03,9.604641048695651273e-01
1.638702626099999837e-02,2.531179480821999839e+00,1.062714813002999970e+00,7.320669313705434433e+01,5.127379346914668918e-04,6.149395130357645893e-03
1.340726608995999936e+00,1.349553351835999893e+00,1.000196382741000090e+00,9.744842285345055643e+03,1.117547921575101633e-01,4.841343258437863994e+01
2.376490243054000029e+00,1.840258751187000108e+00,1.664968646574999989e+00,1.965748587422484343e+04,3.428281849582721919e-02,1.378423052884395439e+01
1.888637720659999963e-01,5.701889180216999975e+00,2.473666823130999948e+00,9.464514177515459323e+02,9.137071262244155076e-04,2.901845554792317240e-03
1.320351982101999999e+00,3.982940790199000158e+00,8.392694006609999757e-01,9.562370669287842247e+03,2.503259124951230652e-03,9.692491247863236140e-03
5.820116619099999777e-01,1.358359275006000066e+00,2.120477224771999847e+00,3.497211161104224175e+03,4.166071317878171365e-02,1.826567268027703639e+00
2.688837478656000091e+00,1.262059249396999983e+00,7.763508672990000470e-01,2.282792694173649215e+04,2.316441021006944087e-02,1.454369745504854983e+00
7.398500155839999870e-01,5.747015181176999832e+00,2.123425855119999817e+00,4.683590012813718204e+03,1.200632453564630733e-02,9.986424542681746619e-01
1.831102528446000077e+00,5.942884938760000235e-01,1.910779496059999971e+00,1.430122419806380640e+04,5.651484511004514072e-02,2.075531625807749969e-01
