6.388213009709999834e-01,4.714635145285999585e+00,5.061984138039999914e-01,3.915405484228458590e+03,4.851871393577978156e-03,1.094081955346264678e-01
1.097682611550000020e+00,6.918187177679999689e-01,2.954807148827999885e+00,7.611941726718760037e+03,4.866725283261723323e-02,9.095280477369019678e+00
2.133063583485999892e+00,3.122629127715999875e+00,1.934464014790000075e+00,1.723551407564412875e+04,1.070507203649709825e-02,5.783107420364930196e-01
2.734341964431000083e+00,4.830795925651999667e+00,2.328134311284999924e+00,2.329511408197815399e+04,6.165728926241075269e-01,9.064619311239032413e+02
5.543667922789999869e-01,4.513225464914000007e+00,1.054365735266000081e+00,3.297570228858995506e+03,1.183618895863077078e-03,2.013663125180949545e-02
2.673173210659999910e+00,1.808049000056999978e+00,1.539614319747000026e+00,2.266740126990297722e+04,5.090806626868420171e-02,2.695458796257407812e+02
1.837500161406999899e+00,2.393052485900000192e+00,2.626737480289000004e+00,1.436249404633496852e+04,5.589485144704278881e-03,6.184843279599446658e-02
1.521647476961000001e+00,4.037819787879999844e-01,1.229001880368000066e+00,1.139107848691276013e+04,1.384789240054439203e-03,5.309214942576969201e-03
9.088651406669999711e-01,4.984167439195999805e+00,2.473686872393999980e+00,6.030392337620961371e+03,1.397724341109734224e-02,1.229965811601030801e+00
1.854781053264999979e+00,1.367801067300000062e+00,1.722588988169999891e-01,1.452819898143201499e+04,7.623139809363693731e-02,2.689150029813061238e+01
1.248910530110000083e+00,2.024055739092000206e+00,2.372930127841000214e+00,8.927609751317460905e+03,7.122774821403352052e-02,2.318592970222324112e+01
2.910451893888000185e+00,1.392330048033999956e+00,2.254476152132999900e+00,2.511485947378333731e+04,6.010264685301703880e-01,3.018130288973262410e+01
2.662008362751000057e+00,2.610773903566999898e+00,5.706869689079999697e-01,2.255307901931143715e+04,7.135426602646112448e-02,8.071390469455884897e+00
2.402021369534999895e+00,5.184649633191999563e+00,1.828824711178000051e+00,1.991411658144465036e+04,6.082162880537971862e-03,7.633459892723189810e+00
2.290816569802000213e+00,5.071952751699999873e-02,2.342024108043000208e+00,1.879983509678997871e+04,2.413324485857110298e-03,2.028147729949202407e-02
