7.765628307180000300e-01,5.304036257952000177e+00,6.090317119150000513e-01,4.969922565304273121e+03,2.405124062853182185e-02,2.419819009650007402e+00
2.623376424238999860e+00,2.938045190407999829e+00,1.994786153134000095e+00,2.215811723851412899e+04,1.284729235794851154e-01,7.341421189647583390e+01
3.714279871789999965e-01,1.671017665633000027e+00,1.106344387135000051e+00,2.047747089002749135e+03,8.720445292370627988e-02,2.563458557178751107e+01
8.064167914799999504e-02,5.890397438955999654e+00,1.267248596853000064e+00,3.772650967276403549e+02,7.137983564138992119e-03,5.706007046924354009e-01
2.651264693921000060e+00,3.658361871404999910e+00,1.904995606369999983e+00,2.244314362937447731e+04,2.157761217470929860e-01,9.043671303442845044e+01
1.272679813079000022e+00,2.992916451315000170e+00,1.514744503636000106e+00,9.137909532386929641e+03,1.037022267998669554e-02,1.383421985384148400e-01
2.514292302468999818e+00,4.630023117037000091e+00,1.880904773167000110e+00,2.104811068354349482e+04,1.782792051819165613e-01,2.631793258297765448e+01
1.053390995351999981e+00,4.699416640468999873e+00,2.262333081132000157e+00,7.234450847530443752e+03,4.476220583633624961e-02,1.810616588799439697e+01
1.425083180454000065e+00,5.990038259044999869e+00,2.557554154447000183e+00,1.050679008723701190e+04,9.477760458332612492e-02,1.860639242354090328e+01
2.253577325781999985e+00,1.075561680205000092e+00,1.699454299279000047e+00,1.842877995486425425e+04,1.296318174494626996e-01,2.924741278138033067e+02
5.642676484590000152e-01,5.914868118460000490e-01,1.778707595765000038e+00,3.368770950967936187e+03,4.436005995989488193e-01,1.606926422610471761e+01
1.426581616024999999e+00,4.020156460009999821e-01,1.705783638583000084e+00,1.052041594819981401e+04,1.938123387697609501e-01,5.838311593387316423e-01
1.795172135125999935e+00,1.285864315945000058e+00,2.603479615290000271e-01,1.395789888025641267e+04,1.841809222115659839e-01,8.027761985784316323e+01
1.046482512255999975e+00,8.952029591119999852e-01,2.257567932749999784e+00,7.175913127330542011e+03,4.826732905479373670e-02,2.283802303033682790e+01
2.926173407124999848e+00,6.065536666064000215e+00,2.768327740704000117e+00,2.527817845352079166e+04,8.730065358849955354e-03,4.045532743274624088e-01
2.167325026841000035e+00,2.994048083911000191e+00,3.011425166600000258e-01,1.757355272835734286e+04,7.761805031428869149e-03,2.570793317516665427e-02
9.976234545159999856e-01,2.078676043469999790e+00,1.732835534424000068e+00,6.764643442584961122e+03,3.302253814125119102e-03,4.066216683910046925e-02
