9.680379551919999770e-01,9.618787270400000478e-02,1.815079819629999980e+00,6.518002243571123472e+03,7.728901469444277982e-04,3.158397188416729989e-03
1.689986795450000023e-01,5.435625181041999987e+00,8.749315662259999904e-01,8.369184960688543242e+02,4.208029327982074075e-03,2.034889785476261259e-01
2.046797179179999926e+00,6.247164916965999737e+00,2.557674017585000126e+00,1.638877275704837666e+04,3.571462985759837113e-03,4.680138548119067154e-02
1.002075992491000100e+00,4.550489655569999847e+00,2.317563206002999809e+00,6.801921031930107347e+03,7.592758930544056539e-02,3.101540048287439788e+01
2.171157282464999838e+00,1.148788755877999890e+00,1.155762129405000005e+00,1.761142374334045235e+04,4.848368119427753226e-02,3.066221024684339014e+01
2.870826049077999986e+00,9.211087040469999598e-01,4.680056319429999889e-01,2.470383499549298358e+04,8.245562992743040234e-03,4.087233029048470967e-01
1.841359354818000060e+00,4.946625368204999873e+00,2.091205337416000010e+00,1.439947341780314673e+04,1.003517977891272249e-02,2.374975393918880018e-01
1.658757202569000055e+00,4.396228695725000080e+00,1.556870164653000099e+00,1.266696958511412231e+04,6.420677005443247917e-03,1.906550654669305178e+00
1.410673579076000106e+00,3.445965555992999807e+00,2.144468945193000131e+00,1.037591737609114170e+04,4.652546341982757676e-03,1.292351036128876196e-01
1.663980208599999955e+00,3.076374079494999858e+00,1.980711790930000049e+00,1.271601535260490164e+04,3.588055440837890908e-02,7.496967585504282106e+00
