2.450997036852000210e+00,6.132379441882999771e+00,2.182888857681999806e+00,2.040771177644155978e+04,2.957302149239593100e-02,4.571704628407553628e+02
1.423895643058000093e+00,6.079255489789999745e-01,1.336951397056999946e+00,1.049599355524516250e+04,8.214224875158238418e-03,1.237031334682310441e-01
1.292952190952999958e+00,1.771690322286999963e+00,1.084415253413000046e+00,9.317978551639980651e+03,1.258451073686750812e-02,1.404863671849221340e+00
1.325200319177000097e+00,4.169623464418999781e+00,2.780979391958000146e+00,9.605734825413941508e+03,3.746535959538603144e-03,5.593356267207483939e-02
8.498528180640000373e-01,3.783718246548999797e+00,2.263292987239999832e+00,5.552073389540808421e+03,4.922725739364545994e-02,1.887716422703307820e-02
1.688325267835000032e+00,9.509251667339999603e-01,1.099951910499000096e+00,1.294503417488490049e+04,2.739074527988756905e-02,1.124222726505635261e+00
3.689795401150000043e-01,5.793854764036000304e+00,1.962382535229000080e+00,2.031937547824563353e+03,5.968663013236269639e-03,3.926688585116564489e-01
9.275999260820000369e-01,3.310075474501999793e+00,1.559302529455000030e+00,6.183933994938666729e+03,5.571262456591651729e-02,1.126195084164541615e+00
4.120063428990000109e-01,2.995272156711000111e+00,1.836111476784999974e+00,2.313503672738219848e+03,1.797524574503439176e-03,2.097273892432725134e-02
5.059931539330000394e-01,2.383889281140000094e+00,2.724112377142999808e+00,2.954658217624528788e+03,7.160639948298123947e-02,1.151321878771303453e+01
1.559187724485999960e+00,5.805544944456999978e+00,2.237508015938999950e+00,1.173812848238092738e+04,3.690141462756909262e-03,1.032377570869657535e-01
1.404910415763999998e+00,2.809919022889999951e+00,1.895392579234999930e+00,1.032365580008742836e+04,4.032711773661060151e-02,1.148307879167222711e-01
2.306424036512999987e+00,4.899149345400999778e+00,2.132870664128999838e+00,1.895566591230661288e+04,4.934865051695869892e-03,1.086503245428856318e-01
1.481948670443000049e+00,6.162371364969999599e-01,2.087125705022999878e+00,1.102603689784044764e+04,8.136846323590546382e-01,8.914879616781785643e+00
2.769917858832999791e+00,1.582465483421999997e+00,1.346812294957999923e+00,2.366124600419339913e+04,5.333707787852532377e-03,7.576677757599999119e-02
2.417167797445999966e+00,6.270525023851999613e+00,1.039357126142999910e+00,2.006658570780451191e+04,7.479546780532939608e-03,2.199446279414016825e-01
1.219938575080000032e+00,3.448568060817000180e+00,2.842374228833000060e+00,8.672518756606823445e+03,1.912613548242222961e-03,1.310750471693745457e-02
3.395288288330000070e-01,4.368928348720999999e+00,2.193686085672000186e+00,1.843851786510368584e+03,5.217950022387831677e-01,3.329881350958169151e+02
2.075619717216000026e+00,1.696510018077999948e+00,1.526315819022999953e+00,1.667096425072220882e+04,4.902887473428798638e-03,3.207529433878390535e+01
1.560938366947999922e+00,5.452816127859999584e-01,3.032143414125000103e+00,1.175435585527653893e+04,1.339086552603947159e-03,5.924345041874830992e-03
5.163720470199999468e-01,3.269755778172000138e+00,6.894666556840000071e-01,3.027524473679538914e+03,1.089580889903907571e-02,5.551621109492845818e-01
2.960280191014999840e+00,2.771426536316000000e+00,6.290962637379999833e-01,2.563296128204951310e+04,1.230387607893312397e-02,2.036316593394159380e+00
2.090495737751000060e+00,5.565486841910000093e-01,1.459124849573999905e+00,1.681689295445862808e+04,7.117211882978895232e-02,2.811012419018100950e+00
1.584576616894000090e+00,5.829181354875999865e+00,2.342061479584999883e+00,1.197383794546852914e+04,1.004404024043173277e-01,2.197641802842943637e+00
1.476473141890999985e+00,2.452761945089000140e+00,2.543669169285999843e+00,1.097584986228840899e+04,6.781506380272074759e-03,5.818851483940356006e-01
9.387313735469999809e-01,7.531658016669999789e-01,3.315526553920000175e-01,6.275535233181934927e+03,8.170315389793873437e-04,2.869074432957010624e-03
2.487637397335999978e+00,5.004661820958999918e+00,1.806970126406000077e+00,2.077808934253247571e+04,1.550017311737858332e-02,5.336629308014515516e+00
1.546643609760000038e+00,4.974165753896000020e+00,1.833060000369999942e+00,1.162196399199874759e+04,3.050080541366293526e-03,5.083778777293902762e-02
1.211721561557000060e+00,6.208565707926999799e+00,8.433598001750000073e-01,8.600422603019304006e+03,1.223746724242964073e-02,5.363992703122806294e-01
5.653776337870000113e-01,3.884206073922999991e+00,1.180790903337000097e+00,3.376774249711540506e+03,5.122034841264518469e-04,6.189977270080024470e-04
2.947965551823000130e+00,5.396565435550000345e+00,2.977920197741000141e+00,2.550478864183744736e+04,3.094050002219592144e-02,1.184664523464355745e-01
1.226836500604000069e+00,4.691690160240000185e-01,2.141253859083999789e+00,8.733128014235042428e+03,6.683757677971738885e-03,1.777029653777489060e-01
2.519950304443999922e+00,4.342884248828999816e+00,1.758286876177000080e+00,2.110549001598385439e+04,9.458038031701707093e-02,2.868901667073081185e+01
1.985843687428000104e+00,3.532280723449999771e-01,1.135926079227000063e+00,1.579443052987308874e+04,4.189637132156893151e-01,5.281440206228780454e+01
8.715712050699999658e-01,1.724960185697000048e+00,2.104902945845000151e+00,5.727151292575011212e+03,2.541240681552304759e-01,2.923956807078219811e+00
3.499953071069999977e-01,2.182427780277000018e+00,4.847874178109999876e-01,1.910252366919610949e+03,2.305844211180623216e-01,3.377434350332502722e-01
2.755050105310000164e-01,4.371274205200999852e+00,2.042910823513000018e+00,1.448740756355219219e+03,2.382983578855197258e-03,8.391843279645599951e-01
7.986565609369999930e-01,5.727059113923999689e+00,1.465904769021999954e+00,5.143969632653818735e+03,1.894349284870497710e-02,3.382606463257008045e+01
1.226334238993000092e+00,4.960732178666999559e+00,1.650345816928000087e+00,8.728712184440739293e+03,6.726666505179852880e-03,1.025158365130037552e+00
1.218939223218000079e+00,4.195709391603999805e+00,1.747208532763999900e+00,8.663744414568545835e+03,5.568160169845263671e-03,2.289022651533176300e-01
2.997998247066000044e+00,2.375366334320999862e+00,3.589517013210000163e-01,2.602605359188705552e+04,1.627735488963963639e-01,2.898302523759663814e+02
