1.666059626183999942e+00,3.002643193319999848e-01,6.630943333080000501e-01,1.273555048631404134e+04,1.868737116370822876e-02,1.162992520939297725e-01
2.246385555248000099e+00,1.471444000730000035e+00,2.516408579129000067e+00,1.835724456767377342e+04,8.571083617470606070e-03,9.310200029063376848e-01
6.527251670620000112e-01,4.850353048736000261e+00,7.911218689440000507e-01,4.019318657863987028e+03,3.617067593075898573e-03,8.096408335678281776e-02
1.692970241705999968e+00,5.591687615377000320e+00,2.070427722619000210e+00,1.298880653160715701e+04,1.074620061679875012e-02,9.100490241744170206e-01
2.268742135032999929e+00,4.759182103689999721e+00,6.567322913419999519e-01,1.857975404883547526e+04,5.060840542704860695e-03,7.774628107272189836e-02
2.862668412291000219e+00,2.502633843133999836e+00,2.163545428344999966e+00,2.461932978714539786e+04,5.048492340318388831e-03,8.421210621971154664e-01
2.660889729665000036e+00,1.734475236643999940e+00,8.807709060099999654e-01,2.254162912201276049e+04,9.973295974579703474e-03,1.135367722048443939e+00
1.762896804136000029e+00,9.103256722889999653e-01,5.470533020090000420e-01,1.365064525124504689e+04,1.721741243914715839e-03,6.577732315907285771e-03
2.318252283449000029e+00,1.379558946693999921e+00,1.961992988011999950e+00,1.907388665963424137e+04,2.173895504900589040e-02,4.073703665255343331e+00
2.214411734909000007e+00,8.812404448499999710e-02,3.333444952599999844e-01,1.803969936944223809e+04,1.498333080041007589e-03,7.307987453354727186e-03
3.569655733020000166e-01,4.914397560590000325e+00,1.032737485963999946e+00,1.954744995426115793e+03,2.434976077407414292e-04,3.000780899522866225e-04
