2.647909223142999924e+00,5.011184034061000325e+00,8.551959022099999697e-01,2.240882350082896301e+04,5.914836570319235119e-03,1.290070206824321719e+00
7.084856742209999503e-01,6.181604988350000163e+00,7.381514796300000514e-01,4.441920458067523214e+03,3.892859742292161906e-04,1.706611926914215760e-03
1.860690638708000000e+00,4.979098416231000357e+00,1.594764335667999910e+00,1.458493420018950383e+04,1.874057510698463533e-02,1.878363528447949093e+01
1.164329041900999950e+00,4.061925143207999689e+00,9.153234797160000324e-01,8.186838015495776745e+03,3.451211135041883094e-03,3.967456617281094056e-02
2.343036701916000109e+00,1.495864591591000048e+00,1.052088514537000030e+00,1.932194238389637030e+04,2.574281697656209955e-01,2.022299309659749689e+00
1.509237432474000107e+00,6.143177891873000007e+00,2.552838122823000155e+00,1.127674487178151503e+04,2.591949354776873493e-02,1.141609568805445729e+00
1.509220534795999935e+00,5.874122769751999762e+00,1.197597951607999978e+00,1.127658932892867415e+04,1.028550611885597002e-02,7.740884479297978071e-01
1.865430822643999953e+00,2.389061675644000182e+00,2.402623117810000153e+00,1.463046768854923357e+04,1.085952209406818893e-02,8.665737361287703666e-02
8.671639518139999669e-01,5.964746018248000325e+00,1.395134902691999912e+00,5.691531525297397820e+03,1.123576999099298347e-03,8.031071695365410087e-03
1.825380429078000022e+00,6.707154683310000420e-01,1.097103045064000026e+00,1.424645915609425174e+04,2.548043776795113312e-03,7.164928950153842853e-03
