2.770817538055999840e+00,3.502747093340000006e+00,6.377048755149999915e-01,2.367051500259629393e+04,2.566307865765430907e-01,1.266177971966023774e+00
2.190252642042000097e+00,4.704646405084999650e+00,1.312325744458000099e+00,1.780030614243276796e+04,1.695826783055286169e-01,1.596130347090425561e+00
2.357094523459999813e+00,5.560026598524999919e+00,7.091838874979999874e-01,1.946284380600115037e+04,2.269231053099243084e-02,3.588992847483097393e+01
2.035461431496000007e+00,1.205312676132000105e+00,7.813810865539999595e-01,1.627798862492579792e+04,6.560041467279334113e-03,3.324108793045461030e-01
8.904832927860000247e-01,4.557406981830000037e-01,2.739819512468999907e+00,5.880522308869279186e+03,8.072979976261406010e-03,1.985261180148775173e-01
3.133565435480000216e-01,3.561144126089000217e+00,1.865080389784000037e+00,1.680000911847222142e+03,1.639056327140869448e-02,2.101004710785765450e+00
2.631355017218000025e+00,5.034407976883000124e+00,2.169606836184000187e+00,2.223961008999695332e+04,1.768071426085169456e-02,6.805846347248328820e-01
1.840441333730999940e+00,5.307297164573999915e+00,9.872103556979999750e-01,1.439067543721741458e+04,8.607611512189762212e-03,9.382504388385355387e-01
2.913016415042999796e+00,6.176504557922999794e+00,1.428215444087000074e+00,2.514149089767137775e+04,7.827822195365206556e-03,1.357492361372653333e-01
7.034939830509999714e-01,5.779243200429999838e-01,2.868242928974999995e+00,4.403716222147779263e+03,7.170966152621641859e-03,3.514348636381463276e-02
2.770307676553000142e+00,5.469513466882999886e+00,8.066331059900000433e-01,2.366526206478042513e+04,6.594283500305776237e-03,2.970381660071357288e-01
8.640039911810000195e-01,1.301045499698000096e+00,1.936465951419999998e+00,5.666021059060189145e+03,4.171985208138787038e-03,6.260432885683321624e-02
9.876886184790000245e-01,4.698749774502999799e+00,1.452222792478000013e+00,6.681615583244839399e+03,3.905145485554441329e-03,2.579035556629015180e-01
2.668983048378000156e+00,6.703877809720000247e-01,1.957312157128000107e+00,2.262448699461006981e+04,5.594567035306937525e-02,1.981637962976349954e+01
2.446203615286000055e+00,4.391676431339999631e+00,9.940293716950000524e-01,2.035932691827822782e+04,7.217420005180765104e-03,1.193616933802091329e-01
2.168538534346999835e+00,1.092435248460000008e-01,1.467779015824000055e+00,1.758554351714251243e+04,5.250603997550418525e-03,1.127292891227705401e-01
2.262619089785999904e+00,3.424146068845999924e+00,7.004526587789999814e-01,1.851877421766390398e+04,2.338310623736247207e-01,2.343487419512003811e+01
4.578454664330000035e-01,3.450094804189999920e+00,2.456503212903999867e+00,2.621897544913457750e+03,6.581098576012175093e-04,2.145429157070024434e-03
1.678260001508999899e+00,1.179114241559999998e+00,2.286217689442000101e+00,1.285026662050372579e+04,2.629122459805211063e-03,5.156328799868475227e-02
2.123521886006999981e+00,5.244094090218999860e+00,1.939814754159999932e+00,1.714154564499454500e+04,1.596085543147733599e-01,1.180208088726570139e+02
2.546761980612000098e+00,4.874305993491000244e+00,1.290408876951000039e+00,2.137768796510153334e+04,1.947835806259868088e-02,4.818645220537977281e+00
1.061715008880000033e+00,1.653912423041000057e+00,1.701150585214000088e+00,7.305106982481761406e+03,4.434018895260407982e-03,2.557548505855261611e-01
2.863930417678000051e+00,2.343156461966999782e+00,2.193850910945000177e+00,2.463240044431683418e+04,1.803439693114975567e-02,2.872324503852970778e+00
1.740262627823000008e+00,5.259600049383999831e+00,1.033698468796999892e+00,1.343583440846230951e+04,1.055897286798399524e-02,3.117177887019582982e+01
2.444609920001000081e+00,3.560388764153000096e+00,4.262297447560000063e-01,2.034324371343050370e+04,4.449773153262001624e-02,2.804433816076238539e+00
1.016562399309999920e+00,3.128276299131000027e+00,2.593632520623000204e+00,6.923486823796670251e+03,1.190322088645072614e-02,4.526506204184059801e-01
2.492004261323999881e+00,4.736402749595000294e+00,1.956994352169000084e+00,2.082229354626302302e+04,2.099215611421235972e-02,6.995429288943359580e+00
1.922356252990000125e-01,7.667984272710000049e-01,1.805494158636000046e+00,9.652589554145387183e+02,1.308277595853529491e-04,5.947236464219487969e-05
2.591026876383999866e+00,5.372984805106000294e+00,1.728951880989999967e+00,2.182812177507928209e+04,1.038472804808876493e-02,1.527253927400174849e+00
2.225301561570000031e-01,4.179849475214999721e+00,2.863080412003999875e+00,1.136983202573201879e+03,4.524306631011744406e-02,2.871529088908274675e-03
2.069666279055999869e+00,4.615648406823000371e+00,2.100145234806999994e+00,1.661261672869241374e+04,1.342486219675268280e-02,3.148345160066604009e+01
3.775464921599999690e-02,4.256437191234000217e+00,1.233078170044999977e+00,1.713537016765488659e+02,3.687379026695828017e-04,1.407294537017708962e-04
1.802215216463000091e+00,5.350752883533999693e+00,1.874694948431999908e+00,1.402509256990151334e+04,6.135491902959153490e-03,1.338522883535250563e-01
2.463359551639999978e+00,3.030650982814000027e+00,6.782964055979999740e-01,2.053257341499788163e+04,1.141011209144778826e-01,7.197838897983104278e-01
1.701397062450000108e+00,3.864747571530000037e-01,1.761690652201999940e+00,1.306827921545060053e+04,2.300758245919058698e-01,2.922209088447885961e+02
1.148486687436000020e+00,5.266295576709999482e-01,9.959564632490000013e-01,8.049455364651706986e+03,2.464940311782540597e-02,1.513662108472745571e-01
