2.208692646589000219e+00,2.231045675014000196e+00,2.130023944416000070e+00,1.798298638698705327e+04,4.121656865891924065e-02,2.611066095817550945e+02
2.549864626273000034e+00,3.432827199913000005e+00,1.500858806095000109e+00,2.140921779648225493e+04,4.869173471946263571e-02,3.922780043901799574e-01
1.161346761848000009e+00,4.193901071880000053e+00,2.541229527452999903e+00,8.160942247998736093e+03,2.671258418855798709e-03,2.091609052016634579e-02
2.039539597620000144e+00,3.679172872120000104e+00,1.599319963369999931e+00,1.631783137843257100e+04,1.755928389231482811e-02,9.167020325640029554e-01
5.223838205690000125e-01,2.446216038833000095e+00,8.490477263429999644e-01,3.069910073252324310e+03,7.002399810316103368e-01,2.375386600871776182e+02
2.813463737776999984e+00,8.207902225340000246e-01,6.581661830360000520e-01,2.411043251216324643e+04,3.995526261742499835e-02,2.627940132676045426e+00
2.609608280924000212e+00,4.762908296274000364e+00,1.134779191075999893e+00,2.201758656268257255e+04,7.627326902518510865e-02,5.882177457777088847e+01
2.598836827783999937e+00,3.162571848979999878e+00,1.675747240241999947e+00,2.190772839125414248e+04,2.146242332314867232e-02,4.434439773351662062e+00
9.040797599999999331e-05,4.469208537883999632e+00,2.243707666850999871e+00,3.989038711212839483e-01,9.154058529022239239e-07,1.035413653104663244e-10
1.606338722792999940e+00,4.395958102918999799e+00,2.292732542407000196e+00,1.217650187867509885e+04,4.190736569029890335e-01,2.289302311805992307e+00
2.171584207366000108e+00,2.914854025408000204e+00,2.334154101239999779e+00,1.761564343436802665e+04,2.159574840757652776e-03,5.948620006451846992e-02
1.980730625986000026e+00,1.938728038483999994e+00,9.272719265779999498e-01,1.574472751145264738e+04,4.570481257690624244e-02,7.469060461996717493e+01
2.102826810810999980e+00,3.391066966622000134e+00,1.615605026209000039e+00,1.693800084455479737e+04,6.479107677511129759e-02,5.669035480677551142e-01
