8.734113295969999635e-01,5.604050343509999754e-01,2.010609215409999984e-01,5.742037017701655714e+03,4.616597118234974650e-01,1.804100369661226999e+00
4.809145521320000172e-01,3.375447591389999946e+00,6.891347657609999677e-01,2.780236544424747080e+03,1.833225556095772341e-02,1.642934675558593405e+00
2.603636995120000019e+00,1.106297552877999912e+00,1.742664585058000037e+00,2.195667605522870508e+04,1.449720842314798641e-01,1.002330974815922957e+02
9.263276555580000071e-01,3.984578131675999835e+00,2.564881663036000070e+00,6.173482012037680761e+03,8.947600320702154934e-04,1.386458678108114717e-03
9.131876924070000401e-01,1.477469022031000057e+00,6.750699677820000133e-01,6.065747425934780040e+03,5.401607933033424069e-03,1.441522106138481418e-01
2.863032074699999874e-01,6.305368670300000311e-02,1.848008749616000035e+00,1.514010599100385207e+03,1.923273495319173867e-02,1.024480874848954448e+00
1.312751763869000055e+00,2.415451913695000119e+00,1.156977486906000108e+00,9.494465198144473106e+03,2.618544434247911494e-03,1.136529044191438853e+00
2.326964167288999796e+00,1.510818548897000069e+00,1.152803338715999937e+00,1.916102745544565187e+04,1.833660433138455809e-02,2.570647517867858500e+00
2.523242956420999938e+00,1.916360018907000029e+00,1.802899646978000092e+00,2.113889166713333543e+04,1.374324088332148641e-01,8.855475957173551933e+02
2.339322602809000173e+00,4.149314931483999658e+00,4.473071262109999946e-01,1.928474047249376235e+04,6.596225730540378196e-02,1.317681910863800177e+01
5.365256324839999813e-01,3.313687168892000212e+00,1.853727073253000013e+00,3.170127812533152337e+03,1.013115419880296006e-02,7.364563800000993865e-01
2.736991204615999873e+00,1.874663871669000059e+00,2.518930231966999944e+00,2.332235251987183437e+04,5.135349786186696464e-02,6.241593832904860761e+01
2.348404426317999949e+00,1.755002916844000005e+00,2.322765913979999985e-01,1.937572577350535721e+04,3.052980877367933443e-02,9.606427067946237131e-01
