1.347999197323999976e+00,5.900463125014000276e+00,2.742155058709999871e+00,9.810124774553318275e+03,1.926927170015495933e-02,1.083462242351253879e+00
1.624368467135999916e+00,3.036026037400000099e+00,1.449189381525999964e+00,1.234483743009291538e+04,1.899315023314460116e-01,6.897524121789203377e+01
2.936551247955999866e+00,5.638130142066000161e+00,1.779437464451000039e+00,2.538606170015765747e+04,2.953064069428679422e-03,4.334367401911601303e-01
2.035301111661000029e+00,3.207121790223999902e+00,1.783030344546000068e+00,1.627642263855079727e+04,1.717725600686164644e-01,2.554507355390579804e+01
1.159906755925999899e+00,4.469775570152999755e+00,2.938362697836999882e+00,8.148443973564999396e+03,2.798069348270594212e-02,2.197851826247675167e+00
2.766421635026000025e+00,6.097296293380000343e+00,1.866484343932999890e+00,2.362523055753124572e+04,1.991189357199501381e-02,9.425104144148390706e-01
8.540123426079999636e-01,3.603403909873000188e+00,2.695008285855000185e+00,5.585516262588009340e+03,7.183413362464334817e-01,4.595368640488383960e+01
9.989917626980000520e-01,7.588025885019999972e-01,5.513245502079999749e-01,6.776094835360628167e+03,7.315907702884694858e-03,2.139357192389974571e-01
1.558937620160000037e+00,3.424641591240999983e+00,1.292238994902999982e+00,1.173581048064927927e+04,5.727379373136205487e-01,1.471522280263756954e+01
1.394369026836999925e+00,5.174992316662000214e+00,1.884158606840000028e+00,1.022818559965248460e+04,1.364609019837134118e-01,1.771964164816713261e+00
1.880851821857999928e+00,4.621412342389999983e-01,1.316452195414000048e+00,1.477875349702645690e+04,5.478758414188062559e-03,1.144320642508193514e-01
1.622894648623000036e+00,1.139840023137000058e+00,1.805066289156999959e+00,1.233106257389290477e+04,9.014261693333941450e-01,6.793803338127212328e+02
2.754099383807000034e+00,7.453631962400000255e-01,2.632233189904999993e+00,2.349835463496787634e+04,2.128701979248382239e-03,1.227540589935715090e-02
2.568630377089000216e+00,1.218815769819999950e+00,1.562629214656999999e+00,2.160005625668450011e+04,6.537443774428731633e-03,2.751743434610183781e-01
2.292502483204999830e+00,3.849876046662000117e+00,9.308460788929999730e-01,1.881665894552816098e+04,1.359965446342830840e-03,8.783940175707700623e-03
2.320094980636000059e+00,5.644880673413999794e+00,1.468808202671999963e+00,1.909231351894791806e+04,9.317734819771066393e-03,7.784703533526623476e-01
8.431112957799999363e-02,4.263410299362000444e+00,1.200053695442999890e+00,3.954220892939322880e+02,7.547661036169309168e-02,1.274935207831768245e-02
1.708251139307999988e+00,4.186579844717999599e+00,1.937853790873999893e+00,1.313297788421789301e+04,5.957020763365481440e-03,1.906114580910230338e-01
1.925335238208000010e+00,3.876826757502000120e+00,1.703532472720000079e+00,1.520780000437269700e+04,9.453662692523592120e-03,6.387224064765754106e-01
2.180536595321000082e+00,3.352354364913999962e+00,1.415188305627000043e+00,1.770416242667346523e+04,2.858420773178986952e-03,3.445190778579004104e-02
2.002517748068000092e+00,2.470129304853999841e+00,2.331460138679999794e+00,1.595668190007579142e+04,1.065278304604863439e-02,6.351440733791900994e-01
1.498550519734999975e+00,3.518414175535999888e+00,1.119591274010000026e+00,1.117844593561063448e+04,8.302650615782135096e-04,1.909485471419744215e-03
2.588313167363999856e+00,6.041143900319999815e+00,2.894323794905000025e+00,2.180047032936307005e+04,1.969468030414943741e-02,1.957080785030480774e+00
1.229595791209999955e+00,2.757517116342000030e+00,1.123430473370000016e+00,8.757394834123730107e+03,7.869847322195574479e-01,1.024381340285860631e+02
9.651414338360000400e-01,1.798032826502999892e+00,1.765714380691999930e+00,6.493955074022416738e+03,1.983415398097438352e-03,8.533115813426574159e-02
2.624695833236000198e+00,1.535270436288000084e+00,1.437726994264000080e+00,2.217159078137787583e+04,4.837213442199664835e-03,3.128393236131716382e+00
2.180769349948000091e+00,4.246486339806000210e+00,5.910628874100000152e-01,1.770646471881981051e+04,4.139217714505297532e-03,3.663126463492617779e-02
2.431022195749999781e+00,2.788724618708000147e+00,2.816885151049000058e+00,2.020619225148766054e+04,3.491132632411462766e-01,2.699283737340106182e+00
1.784847992818999973e+00,2.512379927270000035e+00,9.880623283430000070e-01,1.385949614192354056e+04,6.215978068668735236e-03,4.600506118153731561e-01
2.247535348182000181e+00,4.697457886549000428e+00,1.277844166481999943e+00,1.836867865429581070e+04,2.162162048595955410e-03,7.735810300839645048e-01
1.710810468339999946e-01,5.558036894086000324e+00,1.989541656993000007e+00,8.482975255784001547e+02,4.584158164667197916e-03,3.738199980018273028e-01
1.733304070439999900e-01,3.466584373058999802e+00,9.979165208639999562e-01,8.606163036621167066e+02,4.777579696514582253e-01,1.653284151889525688e+01
8.290912918139999865e-01,1.242419706883000075e+00,3.840157734080000274e-01,5.385784090072252184e+03,1.382803700415110026e-01,2.028317045296687695e+02
6.900557532169999675e-01,3.796398239616999959e+00,1.387802078787000015e+00,4.301224805420392840e+03,1.431252772654255942e-03,1.437152789726775515e-02
2.957828412791000172e+00,3.841738112470000077e-01,5.916874733839999623e-01,2.560743613703028677e+04,6.030250803209543167e-03,3.587146150891422636e-01
2.863933634502000114e+00,3.548918124901999871e+00,2.044040235215999868e+00,2.463243376230290960e+04,3.854884963428422545e-02,5.081214787955614653e+00
2.754479393507000218e+00,4.735620318309999854e-01,1.431932613200000093e+00,2.350226603378513028e+04,6.166058125971219002e-03,2.092368122701720665e-02
7.546890922610000052e-01,3.645934467688999980e+00,1.697814481143000043e+00,4.798883512577011970e+03,4.027659992611949506e-03,1.715630807375161451e-02
2.033872129581999921e+00,5.577254909038999564e+00,1.230393463153000022e+00,1.626246551013588396e+04,1.098120004357275026e-01,1.152233887049837691e+01
2.514479559089000116e+00,4.181813317759999760e-01,1.189493083979999977e+00,2.105000935647613733e+04,7.058213330015704612e-01,1.754403981951126212e+01
2.208185458971999804e+00,2.070031735525000194e+00,1.250173486126999967e+00,1.797795815644428149e+04,4.864527251483801579e-02,2.527286663532016142e+00
1.527855227062999921e+00,5.961106655573000346e+00,1.678842755190000036e+00,1.144834451413297757e+04,1.418790232984705165e-03,3.043993198657468091e-01
2.831668421900999988e+00,2.962066937052000082e+00,2.234080585042999889e+00,2.429854968053823904e+04,3.603766256673619772e-02,4.287140861673388770e+01
2.864026905984999871e+00,3.902491017892999903e+00,1.483525489992000068e+00,2.463339981648517642e+04,1.774454397372159445e-02,5.090254022007620893e-01
