2.886411172278999793e+00,3.454681306212000091e+00,1.667685400444999910e+00,2.486538750254609840e+04,7.079779146971043602e-02,2.785876168623195426e+01
1.621940016441000054e+00,4.944770570835999912e+00,2.127263472801999900e+00,1.232214159666205160e+04,1.829990336565632050e-02,9.114426317669888533e+00
1.121441508765000039e+00,5.328649216677000311e+00,7.220936545449999633e-01,7.815960788485972444e+03,2.013082189579628711e-03,3.332723499460376465e-02
1.160719069810999926e+00,2.893058999870000148e-01,2.150091667738999845e+00,8.155493857982710324e+03,1.406013120713903511e-03,1.015230659396214492e-02
9.502793570159999703e-01,3.241897567490000243e-01,2.414596109151000203e+00,6.370853664481823216e+03,1.048282029392851858e-03,2.512921138784377645e-03
2.295793000877000001e+00,5.181894495562000102e+00,1.011977397594000072e+00,1.884950150621712964e+04,1.060241057963407368e-01,8.944383036088923689e+01
1.890451700377999922e+00,3.656338167042000098e+00,5.331362915280000170e-01,1.487118256492673390e+04,6.865123967339650246e-01,1.421967976383825061e+01
1.288164778585999981e+00,1.126224860193000055e+00,1.940815351933000033e+00,9.275396342749152609e+03,3.361704839714944795e-03,4.870062301801766913e-02
2.136604787391000126e+00,1.683084842108000023e+00,1.654705000984000085e+00,1.727040794554750028e+04,1.813077880357787108e-02,1.220864301806842889e+01
7.261272715240000286e-01,2.309402986219999843e+00,1.652217270718000064e+00,4.577512088909940758e+03,4.896525056572819008e-03,4.949711899011394745e-01
2.091202047075999992e+00,2.625144060326999984e+00,2.793922324158999881e+00,1.682382635233934343e+04,5.369426080024915574e-03,6.728459249915121065e-02
2.311986706668000213e+00,1.634811230019000083e+00,2.134113818394999917e+00,1.901125041934026376e+04,1.208514432268731169e-02,1.930852371498046116e+00
1.243087494604999899e+00,2.446319817725000068e+00,1.916526646744000084e+00,8.876228984137296720e+03,4.533708563238643408e-02,3.129779025115162483e+01
2.505356533420000087e+00,4.473773307004000443e+00,1.288452389556000055e+00,2.095753489663499204e+04,2.566339207708011674e-02,3.651906337894538446e+00
