1.872488773963999931e+00,3.457167582342000056e+00,2.167488174394999856e+00,1.469830663031651420e+04,3.666162702611600044e-01,1.129489295522546843e+00
4.890068265220000043e-01,9.663555093569999865e-01,2.242577201227999861e+00,2.836261010440267910e+03,1.492049651897343031e-02,8.636150521708529926e-01
9.132069399779999541e-01,5.318830934535999866e+00,9.064166989020000509e-01,6.065904951130581139e+03,3.540159925559787854e-03,1.883112919426704890e-01
1.703354849849999963e+00,4.639916287519000093e+00,1.060437254101000093e+00,1.308675430604839676e+04,1.762492630643819553e-03,2.443643471457931579e-02
1.658966533892000106e+00,2.979751704879999963e+00,1.225607190092000032e+00,1.266893467297187999e+04,1.645548105640805931e-03,3.345080775196156847e-02
1.063365480057999912e+00,2.728744380010000192e+00,1.558764183185999963e+00,7.319132591528269586e+03,5.260024366459011870e-03,1.338214470545400214e+00
1.605784151491999934e+00,4.154786037304999624e+00,2.222716949804000031e+00,1.217133024098417991e+04,1.435965653944001365e-03,1.558359556893100517e-02
7.444081452600000148e-02,2.248651534181000056e+00,2.417987659488999963e+00,3.467727186672177595e+02,5.677534131898693930e-03,3.364906575524350130e-01
1.225936708334999903e+00,5.758815885751999986e+00,2.131607333683000149e+00,8.725217433717831227e+03,1.677456923837724809e-02,1.061968930945038458e+01
2.263018774375999964e+00,2.885540630076000035e+00,5.281427838500000194e-01,1.852275381667474358e+04,1.545584211730363366e-01,7.729421858439572413e-01
8.897744250439999503e-01,6.532853744019999631e-01,1.813408247841999943e+00,5.874758470027398289e+03,2.288436006833938826e-03,3.455067501840992927e-02
2.572274642540000045e+00,2.329457447770000023e-01,1.239313083876000032e+00,2.163714367116277208e+04,4.547989053454710821e-03,9.526589700621250489e-02
6.929090049289999831e-01,8.069974840879999833e-01,1.837000752997999919e+00,4.322942095149766828e+03,1.995919907158632059e-02,6.904909409062848225e-01
2.393839973003000221e+00,2.200216217098000193e+00,9.696898039489999510e-01,1.983182842567872649e+04,8.600066108745769294e-03,2.879243853943472820e-01
2.867991054328999923e+00,1.389328067512000109e+00,2.827368244855999802e+00,2.467446287451645185e+04,1.869166067199228010e-02,3.817331998018956174e+00
3.451930944930000078e-01,1.025105030888999957e+00,1.013908585583999988e+00,1.879725286667367072e+03,4.440017283156990485e-02,2.071283170055859912e+01
2.215722406823999791e+00,3.412066607347000069e+00,1.968205883628000086e+00,1.805270024774936974e+04,3.828271645320522557e-03,3.334578267016628100e-02
