5.577125046730000424e-01,2.327375102097000159e+00,1.446687077373000063e+00,3.321592712365255011e+03,6.957949143071165757e-03,4.753744026193799099e-01
2.116764465214000079e+00,6.060204114103999729e+00,8.041634761420000110e-01,1.707504366526368540e+04,9.642979410047981814e-02,8.094667939105946175e-01
2.627770681943999875e+00,4.420229857556000397e+00,6.455963618719999797e-01,2.220299486300846547e+04,1.798771593439906988e-02,2.068813844444276295e+00
2.751330679530000212e-01,5.310221468836999748e+00,1.612781679170999904e+00,1.446502710132135235e+03,2.621518263914367989e-04,1.057921315071444924e-03
2.342819426413000006e+00,6.777646981660000458e-01,1.816060659724000104e+00,1.931976578260291353e+04,1.727931591197867933e-01,5.173793161428000831e-01
2.632939766959999872e+00,4.057124473153000288e+00,7.416903138070000123e-01,2.225580148011470737e+04,2.334127417917482294e-02,5.034425892275194991e-01
2.469825986951999841e+00,3.929597398774999917e+00,5.428744508630000132e-01,2.059792699114554853e+04,4.154084685821279703e-03,7.527463115774654656e-02
1.783335019160000035e-01,3.860759525125999847e+00,1.180677698091000094e+00,8.881170915835083406e+02,1.749699826915588619e-01,2.154998714636167989e+01
2.373360187179000214e+00,3.894759370261000164e+00,5.179950778090000041e-01,1.962605614585505464e+04,1.522625971026034643e-03,9.543473189604861559e-03
2.509560515377999845e+00,2.268465346700999863e+00,2.339361638648000064e+00,2.100014102503622053e+04,3.497086695387965471e-03,5.125055980584481974e-01
2.601601105787000101e+00,5.244357722482999584e+00,1.335428109693999943e+00,2.193591411230888480e+04,3.326116894046199542e-03,8.396597897690191714e-02
2.496207028300999831e+00,2.333998436647000130e+00,2.090533828573000186e+00,2.086484901540341161e+04,2.279437398229146039e-01,6.634444508930987361e+00
1.313397988104999969e+00,3.796949533534999865e+00,1.666361035191999962e+00,9.500235575384538606e+03,1.713174576204844202e-02,9.373496315966672876e-01
1.196970992268000078e+00,8.883375220079999801e-01,2.524068231099000137e+00,8.471285659929946632e+03,1.831327837572186701e-01,2.394037404549415882e-01
1.250949120845999962e+00,5.919501620079000048e+00,2.148320253950000147e+00,8.945610676963831793e+03,2.703952361122646895e-03,2.817898272577451513e-02
2.517296531481000077e+00,2.473504762711999927e+00,1.801022819958999932e+00,2.107857468366851754e+04,7.651350367490796812e-03,3.555653685187439850e-01
2.405215939262999925e+00,5.318565567901000435e+00,3.022658488049999814e+00,1.994626052130708194e+04,1.414194986886611709e-02,7.926868310615185764e-02
1.867762620072999979e+00,2.411672874670000022e-01,1.739813451509000020e+00,1.465287477490901620e+04,1.922555670794554722e-03,1.975900555364923025e-02
1.941691596150000088e+00,2.063629896961999943e+00,1.077638954613000077e+00,1.536603632132052917e+04,8.721542009296222309e-02,8.823351029131653434e+01
1.401884796365000074e+00,3.123156119974999978e+00,8.186271641860000114e-01,1.029623757902063880e+04,3.306701898797517747e-02,2.475140143121600467e+00
2.266395120617000103e+00,1.101879205254000071e+00,8.704603256930000255e-01,1.855637653386261809e+04,4.054088369680782476e-03,5.603905790699587053e-02
1.849449993679999904e-01,2.928806295935999948e+00,9.301779822460000124e-01,9.246714102453494206e+02,8.506608317906287154e-04,5.773111385020894548e-03
1.443631933752999918e+00,5.150476466431999967e+00,1.361444872337000067e+00,1.067567909393333139e+04,3.281240088942513622e-02,3.284541481493970849e+01
8.857759139119999459e-01,2.461047681343000004e+00,2.322999501661000110e+00,5.842268356170277002e+03,1.517503189331651132e-02,4.484273773648303485e-01
1.843061787229000048e+00,1.636944517779999886e-01,1.439034852203000092e+00,1.441579116318540036e+04,1.282789136000195111e-02,7.441706141073159420e-02
2.230733309159000033e+00,3.482165040794999999e+00,1.767815283798999992e+00,1.820169458935481089e+04,3.330917867275825367e-02,6.066617720627774935e-01
2.651993910462000059e+00,1.535362267915999945e+00,1.704236646955000101e+00,2.245060308171085853e+04,1.294898832739392949e-02,6.296918440922507632e-01
1.907635897570000072e+00,5.248943064710999806e+00,2.463346044295999793e+00,1.503685896541772308e+04,9.174837462169669333e-01,1.265709180658675947e+01
1.528581145368000049e+00,5.700049387057999795e+00,1.916219392092000096e+00,1.145504426567242808e+04,1.224873412640459791e-01,2.233921312541459159e+01
2.251167708797999989e+00,6.963270999830000196e-01,2.409087225697000179e+00,1.840480737428644716e+04,2.497511102928604287e-01,1.169556249698066210e+02
9.033184413070000085e-01,3.795449111857999824e+00,2.741017809060000143e+00,5.985087225501988542e+03,2.569953066254026530e-01,6.004857255670454030e+00
6.702237913890000121e-01,3.778487439786000213e+00,2.394361902215000004e+00,4.150940326954208103e+03,1.992075707466405173e-03,1.540885597271747336e-02
1.888219216189999938e-01,5.862658764139999867e+00,6.999052682709999695e-01,9.462183742687294625e+02,2.027691996299045736e-03,5.882350162840135205e-02
5.153561279970000353e-01,5.633689291153999967e+00,9.226528231189999874e-01,3.020374741277162684e+03,1.351130875506553752e-02,3.131224826325833988e+00
5.167236681839999513e-01,1.808179708658000040e+00,2.685849895804000020e+00,3.029999950895332859e+03,1.092975458285254517e-03,8.787793075619552627e-03
7.753196430950000106e-01,3.872584294316999909e+00,1.698800485997999932e+00,4.960167301824147216e+03,1.880229002166109711e-03,1.800188789580014354e-02
2.674944636511999985e+00,3.818686657544000163e+00,1.311472182566000066e+00,2.268554694858828225e+04,3.596109082995988665e-02,5.538553399512889719e+00
2.834947990143999785e+00,3.533233626762999791e+00,5.957673398199999637e-01,2.433245949340534207e+04,1.870075322632293660e-02,1.712290185466646963e-01
2.599091419455000107e+00,1.209996082739999979e-01,1.580983547793999966e+00,2.191032410549729684e+04,1.262015286789572310e-01,2.078716344961736961e+00
1.613837490444000045e+00,1.567658596615999933e+00,1.872901129306999923e+00,1.224646749995824393e+04,5.139862062228918449e-02,1.361384769253803251e+00
1.305874644330000112e-01,5.072475037945999965e+00,7.278576876150000263e-01,6.314423132385426243e+02,3.140536087022940698e-03,5.158130055513415746e-01
2.120320401769999918e+00,1.078938746478999899e+00,1.538320722397999996e+00,1.711003399030904620e+04,1.262041562629633192e-02,6.185161827385869948e+00
1.372537455235999904e+00,1.237831287854999962e+00,1.764436280920000100e-01,1.003096799266885864e+04,1.063372032389769684e-01,2.292338398822295620e+00
