1.349697159691999993e+00,2.938457111252999798e+00,1.652593990760000020e+00,9.825377856319604689e+03,1.463161611735423057e-02,9.536805227162741261e-01
1.056815169989000047e+00,1.144875292028999958e+00,7.820492871980000427e-01,7.263499651958095455e+03,3.039212118577416244e-01,3.505805513143067653e-01
2.599541087109999982e+00,4.316970098410999768e+00,8.688984612610000102e-01,2.191490883894444778e+04,4.459942125807220270e-01,3.416064165103152561e+01
2.832337392822999789e+00,1.549349121928000006e+00,1.353436662005000013e+00,2.430546614342808243e+04,8.006577116184831686e-03,5.160911675112340724e-01
8.323301406259999702e-01,1.007914991513999992e+00,2.255222718694999795e+00,5.411655421015981119e+03,1.419293107772563083e-03,8.117586286937360576e-03
2.586102899405000155e+00,2.033817868290999975e+00,5.373945576240000133e-01,2.177795227345177045e+04,5.911745328422598512e-03,1.280670331562427933e-01
1.219032618583999916e+00,3.233134087695999970e+00,2.223699799562000035e+00,8.664564358487747086e+03,5.195476574643711175e-03,1.502247455677215848e-01
1.455068321710000001e+00,5.678575338122000105e+00,5.495920651629999654e-01,1.078004344564258827e+04,7.041148865093431464e-03,1.319319801242636869e-01
2.502919713084999831e+00,5.558316136106999927e+00,1.861857218871000086e+00,2.093284394880829132e+04,1.058470370697508871e-02,9.975808571655395696e-01
1.117193208431999984e+00,1.643467846387999920e+00,9.304205552859999839e-01,7.779403828963852902e+03,1.488185508172886265e-02,2.542125424100794007e+00
2.575518440088000016e+00,5.537617669602999726e+00,1.886136443974999910e+00,2.167016291653182634e+04,4.619619777716983400e-01,6.906479038918837965e+00
2.750016831730000000e+00,6.180674765590000064e+00,1.761014813122000033e+00,2.345633886839777188e+04,8.578012864763759349e-02,7.575970387112641369e+00
7.484508307720000309e-01,5.835718942770999895e+00,1.576539804814999890e+00,4.750341229213374390e+03,4.499896130762654801e-03,3.542711296140091393e-01
2.476659851913999955e+00,4.669806764738999583e+00,1.935264666414999946e+00,2.066702557795057874e+04,6.044429525942779380e-01,1.887176807444813420e+00
5.929018687870000193e-01,2.385961770268000048e+00,1.031196934985999958e+00,3.576563392850222044e+03,2.200963675960353749e-01,4.064474835854000645e+01
2.593848526774999996e+00,5.750966098352000344e+00,2.364239125735999814e+00,2.185687819206284257e+04,1.318769234728193844e-02,2.145699928714052351e+00
1.910466949996999952e+00,5.054588905482000349e+00,1.574285552192999926e+00,1.506418116996439130e+04,1.960604297459544315e-03,3.330239143336173879e-01
2.935389654610999877e+00,3.868080392104999987e+00,9.447580658659999742e-01,2.537398333192343125e+04,1.837340098897495555e-02,1.631014140629255094e+00
1.623142375517999891e+00,2.490242677794999970e+00,1.523056624976000029e+00,1.233337774214330420e+04,1.038597541477939874e-02,1.170841750792845382e+01
2.355814173703000058e+00,4.331372887422999973e+00,1.482644185527000058e+00,1.945000482459671912e+04,2.025609300887312725e-03,5.400766883994485845e-02
2.169504433789999909e-01,2.877456786809000189e+00,1.070632680556000027e+00,1.104987428244812918e+03,2.249620721887946040e-02,6.209100783287115455e+00
1.169157500572000075e+00,6.277587351440000463e-01,1.687366336293000035e+00,8.228797614226818041e+03,2.998988730209576140e-02,5.800600825773798430e-01
7.009254295579999683e-01,6.591207142410000497e-01,2.696157138697000022e+00,4.384085653069255386e+03,1.420414030687213065e-02,1.333405046015442297e-01
6.880983422200000199e-02,3.764196084369999973e+00,1.588896192296000098e+00,3.192912411544651832e+02,1.359195283669206071e-04,3.744087113118897442e-05
2.191271197240999946e+00,4.036352818738000003e+00,1.408899171412999918e+00,1.781038954096225279e+04,1.145221482514021012e-02,2.770324799807211136e-01
2.092660955856000093e+00,1.273385514749000080e+00,7.068314669690000107e-01,1.683814890616356206e+04,5.512225461768685726e-03,1.603084092933887428e-01
1.069775636211999892e+00,1.749609834836000077e+00,2.498867465037999835e+00,7.373655766574893278e+03,5.343719419088722306e-03,3.534469521661895430e-01
1.826013403311000038e+00,1.519357153850000031e-01,1.577094344677999915e+00,1.425251558122674214e+04,9.280593795783026456e-03,1.206428543841472911e-01
1.823164668490999896e+00,3.152499787462000214e+00,1.169656703840000089e+00,1.422526153468253870e+04,9.426556139241799581e-01,2.550041514965144245e+02
1.738212825398999906e+00,6.059412361709999750e+00,2.931144904676000085e+00,1.341640793669285267e+04,2.498917126086099699e-03,2.122449191337604651e-02
2.548215494366000033e+00,4.617357418290000126e+00,3.531947901740000173e-01,2.139245812205640686e+04,5.221871191738406727e-03,1.233613113465543837e-01
2.073673299523000058e+00,2.777742178786000160e+00,2.357029206537000210e+00,1.665188471785299771e+04,2.192021500887006077e-02,9.106912485310004968e+00
1.949017409997999994e+00,4.915131907316999893e+00,9.191540325600000561e-02,1.543699050356601219e+04,9.685958127914699387e-03,8.531375848146725838e-02
2.202248229074000196e+00,5.725714054026999733e+00,2.249565293877000105e+00,1.791911212980916025e+04,5.226115472837777193e-02,4.534084777878066319e+01
1.690055562161999925e+00,7.077039790260000185e-01,1.892006500836999949e+00,1.296133693527910327e+04,5.584838646758651798e-02,4.044184672225915045e-01
6.239551572149999448e-01,1.595524493250000120e-01,1.860095566070000039e+00,3.804968571461229658e+03,5.777789894831845130e-01,5.354681816358635871e+01
1.047401737823000056e+00,2.372412053416999900e+00,1.515701206366999898e+00,7.183696592124148083e+03,7.498272446571569490e-04,6.688112167392845642e-03
6.576587703459999545e-01,1.937469104407000042e+00,1.187518642247999967e+00,4.056334068151868905e+03,4.494684093020913374e-02,3.850840398039852897e+00
4.804052383979999785e-01,5.714217922907000258e+00,3.741962361810000082e-01,2.776718749970157660e+03,5.073717320255876663e-04,1.239268474807645208e-03
2.798111750762999783e+00,5.176200105190999601e+00,7.146141998030000053e-01,2.395194473417863992e+04,4.906803979695273203e-03,6.365621440676538789e-02
2.289873980558000177e+00,3.408738525882999859e+00,1.619783013896000101e+00,1.879042987936577265e+04,7.179032531686081568e-03,2.043157455476022122e+00
2.197581734237000095e+00,9.415787329699999708e-02,1.276927950077999974e+00,1.787288070905198401e+04,5.345937770707779452e-02,2.763851426621186214e+00
