1.122677583955999925e+00,2.923651580756999824e+00,1.713712313222000017e+00,7.826603522396851076e+03,6.750445494481646484e-03,1.648471624218907361e-01
2.855045683679000135e+00,4.271912653961999595e+00,1.211428247203000019e+00,2.454040024434050429e+04,3.177299430405141623e-01,2.377894627332885147e+00
1.787980923297000091e+00,1.788987673994000049e+00,1.945126736998000094e+00,1.388934532417254923e+04,1.790755154666912518e-03,2.033782290394688802e-02
1.354582776395000021e+00,3.559280079151000198e+00,2.628568890797999824e+00,9.869289937432929946e+03,3.560030915914393860e-03,1.050212733642129359e-02
1.162009934622000085e+00,5.046798137616000268e+00,2.820826932896999928e+00,8.166699365440125803e+03,7.027525237491811334e-04,1.937950679838394480e-03
2.215365650498999806e+00,5.838661944791000202e+00,1.423605027046999982e+00,1.804916135786017549e+04,7.756292748183977147e-03,1.114548387404749485e+00
1.792207492311000072e+00,6.167510719438999978e+00,1.092295937655000104e+00,1.392963050352500068e+04,2.683691420476224353e-03,4.397773566003581464e-02
2.626394795043999864e+00,5.237222821089999591e-01,2.468812374895999806e+00,2.218894188854071399e+04,1.574556984633983803e-01,2.420628938411789388e+00
5.719692948200000293e-01,1.046541957165999959e+00,3.015764087192000176e+00,3.424388463303453591e+03,3.767693884280518945e-03,7.604247372989861309e-02
2.657757566973999896e+00,3.889080660706000003e+00,1.167901157665999889e+00,2.250957371275882906e+04,5.543472807298230678e-03,8.499636215441087883e-02
2.108757728796000208e+00,6.250563176023000267e+00,8.531555028120000328e-01,1.699629677601396543e+04,1.688662778679622944e-01,2.072878345425588353e+00
2.203307662883000173e+00,5.647411279665999650e+00,4.431350222730000010e-01,1.792961048517400195e+04,1.675017867134754798e-02,1.889669754445721939e+00
2.196727915779999873e-01,2.573834977424000137e+00,1.162351174447999957e+00,1.120577719914748286e+03,7.279688633022996088e-04,2.707389999253361976e-02
1.561167316818000028e+00,4.333581521632999589e+00,2.293711470701000010e+00,1.175647836020855175e+04,1.330028331951422366e-02,1.957794206951294080e-01
1.343074648396999971e+00,2.392228145643000126e+00,2.458849059435999962e+00,9.765910898916545193e+03,2.192285206144540741e-02,4.917260519987217471e+00
1.318569273270000064e+00,3.823461676167999812e+00,2.624824093775000033e+00,9.546434853966171431e+03,3.257621517305393007e-03,1.856977397459426762e-02
1.626039702973999912e+00,1.293787324281999940e+00,2.634689327654000213e+00,1.236046052574438363e+04,5.779419212056766293e-03,1.085046207853310185e-01
2.143960135699999991e+00,4.287263463070999592e+00,1.570087478598999997e+00,1.734291862536992267e+04,1.725187724964416525e-01,8.600979776414462208e+01
2.462182749880000021e-01,5.788437033643000440e+00,1.031902381836000027e+00,1.274623964023328654e+03,1.408453273065335800e-03,2.321997747002946168e-03
1.200713590991000057e+00,4.195240242924000107e+00,2.619915966105000216e+00,8.504016192460541788e+03,1.629407059408354008e-02,2.030453864722694957e-01
2.594764671304000014e+00,5.625746615549999774e+00,1.172612788581000043e+00,2.186621605505537445e+04,3.677488834479888859e-03,1.847859177000590947e+01
2.437155633903000052e+00,1.271603223470999966e+00,2.350364037317000054e+00,2.026804052843167301e+04,3.143674959424993393e-02,1.235534454789738223e+00
1.578230823009000083e+00,4.597338510375999832e+00,2.483324218153999841e+00,1.191484965605831712e+04,5.125713731784198313e-01,1.758698008476992243e+02
2.657495000582999811e+00,3.595690383886000152e+00,7.368003250419999928e-01,2.250688681800354243e+04,5.271468269515466876e-03,5.861887856493549348e-02
2.229262512390000062e+00,5.695929438779000265e+00,2.937219560676000096e+00,1.818708793801973661e+04,4.735723440876650134e-03,1.412271616708953362e-02
1.392384354065999919e+00,4.827218102713000114e+00,2.657603069878000213e+00,1.021022865436842767e+04,3.487781328852568134e-03,3.789917955212688400e-02
2.850902469284999796e+00,3.645776045170999957e+00,2.093159410244000096e+00,2.449751336907247605e+04,6.132843460988777334e-03,6.251428915121454155e-02
2.618337510472000140e+00,6.123224572317999659e+00,1.451120217181000038e+00,2.210667115027972250e+04,1.686715376219457829e-01,2.224645051579776833e+01
2.043888146353999957e+00,2.650303333645000148e+00,2.314285599749000166e+00,1.636033195832907586e+04,2.402968571022321906e-02,2.232143253283777717e+00
9.079912955009999953e-01,1.739497520280000042e+00,1.889307181901000110e+00,6.023250147736276631e+03,5.111328165917620840e-03,7.953308834491529256e-01
1.084672934314999893e+00,1.018529485318999894e+00,1.334000143913999903e+00,7.500673452631877808e+03,2.085211179503253850e-03,3.197907514143696894e-02
2.663103795592999923e+00,4.544129822910999650e+00,7.360567687200000320e-01,2.256429221252321076e+04,3.657766155398213537e-02,1.659241765325925932e+00
1.215727782049999955e-01,2.093846870490000178e+00,1.638578011117999944e+00,5.844586181381745291e+02,1.066540442070235931e-04,4.043301695461702346e-04
2.738152834744000064e+00,4.553815057219999574e+00,1.782058194129999995e+00,2.333429728758710189e+04,8.246263341030025951e-02,4.953844525322720216e+01
2.601558969201999805e+00,2.569893498199999904e+00,1.461362084736000044e+00,2.193548443300837243e+04,2.090763065037631874e-02,6.417619458467216376e+00
1.940907407804000062e+00,5.189078009316999918e+00,1.790825440134000024e+00,1.535844406170167349e+04,2.539509804597656767e-02,4.720145203041205662e+00
2.019510961812000183e+00,3.190097355713000127e+00,1.799560303118999949e+00,1.612229856240802292e+04,1.251290245259777459e-02,4.716704236923626725e-01
1.335196922440000100e-01,5.265052969741000233e+00,1.477064788797000094e+00,6.468277831190174538e+02,1.680061133453822266e-03,7.908039904962753663e-01
1.802538224699000047e+00,5.606613748630000504e-01,2.338149079401000030e+00,1.402817542799607509e+04,5.690434640232602120e-02,3.400745680386025427e+00
2.366584379732000087e+00,4.051550021883000063e+00,1.570466645885999935e+00,1.955804299020536200e+04,1.946104360235784711e-03,1.985559216811955130e-02
5.390550300369999492e-01,3.667057970111000209e+00,1.693022802041000086e+00,3.188127729696891947e+03,7.195034338712315292e-02,3.481474336342141873e-01
2.074337055074999991e+00,6.757230867350000336e-01,1.486552021607000063e+00,1.665839073491698582e+04,9.191468110559977700e-02,2.472990283681171686e+00
1.995316770455999977e+00,2.427681468523999797e+00,1.657024883342999910e+00,1.588657975480815367e+04,5.586849809295213812e-03,2.916821530146898045e+00
1.995987481840000077e+00,1.658368251338999899e+00,1.546727087162999892e+00,1.589310719466430419e+04,1.751793941929631615e-02,3.362993912296005306e+00
1.930082646218000075e+00,1.541785099995000019e+00,2.880566227016000180e+00,1.525370167910843702e+04,2.960034890505673366e-01,4.758381962060160397e+00
