1.350020818730000016e+00,8.920868508010000308e-01,1.912544729941000110e+00,9.828285824003556627e+03,2.870414582593171140e-03,1.907520020089112020e-02
2.065841205184999918e+00,3.638074124472999937e+00,9.170106780419999826e-01,1.657514481896623693e+04,3.520941289067203855e-03,1.577730559933476079e-02
6.574751673490000226e-01,3.804933970783999975e+00,1.245120529685000088e+00,4.054955213892228130e+03,7.938827158188004329e-01,2.702250240678849558e+00
1.074525864453000024e+00,5.842187711462999644e+00,1.769650538999000045e+00,7.414111129424531100e+03,1.685740445481495320e-01,3.942817572816381122e-01
7.142723798960000092e-01,3.729043586283999900e+00,1.815535069714000027e+00,4.486298924226761301e+03,3.619261121505740891e-02,2.279917549168214430e-01
1.458889375759000018e+00,3.156922271726999796e+00,9.344680856389999679e-01,1.081495248791705308e+04,5.829820883461822242e-03,2.249369416431073743e-01
2.698867275856999814e+00,3.818329291277999804e+00,2.049425284074000153e+00,2.293079146610503085e+04,1.984040642883213527e-03,1.010246777112919735e-02
1.045689269219000073e+00,2.736845378242000137e+00,1.687983600936999951e+00,7.169197749444952024e+03,6.551983965533957066e-02,2.251790985287208002e+01
1.816453756362000016e+00,5.551105641906000088e+00,8.179162290960000359e-01,1.416109058878157339e+04,1.142200540865799356e-02,8.472026932298282187e-01
2.252324957518000215e+00,2.171367319504999838e+00,2.942645812512000081e+00,1.841631993995133962e+04,5.943500913645699893e-03,8.919884453098797517e-02
2.565727155234000190e+00,2.893044737842000114e+00,6.485069765830000499e-01,2.157051666088205457e+04,2.248846721488655370e-03,7.240383624264069840e-02
2.402976011963999792e+00,8.718731039599999511e-01,2.673647309505000180e+00,1.992372147836801742e+04,6.369607582051385608e-03,4.851802358118580127e-02
1.557002914734999965e+00,2.842952992683999813e+00,5.716554396059999599e-01,1.171788198844355065e+04,4.086452291477056797e-01,1.227409661330517991e+02
4.079546049969999810e-01,1.675107455909000009e+00,2.380915683407999861e+00,2.286655792540803759e+03,1.102420654392754834e-03,1.275963354021756452e-02
2.289119248917999894e+00,4.588153913849999932e-01,1.503044978773000029e+00,1.878289960746600627e+04,3.303997509916426489e-01,2.938696332759328289e+00
1.923068662200000112e-01,2.558056009402999820e+00,1.042317483896999963e+00,9.656569922022234778e+02,1.725254709273455573e-03,3.515413017978813448e-02
1.766154833634999921e+00,3.142431504779000129e+00,2.281908770245999918e+00,1.368161094215975390e+04,3.061372115528885642e-03,3.971741156027438352e-02
1.737752260346000055e+00,3.251370253005000155e+00,2.156539784967999918e+00,1.341204367791313780e+04,8.502390352454092248e-03,1.155580386159317796e-01
1.455103718896999965e+00,2.173059047308000036e+00,1.880369753462999949e+00,1.078036674288824543e+04,9.417388796689412853e-03,3.520845431743877985e+00
2.259880381374999914e+00,4.214365996751999965e+00,4.671922219890000116e-01,1.849150865237002290e+04,1.826699127276439349e-01,1.216225063781789961e+00
2.362010609341000045e+00,5.203169623142000155e+00,6.724628478359999662e-01,1.951215213108954777e+04,2.441489944026948439e-02,7.251360482905231386e+00
2.476536507006000143e+00,3.195252772216000015e+00,1.756525164526999916e+00,2.066577812604111023e+04,2.087114137048424189e-01,1.938075456091906972e+02
6.053795019509999875e-01,4.009487846229999874e-01,4.964232906070000229e-01,3.667963692543733941e+03,5.993506106456361962e-03,2.836424008330148960e-01
1.771944802524000107e+00,2.168586881833999946e+00,1.745934667041000088e+00,1.373666910982789886e+04,3.414158721271908555e-03,4.883083549220339492e-01
1.397770205163000101e+00,6.149717005114999857e+00,1.518947538990000012e+00,1.025897184580083194e+04,2.629320341176298939e-02,6.174999899890039057e-01
1.976628959793000018e+00,8.967123031849999482e-01,1.503546547923999999e+00,1.570487345124536478e+04,3.675392992282253829e-02,2.297401780779130931e+00
1.760751666545000038e+00,5.378605238569999614e+00,4.945247268180000266e-01,1.363026313473248410e+04,3.579071240353802908e-03,7.991906458796857460e-02
1.046151355444000064e+00,3.585914515494999844e+00,1.403817095423999906e+00,7.173109493560555165e+03,3.381084595633698786e-02,2.273067962334917799e-02
2.830838389136999922e+00,1.095125511665999918e+00,2.394768237641000219e+00,2.428996836817982330e+04,1.462755044150654792e-02,6.997237726575944450e-01
3.151881899410000076e-01,1.503588258635000008e+00,1.135445867996000002e+00,1.691364606524265582e+03,7.427847060948889607e-04,6.880160908779195394e-02
2.678917643579999952e-01,4.670762157143999893e+00,2.485719501204000093e+00,1.403066394784159002e+03,4.095159989122843652e-03,1.075952793503750504e-01
2.220028978029000122e+00,1.339434507150000009e+00,2.830300507355000050e+00,1.809542783707784838e+04,8.299286491335239324e-02,2.984941611871987988e+01
2.192800930995999931e+00,4.210628341822999943e+00,1.556272790768999936e+00,1.782553503506477500e+04,3.364938570345308352e-03,9.743362949292760922e-02
2.039991176577999887e+00,3.581192666326999952e+00,1.399995311904000062e+00,1.632224410976201034e+04,5.750876475849030570e-03,3.383143553496954781e-02
6.590781964280000293e-01,3.828036331330999964e+00,1.791618876395999926e+00,4.066997395814712036e+03,1.133179097619364251e-01,3.580318202589414384e-02
1.641290676766000045e+00,2.696696704449999871e+00,2.214680620360999885e+00,1.250318180849522105e+04,2.473539936015549390e-02,1.891438080557016121e+00
1.633359456001000076e+00,2.995302086384000084e+00,6.646455499800000277e-01,1.242892601265955636e+04,6.889723980748419484e-03,3.070852671289201474e-01
2.463069130830000120e+00,3.584028619286999895e+00,2.189998305719000005e+00,2.052963893528186236e+04,1.883767988418535641e-02,3.845013196452490845e-01
