2.227242773876000115e+00,1.291342653207000035e+00,1.861654768023000006e+00,1.816703247457576435e+04,3.541582518379966273e-03,7.554493564347156132e-02
9.730606674499999720e-01,1.250346622989999990e+00,1.579211693703000075e+00,6.559743811909732358e+03,6.069231488884323233e-02,4.011094038358386626e+00
1.566793029842000085e+00,1.355240995103000001e+00,1.390036255010000055e+00,1.180865254819471011e+04,2.202263900055319648e-03,1.004112220968340352e-01
2.797895965597000156e+00,4.667458729154000174e+00,1.425195771355999952e+00,2.394971804536249692e+04,1.830567588394580170e-01,2.539668233182170809e+02
1.889683495649000067e+00,2.084697519636999896e+00,1.171245244562999943e+00,1.486378285408860756e+04,3.489397035941982361e-02,3.416566682431211088e+00
1.378572653111999946e+00,5.037330973675000045e+00,1.256381718542000092e+00,1.008541898047217910e+04,1.462690127680434625e-02,3.441253033269738637e+01
2.720079831462999920e+00,3.915791328651000214e+00,1.863821429963000043e+00,2.314855008093841025e+04,3.003702134912355614e-03,3.058833433494771714e-02
1.736540011395000027e+00,1.308814833309999981e-01,2.293659055868999985e+00,1.340055765452647756e+04,1.886473872261235432e-02,1.405005339001305364e-01
2.757146873282999788e+00,3.261088713498999869e+00,2.827679204599999885e+00,2.352972456705059813e+04,3.632361974368546187e-02,4.639201650901374485e-01
1.481935425379999893e+00,3.611742805731000150e+00,5.083037784699999673e-01,1.102591544971684743e+04,7.252725978552510520e-03,3.103494269000338021e-02
2.661376971361999910e+00,1.366348086903000025e+00,8.056122890389999514e-01,2.254661624328593098e+04,1.456493230873098094e-02,1.499194052079140527e-01
2.580243545055000087e+00,3.352149179482000196e+00,2.579983322998999906e+00,2.171827306144766044e+04,4.749046223905754004e-03,3.312653433683719617e-02
