2.018389850080999803e+00,5.164146909592999712e+00,5.349150574950000125e-01,1.611136413295610510e+04,5.635774723946168629e-01,4.729070016351020200e+01
1.644802806810000129e-01,3.177110023537999872e+00,2.284359528231000080e+00,8.123114697266024677e+02,1.104184861864635110e-02,1.817719172884505732e-03
1.018313347954999948e+00,4.647269979890999991e+00,2.498582930238999911e+00,6.938209352494211998e+03,3.470996675471882398e-02,3.066657946618103647e+00
6.877323745590000481e-01,1.100334648705999951e+00,5.333306860340000233e-01,4.283558250845811017e+03,4.405258461966211903e-02,5.652331413426280093e+00
2.131898147880999961e+00,3.325190515147999903e+00,1.979677806917000016e+00,1.722403254917712547e+04,9.415018053098921785e-03,1.812401678851974784e-01
2.929881256009999824e+00,4.734691090279999903e-01,3.275733035360000045e-01,2.531671665149584078e+04,4.182664508207967202e-02,1.609731211505349979e-01
8.877975690249999552e-01,5.947008920441000157e+00,2.310844748642999935e+00,5.858690750478187510e+03,2.120468620930339165e-01,1.557333876487875024e+00
2.634992542187999831e+00,4.333421803689000207e+00,2.815869870314999801e+00,2.227677707472295515e+04,3.518018558379035904e-02,5.497014907912598503e-01
8.514692819999999463e-04,2.397113636558999783e+00,1.178247786003000064e+00,3.759110385839423252e+00,6.810001726280667472e-06,3.990530420305573887e-07
1.172751929261999893e+00,1.854975611079000108e+00,1.104905322300999915e+00,8.260059869707811231e+03,5.558182202906625236e-01,4.132925083345315898e+02
2.453762513511000165e+00,1.933506406787000031e+00,1.633643392491000101e+00,2.043563386411740430e+04,1.174181822657635599e-02,2.660124708489240319e+00
1.114693131411000016e+00,4.069594108399999577e+00,2.038157836007000068e+00,7.757905963308602622e+03,1.624881064594913341e-02,1.037290627825507017e-01
1.793488958373000042e+00,5.435221383205999679e+00,4.093190778710000255e-01,1.394184837632952258e+04,4.608905743657829568e-01,2.723497632514129663e+01
2.290932653175000056e+00,1.654487032865000096e+00,3.676503128829999856e-01,1.880099343130743728e+04,1.759447307135877242e-02,2.616543613815274671e+00
2.377737319191000065e+00,6.035602691449000190e+00,3.070240521309999804e-01,1.967001009102068929e+04,5.671080227311613153e-02,2.322453572665506005e-01
1.303879787674000035e+00,2.749533867879999871e+00,1.587633578646000077e+00,9.415308701659068902e+03,7.338478832487924791e-03,5.012094279945807918e-01
2.141518329575000212e+00,1.590670837587000008e+00,1.476755085368999909e+00,1.731884174834842270e+04,1.042280726642550240e-02,2.670241151031808036e-01
9.786624044099999364e-02,5.131383352371000406e+00,1.000214655955999898e+00,4.632147759071934274e+02,1.681636952031667978e-02,5.348625440056456348e+00
2.014051319518999961e+00,4.613829634207999852e+00,9.419271221049999587e-01,1.606906021897092978e+04,1.812647057524709171e-02,9.512987250509011838e-01
1.408039710903000064e+00,3.949847111197999805e+00,7.804386132060000536e-01,1.035202711027402802e+04,1.065289543114856033e-02,3.398044631138438798e-01
4.048939651349999780e-01,2.700478368301999943e+00,2.470051620550000049e+00,2.266420458401137694e+03,3.722985261858294259e-02,5.422800076608327302e+00
1.683700734512999952e+00,4.011877632677999905e+00,2.190681706626000036e+00,1.290147856917132412e+04,4.356293311597268618e-03,2.758502432134000287e-02
2.725727488822000222e+00,4.919354904159000341e+00,2.051309153097999882e+00,2.320657303946467073e+04,3.923077387480641137e-02,7.209500044064308000e+00
3.361641586279999760e-01,5.036916627959999726e-01,2.513470526163999796e+00,1.822611148270690364e+03,3.099653338183712328e-03,6.122207904200981099e-02
4.460444796040000104e-01,1.288539787361000055e+00,1.304596652515999988e+00,2.541699471867396824e+03,1.857170194281451692e-02,1.596720049497191818e+00
2.825615520347999787e+00,5.250466761122000392e+00,2.273333761648999918e+00,2.423598083683190998e+04,1.726885531566860199e-01,2.678140673309178510e+01
9.060044406980000131e-01,5.404381384004000033e+00,2.456502578249000202e+00,6.007017507356713395e+03,4.893560829542023538e-03,1.262590617701021545e-01
2.537918043229999920e+00,1.219917394677000111e+00,2.007231967825000130e+00,2.128784904200987876e+04,7.731191549800282663e-03,2.392290815261151615e-01
2.174058341617000067e+00,5.440683623724000384e+00,1.450890631607000048e+00,1.764010051344478416e+04,9.451760538404728809e-03,3.005447122455412234e+00
2.821539511577999981e+00,2.212331095796999936e+00,1.780266180479000093e+00,2.419385918502341156e+04,9.438173134106141171e-02,2.565401310006736821e+02
1.799758071030999940e+00,5.875130365410000444e+00,2.719425094726999781e+00,1.400164460535047328e+04,3.040132511272458041e-03,1.667184537364162569e-02
2.699952190681000008e+00,4.490319681198999824e+00,1.898990798205999919e+00,2.294192197665273125e+04,4.843128413073335276e-02,3.223024005111609114e+01
2.017616772948000126e+00,6.510053597599999575e-01,1.170905543196999909e+00,1.610382481335772536e+04,5.690013913386626591e-03,1.491244581985575746e-01
2.617720561530000101e+00,4.584925078429999967e-01,8.353143928409999530e-01,2.210037337409319662e+04,4.626552903306393148e-03,2.657045149116934665e-02
2.082144706664000200e+00,4.758388218232999733e+00,2.270901013826000181e+00,1.673494865014390598e+04,1.337403913033430140e-02,2.576189607582453078e+00
3.060653618149999922e-01,3.200201832819999925e+00,1.781892466806000108e+00,1.634922035555402317e+03,7.199954665753609089e-03,6.019973170429462200e-02
1.728331970551999941e+00,2.770675194507000061e+00,6.514690080699999664e-01,1.332282879445832077e+04,1.292444039744786721e-01,2.066492904493181015e+00
1.622053680340000081e+00,3.481830906383000190e+00,2.232497943283000108e+00,1.232320372205805688e+04,4.035430974610763194e-02,4.100014698291170490e+00
1.346340214974999894e+00,3.779980143187000152e+00,9.505942424159999904e-01,9.795225981351288283e+03,3.382229402852456740e-03,6.203870263316602768e-02
2.646970042397000178e+00,1.929696676862999949e+00,1.052273034548999897e+00,2.239921873552403122e+04,2.235245482227052327e-02,1.761671303730268257e+00
2.112280444417999892e+00,1.224546365461000041e+00,1.204776606380999926e+00,1.703093626628906713e+04,4.238349978680244247e-03,1.552921929716644667e-01
2.723108169437999937e+00,2.658869374272999853e+00,1.375927959331999961e+00,2.317966022078158130e+04,2.898050761099726230e-02,9.161997763184233534e+00
