1.539471502707999928e+00,3.569199416816000170e+00,2.248676169274999914e+00,1.155563543946584650e+04,2.078707921822687821e-01,1.286946106404286638e+00
2.917829882619999982e+00,2.245583192723000110e+00,1.890911357620000122e-01,2.519148660780105638e+04,6.529446304504213025e-03,6.340741632321199306e-02
2.925001392016000068e+00,3.757095168164000132e+00,1.650852364983000031e+00,2.526599849830540188e+04,3.979716618712084153e-02,6.502438441070803599e+00
2.372223751357000143e+00,5.547380546876000018e+00,2.860835756389000117e+00,1.961464666062791730e+04,1.318897519747390668e-01,7.852765167008877167e-01
2.097864018050000112e+00,4.827784828498000280e+00,1.959191389661999905e+00,1.688924382503854940e+04,4.597910402160456170e-03,3.208756518380503353e-01
4.500751947889999882e-01,1.831749453458999977e+00,2.455621652854000025e+00,2.569030027386335405e+03,2.518351002554839943e-02,6.639569256423522026e-02
2.788377119096999923e+00,2.912301703677000031e+00,8.647535122220000314e-01,2.385152043459205015e+04,9.061977249905593668e-02,1.526221498043510039e+00
2.563127449395000035e+00,5.083489672107999624e+00,1.982634448695000051e+00,2.154406999771986739e+04,5.469909524264683354e-01,3.383697368493061504e+02
1.920524301746000084e+00,3.004862820426999814e+00,3.097080024522000041e+00,1.516130602827144685e+04,1.051011274818378603e-02,3.891942588058209807e-01
1.282056129919000087e+00,2.286500204574999806e+00,1.793163268919000020e+00,9.221114263892552117e+03,1.006089449060768026e-02,1.748278294149591405e-01
2.478820172092000007e+00,1.169515167300000033e-02,1.592048139789999928e+00,2.068887573781162791e+04,8.043204900523885925e-01,2.327940583088077275e+01
1.565613140018000005e+00,3.839153497641000001e+00,1.921051058234999998e+00,1.179770672746724813e+04,1.897633980077175625e-02,1.390447582946681360e+00
2.765462544956000190e+00,7.826843713690000426e-01,1.554581203124999922e+00,2.361535202048860447e+04,1.300913641178971271e-02,1.124895142776349166e+00
1.701748507854000003e+00,4.967372949814000016e+00,1.752486678806000064e+00,1.307159539262870385e+04,1.780497067275869580e-02,3.775520806136880569e+00
1.233007944874999984e+00,1.924022314452999982e+00,1.423783268625999909e+00,8.787420675795528950e+03,1.160119980810617873e-01,6.085678557118707488e+01
