2.020439275625999898e+00,6.042240435444999669e+00,4.570686276600000042e-01,1.613135344919977615e+04,1.259521916924642160e-01,3.548931843587070745e+01
2.170476655298000157e+00,4.712217080341999598e+00,1.630005972528000058e+00,1.760469678842950088e+04,1.563882399313328286e-01,4.584169034428422833e+02
2.133378690479999840e+00,6.241068385301000276e+00,7.847176096110000110e-01,1.723861861187519389e+04,3.036381184755528040e-03,2.806080317682955322e-02
2.749424669135000165e+00,1.602437026739000014e+00,2.391013874928999972e+00,2.345024543720086876e+04,2.182816741056592125e-01,1.743958625781603757e+02
1.427048451949999963e+00,7.352891353099999527e-02,1.183525845354000072e+00,1.052466170509746007e+04,3.494756866527316125e-02,9.552294048991784692e+00
8.957561866659999872e-01,1.182523017997000103e+00,6.738035700340000433e-01,5.923433166389676444e+03,5.371621251666456806e-03,1.024511883609589002e-01
2.254562250712000004e+00,5.285298537696999865e+00,1.116936775250999991e+00,1.843857999306899728e+04,4.003157327145030059e-02,1.339761338457058315e+01
1.489505360049000027e+00,1.343782157910000108e-01,1.196574902735999979e+00,1.109536427757396086e+04,1.612501036407449012e-03,3.527580786115378647e-02
1.684139099734000000e+00,4.659496389946999884e+00,1.144594399727999923e+00,1.290560622368431359e+04,1.744694131089292721e-01,2.594273206653519424e+02
2.260588167275999982e+00,9.283591080890000180e-01,2.419643197559999959e-01,1.849855454745718089e+04,7.046887340363683361e-02,1.054280245801458804e+01
1.843259471934000082e+00,4.980147815229999941e-01,1.026504605911999990e+00,1.441768615250243056e+04,4.153731515188414936e-02,3.012099326503685148e+01
2.121571873758000049e+00,6.166447147173999888e+00,1.181247220993999925e+00,1.712235098319678946e+04,1.356624658868915700e-02,2.333164428836361104e+00
1.607634057732999944e+00,3.343722438546000042e+00,1.650049979120999932e+00,1.218858291943790573e+04,1.931727837798649650e-02,2.546083320916275206e+00
2.961160817846999915e+00,1.112166656330999981e+00,7.245917637209999818e-01,2.564213018091144113e+04,8.196600538211487597e-03,1.070736176369482817e-01
