1.918470786415999996e+00,2.980391369828999881e+00,6.248355238510000520e-01,1.514146713574477508e+04,7.556703521951856073e-02,2.254769999797989755e-01
1.001230136847000018e+00,5.104794842898000340e+00,1.781098095079999943e+00,6.794836191170767052e+03,1.214309540334168429e-02,2.554140073492163321e+00
2.549279881908999901e+00,1.847860202830000076e-01,1.761430126170000054e+00,2.140327499271382112e+04,1.748646574395651687e-01,2.491751049671049714e+02
2.143604784344999903e+00,3.622563703868999951e+00,2.271595758995999859e+00,1.733941445500488408e+04,7.797123992474289111e-02,2.705773299876043581e+01
1.390385602033000101e+00,5.278910737596000047e+00,1.635609012683999941e+00,1.019214999598612667e+04,1.124507857249074615e-02,4.942448171078105190e+00
2.826162176820000038e+00,3.037316664661000143e+00,2.021909743164000073e+00,2.424163074681728540e+04,2.442678585382847267e-02,4.701249083366693782e+00
2.444400386023999783e+00,4.859936405285999683e+00,2.155154476648000195e+00,2.034112927778947414e+04,6.649379966006500886e-02,1.786479556923065459e+01
1.708873941563000098e+00,1.383399395450000124e-01,2.011146863188999934e+00,1.313885937749092955e+04,1.835226877079754737e-01,5.846487747920712685e+00
2.631051005270999887e+00,1.716649517563999972e+00,1.805032624489999904e+00,2.223650418326481667e+04,4.717746518412311435e-03,1.872408138156410828e+00
1.663129187873999992e+00,5.933384747489999889e+00,1.749526040499999935e+00,1.270802184873164333e+04,5.460444162902800685e-02,8.344815765390137585e+01
2.250641095774000178e+00,5.460569410137999569e+00,1.724119274406000102e+00,1.839956885834828427e+04,8.232943800190007516e-03,3.133918264239501372e-01
8.897518791280000228e-01,2.569719805276999836e+00,2.590929963540000158e-01,5.874575167291336584e+03,3.650154539335396381e-02,2.959842993968944333e-02
2.687856259459000086e+00,6.065471072881999604e+00,2.845919854273000205e+00,2.281786702074948334e+04,8.871479037739828447e-03,2.178863538202764905e-01
