2.447117163625999847e+00,2.388805187555000042e+00,1.254167528898999961e+00,2.036854704231738287e+04,8.528976598981592716e-02,1.240954699440520237e+01
2.550007493532000069e+00,2.366718823945999972e+00,3.080485317050000171e-01,2.141066980251051427e+04,3.115418229178223974e-02,3.315541489077848958e+00
2.076117540265999928e+00,4.119042150022999671e+00,2.132407088388999838e+00,1.667584463108631462e+04,6.666455139097717808e-01,2.288110382746976157e+01
2.536176352328999961e+00,1.345463501518999960e+00,1.796660285128999890e+00,2.127016268449370182e+04,1.034742818907326140e-01,6.546654323724732194e+01
2.153541325351000069e+00,5.591531417651999902e+00,7.802107267150000247e-01,1.743743964708740168e+04,5.225485061102493056e-02,2.240461158069379977e+01
8.139983565409999455e-01,5.762290974455000381e+00,1.548152827987999913e+00,5.265571417746339648e+03,5.465346734851658957e-03,1.096744787342663341e-01
2.805923655900000036e+00,1.224360103785999909e+00,1.231754887039000046e+00,2.403257436565554235e+04,1.933051229371746393e-01,9.136809299998287770e+01
2.530527987594000106e+00,3.413442191200000142e+00,2.785933204656000139e+00,2.121281922113450128e+04,4.142034667335550147e-01,1.479421904095552343e+01
1.173469520368999985e+00,2.811399652666000115e+00,1.380465470302000064e+00,8.266303756424393214e+03,9.856805296029613750e-02,3.342211388492975832e+00
2.476142199621000017e+00,2.623669909625999885e+00,1.381026027387000088e+00,2.066179035874543115e+04,6.531389643409667850e-03,7.933800227693685869e-01
2.631975268880000218e+00,5.407419151250000056e+00,1.061739989637999981e+00,2.224594701063907632e+04,5.890078220841515194e-03,2.019443238251807493e+00
1.770452470618000040e+00,1.596144620840000083e+00,8.089098344459999534e-01,1.372247477303690357e+04,2.999603609236457802e-02,7.837871461448928656e-01
2.828380799470000095e+00,6.259837572424999941e+00,2.061495293300999787e+00,2.426456287634937325e+04,5.176706588176795826e-02,1.677912073567783935e+00
2.891496485160000018e-01,3.596652822808000138e+00,2.385100212704000189e+00,1.531310426810733134e+03,1.084112481401924011e-01,1.907443578252877359e+00
2.877134422056999874e+00,4.792967608639999710e+00,9.874114720379999488e-01,2.476920973722706913e+04,6.206694697020317258e-02,4.515840158105693547e+01
1.019768474758999899e+00,2.636173615680000193e+00,1.358659564901999905e+00,6.950449258233417822e+03,1.607246812722343543e-01,6.146556858831200287e-01
2.703539757194000082e+00,7.937907698989999927e-01,2.338951087679999874e-01,2.297873323050721228e+04,6.215568932275435977e-03,5.175978825547779966e-02
1.575965557466000089e+00,1.140816435130000001e-01,2.621168386338999845e+00,1.189380446029967788e+04,4.584412839837657266e-03,4.841717804642362011e-02
1.721854838272000032e+00,1.320388348600000095e-01,7.406626979539999711e-01,1.326154333928318556e+04,9.547054255629094932e-02,1.850807541443784032e+01
2.191986570239000010e+00,4.366729259493999926e+00,2.827445613361000198e+00,1.781747202639190800e+04,1.549737249248195614e-01,1.519792363246261324e+01
1.365104792954999979e+00,3.252409722024999894e+00,1.994003231465999892e+00,9.963981342325005244e+03,1.431566103728756922e-02,8.556656093484741321e-01
1.974078017579999900e-01,9.460612124700000514e-02,1.848262981239999991e+00,9.942285979446317015e+02,6.549845914373188249e-02,2.990325413883908379e+00
1.556206656005999944e+00,2.019160139389000186e+00,1.058469995709999889e+00,1.171050458548305869e+04,7.937438442553297613e-03,1.117222804800866776e+01
1.243320149847999989e+00,5.771942633302000303e+00,4.308375459830000032e-01,8.878280809024519840e+03,2.539306736774293513e-02,2.066397950366983260e-01
2.873482729302000216e+00,6.367698178930000230e-01,3.364915416909999846e-01,2.473136385273969790e+04,2.082726215810251982e-02,2.727505860401518767e+00
2.056007080404000043e+00,5.757806393645999776e+00,2.164337051193999883e+00,1.647886459136099074e+04,1.568487918807847520e-02,9.085359003497273100e-01
1.864772510926000049e+00,6.265990364620999564e+00,1.071579808662000088e+00,1.462414270989300712e+04,1.530149775353585595e-01,2.707515850428325432e+00
1.826151113382000091e+00,4.928297851474000346e+00,1.219522895422999964e+00,1.425383327311279209e+04,1.439395930260702894e-01,1.766644620354881852e+02
2.535212620060999900e+00,3.935943668829000153e+00,1.395827664722000039e+00,2.126037714221393981e+04,4.943446655339594868e-03,5.839743410488087982e-02
2.446849689508999948e+00,3.926323689251999927e+00,1.957977816265999982e+00,2.036584745883823052e+04,5.362476869509255097e-03,1.779604552663356931e-01
1.693802637646999898e+00,1.488927226026000028e+00,1.442905535096000058e+00,1.299665325441317873e+04,1.659998661074794284e-03,2.084868977239826004e-01
9.777640084319999536e-01,1.051543222038999970e+00,5.598698357950000482e-01,6.598879974683243745e+03,8.712116677536536208e-03,7.797464046152076389e-02
1.673576134845000007e+00,4.912851368652000339e+00,1.608456855450999923e+00,1.280620570831062832e+04,4.999231756009556160e-01,2.178542652300925919e+00
2.108708248644000083e+00,2.772918076423999789e+00,2.947434706753000011e+00,1.699581030393463516e+04,2.240408364460067751e-03,1.819893732627440863e-02
9.287379632999999413e-02,3.141038253906999866e+00,2.355123280269999952e+00,4.381150457421787792e+02,6.003472133159197142e-04,2.789609316065479096e-03
2.628587227434000084e+00,6.118949848508999700e+00,2.152814823476000061e+00,2.221133543418004410e+04,1.042618808202321404e-02,1.976553913794929507e-01
2.217779770429999964e+00,5.078754239731999576e+00,8.134080875879999839e-01,1.807311050956882900e+04,3.088455371952966710e-01,1.246705983307543875e+01
