1.941126561819999985e+00,4.874699143780000243e-01,1.552522623231000098e+00,1.536056578200202785e+04,8.472293289035649766e-02,2.060424679719691232e-01
2.216660270399999910e-01,5.100527871131999902e+00,1.761325879886999957e+00,1.132017301559705402e+03,7.196150720550758282e-04,7.189014821877470242e-03
1.843548913255000032e+00,2.446698646776999997e+00,1.802821769746999925e+00,1.442046078427264729e+04,1.284722327818258424e-02,2.488744490092906148e+01
2.286711739613000116e+00,2.713557103857000108e+00,2.703099768973999950e+00,1.875888179879889867e+04,6.803209984313571268e-02,6.289058368994106019e+01
2.457646676510000017e+00,6.223710211505999901e+00,1.456710022423999940e+00,2.047485999158754203e+04,1.152078597163410517e-01,3.698526654099116229e+01
2.639983134916000118e+00,5.063152473798999686e+00,1.121899256500999975e+00,2.232778299460869312e+04,6.249338584911230676e-02,8.886916194258121493e+01
2.902020251545000207e+00,8.239886189080000145e-01,2.173210489327999984e+00,2.502732665964126863e+04,1.953287462718020229e-01,1.694358190358240108e+02
1.837441895775999923e+00,2.347753724717000168e+00,1.547387621094999943e+00,1.436193585172889652e+04,1.714707764957568202e-03,8.016002900090250793e-02
3.413363049279999895e-01,2.302787566275999787e+00,1.093446284080999975e+00,1.855283316676267305e+03,4.737383035674563522e-03,3.935891703310820389e-02
1.059109021787999927e+00,1.364281291588000045e+00,4.506540224639999925e-01,7.282972234910039333e+03,8.858922238998901966e-01,6.263880715148989253e+01
2.239399747868000112e+00,5.023606017820000380e-01,1.816585996711999940e+00,1.828779668900608158e+04,6.003974095646047449e-02,1.043665615459438145e-01
1.863458805700999976e+00,3.874268187456999968e+00,1.163875515071000066e+00,1.461152207769348570e+04,2.409258292519124087e-02,3.817917898032805013e+00
6.191896192760000250e-01,1.578426422604999990e+00,1.061345816038000045e+00,3.769714688220886728e+03,1.350314574010872196e-02,2.057899651510591621e+00
