1.575635448107000069e+00,1.228829522886000003e+00,5.677501645910000283e-01,1.189073814120976203e+04,1.326148806652942443e-02,7.681999157108754250e-01
2.589907449287999874e+00,2.135771360355999793e+00,7.156393547249999543e-01,2.181671474533018772e+04,4.255214663247092882e-03,8.346842766355282162e-02
2.176754997694999805e+00,4.869955486361000396e+00,2.347822836570999883e+00,1.766676294414793301e+04,6.398775648090761214e-02,1.748044137200741943e+01
2.585981014455000171e+00,2.839073197048000097e+00,1.010191404651000102e+00,2.177671061106093475e+04,3.211388922056331724e-02,2.849349232319150715e+00
1.209643917471000085e+00,6.006136047442000248e+00,8.316325865429999853e-01,8.582211236016588373e+03,8.988850664421017822e-03,3.441513291743489855e-01
2.683614556912000015e+00,2.487545391723000154e+00,2.869660437600000114e-01,2.277438599207459993e+04,2.305558409952409571e-01,4.088283504597300499e+00
2.491196778086000041e+00,3.920892522412000147e+00,6.851891887790000357e-01,2.081411869472470062e+04,1.051977736526000726e-02,1.388699571790664722e-01
2.261681478388999800e+00,5.268404339567999806e+00,7.789744951079999868e-01,1.850943904989058501e+04,5.002795222844336198e-02,2.921784494245169839e+01
1.485003996419999917e+00,3.113481423509000034e+00,1.960031734898999956e+00,1.105405832839846698e+04,4.104202332447533241e-02,1.836364220696738325e+00
1.613321378686999985e+00,5.475016515920000382e-01,2.527906915207999816e+00,1.224164988168305172e+04,2.165054890708614788e-01,4.300291891965887237e-01
5.030994834359999723e-01,4.073860703909000236e+00,2.252310340305000214e+00,2.934413278565950350e+03,4.982675177144296405e-03,1.163965669917021578e-01
1.797390060849999971e+00,4.813248909050000357e+00,1.619436456345999975e+00,1.397905317394474878e+04,1.196378525926476422e-01,2.264815539725846634e+02
1.745360403752999945e+00,5.643189733328999758e+00,1.561594955859999967e+00,1.348416699203979988e+04,4.247905208045080032e-03,4.987354055869031716e-02
1.656010644628999939e+00,4.588505675963999941e+00,2.315015039573999900e+00,1.264119107689239900e+04,4.354016110886443219e-02,1.158292605325979885e+01
