2.483943744014999844e+00,3.161306908050000031e-01,2.306869136468999937e+00,2.074071004945767709e+04,6.424674112051531605e-01,1.423804011855060558e+00
2.846472645416000091e+00,2.662361088819999999e-01,1.984719077347000038e+00,2.445167072974450639e+04,2.746692913259153879e-01,4.211043429948179551e+01
1.908704404740000082e-01,4.744726198341999712e+00,1.051471423666000105e+00,9.576367470497455088e+02,3.714803848160536841e-04,2.843053570250089670e-03
2.738932980453999910e+00,8.252418656600000180e-01,1.422659741124000066e+00,2.334231980192328774e+04,9.525850064829716191e-01,4.953232840009786919e+00
2.852197771580999852e+00,2.645494188179999817e-01,1.793090424140000083e+00,2.451092012396982318e+04,8.382410583004391152e-03,1.083850680251932097e-01
1.088285857834000003e+00,2.544856641960000054e+00,2.926549894469999913e+00,7.531541768768546717e+03,1.276147070814706748e-02,2.195760687299922465e-01
1.750440889155000068e+00,5.596250348226999627e+00,2.511406595705000022e+00,1.353236356375464311e+04,9.056048566630417853e-04,1.066706470719526109e-02
2.673562739550999989e+00,5.421310398304999723e+00,1.309686856709000091e+00,2.267139125750092353e+04,1.415175933645085316e-02,5.019956626345550843e-01
2.944733868786999942e+00,1.544360146212000018e+00,2.120300677328999850e+00,2.547116666419481771e+04,8.169823285540581126e-02,1.835339125995478771e+00
9.677361979130000291e-01,7.642848446350000158e-01,1.841399487566000026e+00,6.515496188923570116e+03,1.264865361002769344e-03,5.642716917896218980e-03
2.059443255441999909e+00,5.399676056790000400e-01,1.158102234485999915e+00,1.651249656967591363e+04,1.221783328053788753e-01,4.194344151523877740e-01
