8.875659998739999779e-01,5.331664471696000440e+00,1.449277660798999889e+00,5.856809173242425459e+03,1.047283430636555259e-03,8.972628424875783715e-03
7.169885496710000083e-01,4.446555423893999937e+00,1.724775805621000080e+00,4.507162310541042643e+03,1.387798543408571422e-02,1.022178169515097323e+00
2.593582398607999995e+00,2.612694657357999883e+00,8.240711085869999453e-01,2.185416576587843156e+04,1.696245406551378787e-01,1.118163835409709037e+02
2.630027830497000174e+00,4.692316798800000299e-02,2.513982350656000175e+00,2.222605145828523382e+04,1.265367896979325245e-02,2.408587757020442255e-01
8.674809317510000506e-01,8.023082610139999904e-01,2.367939226257000040e+00,5.694091834221258978e+03,1.652396954448859950e-02,1.005851917429241293e+00
1.818747351534000023e+00,5.592691226251999659e+00,1.902641878609999893e+00,1.418301716510833103e+04,1.003016789227354974e-02,4.201351747449001417e-01
2.637767396029000011e+00,3.860583353247000193e+00,1.422037644445999893e+00,2.230513526602075945e+04,1.290430014140227510e-01,7.485420398878651627e-01
2.107702453532000142e+00,3.381596099114999809e+00,1.970563112311999987e+00,1.698592211859356030e+04,2.590465170234451230e-03,2.136411145713231277e-02
1.877847709482999949e+00,5.553042949057999778e+00,1.733880773702999978e+00,1.474984803470362203e+04,3.776069990916666036e-02,1.019359130956114257e+02
1.835763293432000065e+00,5.538693316498999764e+00,2.479693830686000133e+00,1.434585603347165488e+04,5.313074386877802459e-03,5.067759228798007776e-02
1.869195472284999937e+00,7.435492812620000391e-01,2.714210852326000012e+00,1.466664624607921178e+04,1.906456830491580490e-02,1.724184018884875602e+00
1.685176916460999985e+00,2.499402823360000081e+00,6.905157915480000241e-01,1.291537918878824166e+04,4.489841756435560514e-03,5.594602879908480708e-02
1.897671428902000024e+00,4.117764606167000352e+00,1.231403557356000045e+00,1.494075452165439128e+04,8.935971671014441009e-01,5.308675990053534122e+01
1.350040072787999978e+00,5.869236546350999895e+00,1.926739000021999937e+00,9.828458820125557395e+03,3.332913123501693529e-03,1.035357842292172093e+00
1.200302650640999946e+00,5.395328843719999767e+00,2.261163779897000126e+00,8.500421191985253245e+03,1.761344270926527844e-02,3.273664944261027721e+00
1.359304579875000085e+00,5.554074004051999580e+00,2.115263858559000010e+00,9.911763065258546703e+03,1.881266083627684479e-02,9.511462103936077384e+00
1.422185105302000041e+00,2.802405772286999941e+00,8.857868093080000227e-01,1.048044558900158881e+04,1.193324093735582091e-02,1.812669856068371277e-01
2.449672522335000213e+00,3.671548438412000070e+00,1.042042090165000046e+00,2.039434049757118191e+04,3.917774586222833033e-03,2.007163195211220802e-02
5.585512499920000096e-01,3.892562463509999793e-01,2.282881212533999893e+00,3.327621030092387628e+03,7.866335600609059356e-03,2.984164540049799672e-03
2.507633659540000171e+00,5.731640213657000160e+00,2.104736535258000085e+00,2.098061141043453608e+04,3.072219631407046569e-01,4.487077148620737148e+02
2.339465346559999936e+00,2.612872901739999865e+00,1.046046711597000023e+00,1.928617006174386552e+04,6.957222590784763183e-02,1.412638874239498854e+00
2.209830136538999845e+00,1.085084639460000000e-01,1.943826021165999896e+00,1.799426415006593015e+04,2.072326154612645806e-03,5.825329668389604698e-02
1.685761296474000082e+00,3.202792681964000021e+00,2.663908758069999827e+00,1.292088274295364499e+04,3.981883232387466338e-03,8.949363388892500604e-02
2.969660531360000189e+00,2.732883797587999819e+00,2.119413323069999855e+00,2.573064927829485896e+04,1.455136024136021757e-02,6.610538143901300012e-01
1.149710766384999916e+00,1.659949186905000040e+00,2.452738446160000141e+00,8.060054547054463001e+03,5.525657043313496608e-01,4.965653192257722992e+01
1.125113580864000040e+00,2.135288976649999948e-01,1.627647880452000040e+00,7.847585877134412840e+03,3.112488291732246753e-02,5.270328858629969027e+00
2.752091085592000219e+00,4.468994897526999743e+00,2.685715645735000212e+00,2.347768488609248016e+04,9.552679625128665530e-03,8.116174950212459716e-02
1.197653838167999973e+00,2.956753159559999955e-01,2.313787307349000066e+00,8.477255647954732922e+03,3.860493244496860255e-03,5.541336874608929902e-02
2.596476475665999928e+00,6.031860850225999826e+00,2.092421502162999936e+00,2.188366519845061703e+04,4.080120214289205127e-01,2.097294474970211695e+02
2.221917272670000110e-01,4.712986083229999679e+00,1.667738232258999975e+00,1.135037882179189864e+03,4.837118083506920514e-04,1.386665648672868924e-03
1.743944306433999891e+00,3.519744590141999918e+00,1.700755344830999993e+00,1.347073799550690637e+04,5.847584799125515875e-02,1.685286434180000015e+01
1.146136884938000033e+00,1.627882499137000005e+00,1.259152873589000077e+00,8.029116135635619685e+03,2.301898130390277707e-03,3.723700124860752220e-02
2.133534758145999799e+00,1.802965688845999948e+00,1.518433835223000017e+00,1.724015627189718725e+04,4.902857013480938636e-03,1.463704878087400962e-01
2.386494166547000084e+00,1.036058166806000047e+00,2.796229469010000024e+00,1.975798581184179056e+04,2.601715816356070174e-02,1.476731345753053981e-01
2.907807094737000053e+00,3.739011618728000030e+00,2.921600470296000118e+00,2.508739827070463434e+04,1.375420276734338164e-03,5.441215009819111784e-03
1.538123045220000096e+00,5.430979955630999889e+00,1.806686207132000010e+00,1.154317197189521539e+04,1.052997474032759621e-03,1.320470239792471447e-02
3.597965970759999799e-01,2.821285687980000234e-01,2.085693854331999830e+00,1.972877666400460612e+03,5.536547451400696505e-03,1.825405340450852176e-01
6.560741754100000156e-01,1.877776268631000001e+00,1.763107550935000045e+00,4.044437187099935272e+03,1.331226794643008103e-02,1.860443081589815506e+01
1.629791387780999967e+00,4.593362087781000191e+00,1.186433156464999916e+00,1.239554412767975555e+04,1.639241236449286501e-02,5.453264429414169001e+00
1.315080161772999912e+00,3.215906192732000068e+00,2.164988778077999942e+00,9.515259321859190095e+03,4.435644014983118610e-02,1.431374689987824800e+00
1.396146186021999913e+00,5.932975563809000263e+00,8.418425697039999545e-01,1.024426975706748090e+04,1.172177061229154327e-02,1.634808684633489717e+00
2.516605254487000121e+00,3.394594230405000079e+00,2.870682270034000005e+00,2.107156433571375965e+04,1.168818751007412622e-02,1.350532489835330474e-01
2.915671078647999792e+00,9.247953839960000311e-01,3.249312382299999746e-01,2.516906230101030815e+04,3.554546118858199072e-02,5.298244540107731604e-01
2.970771283373999871e+00,7.595099329979999592e-01,6.262453238390000010e-01,2.574221997899256894e+04,3.707511693723223312e-01,2.251865402057086669e+02
