5.678344430470000370e-01,4.001457471701000301e+00,2.703310548455000184e+00,3.394503479914567833e+03,1.685038010304332895e-02,1.628076931911263348e+00
5.177212995490000358e-01,4.739270513450000166e+00,2.234711291841000147e+00,3.037025900030730099e+03,1.472741435714930566e-03,1.115443044373580772e-01
1.174062942141999910e+00,2.411409408337000126e+00,2.580150496956000072e+00,8.271467900550505874e+03,9.354294888635993066e-02,1.685657472973597137e+00
2.962649624682999860e+00,2.121849005676999855e+00,1.517785736078999914e+00,2.565763228992632867e+04,3.283735640192991800e-02,2.339969311713062794e+01
2.519129005046000014e+00,2.649567099860000163e-01,2.142400296891000089e+00,2.109715965067689103e+04,6.799645109812411936e-02,4.035942525272758097e+00
1.349916005782000106e+00,2.265087903392000168e+00,2.623590165996000145e+00,9.827344097930397766e+03,4.926739691975010743e-02,1.534231621711261262e+01
1.958788268209000094e+00,4.689028530714000276e+00,1.536852331643999925e+00,1.553170460708675455e+04,1.214511380442212692e-02,3.544108868615464036e+00
1.664325294378000031e+00,4.018116754199999724e-02,1.917789135265000056e+00,1.271925692564962628e+04,4.314240558699271033e-01,2.561311489159145438e+01
1.981672344513000006e+00,3.974004666627000137e+00,2.026004769351999801e+00,1.575387995775517265e+04,9.887063458326372789e-02,3.324310397778847292e+00
1.899986494121000069e+00,4.425526954880000252e-01,1.564704355609999986e+00,1.496307407950580637e+04,1.323682370225968269e-02,4.099694641114810106e-02
1.952435363913999966e+00,1.140011191399999957e+00,1.215986747069000007e+00,1.547011236878698219e+04,3.265891009346618464e-03,1.508640452026398238e-01
2.333672531149999951e+00,1.330621159774000084e+00,1.076196462616999971e+00,1.922816678005870926e+04,5.661541528737721318e-01,1.898705294345987582e+01
1.144075017667999905e+00,2.561248775745000206e+00,2.381790017180999808e+00,8.011277316101213728e+03,5.652438362140820016e-02,3.056661512927109214e+01
6.664508469190000284e-01,6.070013653303999668e+00,1.133886789681000096e+00,4.122482372347589262e+03,9.145630477450156226e-01,3.852901488558748255e+00
2.577665058635000062e+00,2.766542120953999984e+00,7.947226715159999566e-01,2.169201757086069119e+04,1.407695244184271367e-02,5.111149486989726709e-01
7.987952441519999836e-01,6.070107540433999915e+00,1.450425752289999926e+00,5.145066151498263025e+03,3.425975446088358467e-01,4.791854275809207309e+01
2.900650222986000060e+00,6.057829954632000025e+00,2.268666147604999850e+00,2.501310753829984606e+04,2.249407649953408528e-01,8.925095327648646659e+00
