1.350936003444999978e+00,1.121295071143999955e+00,1.582973230843000012e+00,9.836509289145877119e+03,8.715605355517179742e-01,2.949537923666166606e+01
2.522556559870000048e-01,3.510482718290000026e+00,1.205248808246000003e+00,1.310165124611144620e+03,1.522331931210326545e-03,2.212482534969106157e-02
2.960456098007000048e+00,3.214039831996000185e+00,1.852417532378999976e+00,2.563479275407079331e+04,1.042250309006849743e-02,7.783277794634489988e-01
1.913113768409000048e+00,5.799102862574000206e+00,1.464014398600000044e+00,1.508973233704404811e+04,6.660883896893173839e-01,1.546829580999100529e+02
1.071252228177000054e+00,5.392834064127000282e+00,1.529465509972000037e+00,7.386226527349008393e+03,4.036972101712294619e-03,3.293522878102776996e-01
2.082018108396999967e+00,3.234681214794000059e+00,1.485143800107999956e+00,1.673370687032179194e+04,1.855185558817650307e-02,2.487568038986026075e-01
2.476234213390000161e+00,2.464443375220000121e-01,1.696334921680999974e+00,2.066272091626988549e+04,1.180509587409216479e-02,7.961072505243491082e-02
2.338650034266000155e+00,4.951346839836999969e+00,1.675718374182999959e+00,1.927800485278186898e+04,5.681866140513420343e-02,1.049659824344085335e+00
2.256536205246999938e+00,5.310217341726000129e+00,2.006087982033000205e+00,1.845822318982789875e+04,3.931422516793785238e-03,8.082050884790428769e-02
2.818280434336000173e+00,1.025440290461000048e+00,1.957977816265999982e+00,2.416018673130277966e+04,4.728766252131865605e-02,7.641276730816780605e-01
1.951635829230000119e-01,3.178126979447999823e+00,2.206274852479999993e+00,9.816407704086963122e+02,8.434667378820331083e-04,1.795190840450672058e-03
2.013783421270999963e+00,1.292599861368999958e+00,1.709995878982000006e+00,1.606644856655156946e+04,1.640561923756834323e-02,3.181667675421314123e-01
