6.587821892899999865e-01,4.540488217061000142e+00,2.391389945667000028e+00,4.064773158337282439e+03,2.096255572711506251e-03,1.268848487517122529e-02
1.598038607964000102e+00,3.565684021756999833e+00,1.615848200097000031e+00,1.209913799126755839e+04,4.349422157842474101e-01,5.272710371255274708e+01
1.971363795180999912e+00,5.442005955915999671e+00,1.803220755532999986e+00,1.565373696186646703e+04,8.349426141887900110e-02,2.726182151735676573e+00
2.214832146003999913e+00,1.236825899474000012e+00,8.141658229799999535e-01,1.804386938149194975e+04,5.770064384900688848e-02,1.614421276729183674e+00
4.833106593550000052e-01,5.606718027501999657e+00,6.403045562210000208e-01,2.796799492435982302e+03,9.804678449864723255e-02,5.953201780654804764e+00
2.467536773900000036e+00,1.578105751669999890e+00,2.892813512946999843e+00,2.057478754082433079e+04,4.299115920230655447e-02,4.901594902814955468e+00
1.824209257651000060e+00,5.101725676720000324e-01,1.020593414975000002e+00,1.423525423022104951e+04,1.451906588347601310e-03,5.937532338943171846e-03
2.891033364682999984e+00,2.398003174334999876e+00,1.797407791332999993e+00,2.491332687256228746e+04,4.564362475247937256e-01,9.339678095873479435e+01
2.151033394580999847e+00,1.634042001772000097e+00,1.682458664172000073e+00,1.741269087568332179e+04,4.478562220534911681e-02,9.647249317020499149e+00
2.933558722673999863e+00,3.158619064897000062e+00,3.027938256380000026e-01,2.535494663480776217e+04,1.682979993047304529e-02,1.355176413212565656e+00
2.303312136214000105e+00,1.452033572249999960e+00,2.662224773428000013e+00,1.892458074059014689e+04,1.809084739394108956e-03,9.693499122992181583e-02
2.773499767335999788e+00,2.995443783260999915e+00,1.335491703445000011e+00,2.369815170445334297e+04,1.605611678943280954e-02,2.843474671021097411e+00
2.094822383454999937e+00,3.625953743235999838e+00,1.264280008514000020e+00,1.685937166012170564e+04,1.025753276063434173e-02,3.107056504663593954e-02
9.634611396529999539e-01,5.742559449803000149e+00,1.974184308401000010e+00,6.480013387576643254e+03,2.781596140967249921e-03,2.870921740280313883e-01
6.355805137300000185e-01,6.191893322259000243e+00,9.063941874640000229e-01,3.891271221826975761e+03,6.333374111123292764e-04,3.384215025798741495e-03
1.606353194510999893e+00,6.308830510780000234e-01,1.084502504015999902e+00,1.217663683916954142e+04,2.332336912993098268e-02,1.672784203647496915e+00
1.995168619430000012e+00,2.086650528753000167e+00,2.183351127048000162e+00,1.588513798740386846e+04,9.243413116080902159e-02,2.162644075099879615e+01
1.369377724206999991e+00,1.574653794035000054e+00,1.674686046993000055e+00,1.000248119252688957e+04,2.365858912371665828e-03,3.901203328363225115e-02
2.499978233867000021e+00,2.286133299978999833e+00,2.083990638512999816e+00,2.090304497207047098e+04,1.531604258266768340e-02,1.901767188563443067e+00
2.740880198285000180e+00,2.066716033106999806e+00,1.610627432607999898e+00,2.336234534559422900e+04,3.371855252511169083e-03,2.044743125327270206e-01
2.613735095562999877e+00,5.842439257979999967e-01,2.707947552903999799e+00,2.205969589946322594e+04,4.534052078592630021e-03,4.088061380057946698e-02
6.045262731589999827e-01,4.650772026739000253e+00,2.707441442842999813e+00,3.661697462157842438e+03,1.565348842169294848e-03,1.628858493493536008e-02
1.078684398554000001e+00,7.507523517919999501e-01,1.993972138423999896e+00,7.449562860528994861e+03,2.723638170188098003e-03,2.118288592123586042e-02
1.937363136060000102e+00,4.149584868752000055e+00,1.256710243044999897e+00,1.532413681141527559e+04,4.859048424881785566e-01,2.216588378930543684e+02
1.976066717658000016e+00,2.475168944896999790e+00,7.157355282170000388e-01,1.569941160454026976e+04,1.326290658646595878e-02,1.425282550749805255e+00
3.573587486220000109e-01,4.292229044592000164e+00,1.625073914529000074e+00,1.957261154606460195e+03,1.616294248539971263e-03,2.369193360186654801e-02
1.530970783254999912e+00,2.462982831699999930e-01,1.830585136452999917e+00,1.147710379772162560e+04,6.266305033785619059e-03,4.561381424129441753e-02
2.902381597539999802e+00,9.042756249800000257e-01,2.509015667867000143e+00,2.503107713941274051e+04,8.620573827466043032e-03,4.383296348582765289e-01
2.246127231276000114e+00,2.334149483648999990e+00,1.130712983870000077e+00,1.835467581407431862e+04,2.347701872512417565e-03,4.651265653858498161e-02
1.667815207986000026e+00,1.775171120608999953e+00,6.380520343329999511e-01,1.275204719065870813e+04,4.241280458448728682e-03,4.706719970904597261e+00
1.018185787831000111e+00,5.318479860692000294e+00,1.209275649042000023e+00,6.937136576189443076e+03,1.762679070653252675e-02,1.856706947974700839e+01
1.256220504100999946e+00,3.772712444970999890e+00,2.202378474794000063e+00,8.992188548585845638e+03,3.160354914458302772e-02,3.644276015887922271e-01
2.870106900042999953e+00,2.329464669899000029e+00,1.155820564209000034e+00,2.469638377634137942e+04,1.010116693425545942e-02,1.211400928612994576e+01
2.695711067921000126e+00,1.400377752855000102e+00,5.686500119199999759e-01,2.289841500199996153e+04,1.078162578138180394e-01,5.095994540832591291e-01
1.728129722440000071e+00,4.135508112169999917e-01,2.171772777012999978e+00,1.332091446453897333e+04,1.442754408422933579e-02,8.847879443552765233e-01
1.274100728239000002e+00,3.619192781381999957e+00,1.768419193866000105e+00,9.150509699083650048e+03,1.070945684671015643e-03,3.198082606145328903e-03
2.130330106459000117e+00,2.394841446480000080e+00,1.230314098582999893e+00,1.720858646607782794e+04,1.360973175725951057e-01,4.157298443382148889e+01
1.247881162796000032e+00,3.960484946909000215e+00,1.511830452252999946e+00,8.918522909347440873e+03,5.445295908798072557e-03,1.911756515758594177e-01
1.559039212780000128e-01,2.975791031153999899e+00,1.923839444925000031e+00,7.659217403189260267e+02,1.009100195934772501e-03,8.306330193486411578e-03
2.607783700760000212e+00,6.141623606440999694e+00,1.777016897578000076e+00,2.199897235814994565e+04,9.638707630659881787e-02,6.993291320375337961e+00
6.238511548890000036e-01,3.431214576871000066e+00,2.069319269110999837e+00,3.804198424192211405e+03,1.239510144862509752e-02,3.613863925317178372e-01
8.676279649829999885e-01,4.797444744380999992e+00,2.638938994242999936e+00,5.695279531951677200e+03,6.526964377505423132e-02,2.081390747020062992e+00
2.178427797270999999e+00,1.011172908160000022e-01,5.456547884860000197e-01,1.768330526460284818e+04,5.067617158661240351e-03,3.561408108306111930e-02
1.380432133972999909e+00,5.540659544849000362e+00,1.199292476010000108e+00,1.010220625686470157e+04,2.032892156594232336e-01,2.685708175504011024e+02
2.227739063500000158e-02,4.196107992422000166e+00,5.889029910509999688e-01,9.996111310414661943e+01,4.756868392276590314e-05,1.024882728978717760e-05
2.814975115230999858e+00,3.908783436024000135e+00,2.082728264986999811e+00,2.412604286794760628e+04,5.080934529627365026e-03,5.229461736486480661e-02
2.613746348329999858e+00,2.623884079820000270e-01,4.463343326329999861e-01,2.205981073588479921e+04,3.093483300118051171e-01,1.317753407420794645e+02
2.183623279158999786e+00,1.981134450132000069e+00,2.611699250806999828e+00,1.773469794166548309e+04,3.439650131576906748e-03,6.540047247975491751e-02
2.809002792913000146e+00,4.406009877171999989e+00,1.729560639675999933e+00,2.406436519232295905e+04,5.709634948684731981e-01,8.418794870778565382e+02
2.449921873316000198e+00,1.602052010131000070e+00,1.504020779703999944e+00,2.039685765908144094e+04,5.809417660485854257e-02,4.632966124752988968e+00
2.917168010355999819e+00,2.126486266137999959e+00,1.649980769341000020e+00,2.518461121459231435e+04,9.201795476111355662e-03,6.315280978303036141e-01
2.478767165304000208e+00,6.279313338528000443e+00,1.686413194530000048e+00,2.068833957182215454e+04,3.113085325663048630e-01,1.577144732277908368e+01
