8.351984525300000517e-02,4.546890001521999736e+00,2.569820902481999791e+00,3.914996339708760615e+02,9.463178252012761395e-04,9.979866518174049239e-03
2.020392254950000022e-01,4.613907463414999910e+00,1.928544520848999966e+00,1.020292351770230653e+03,1.397789075946036068e-02,9.132354270056022849e-02
1.171178289041999943e+00,1.457947484838999941e+00,1.729896228996000040e+00,8.246370487712063550e+03,4.793663307220245862e-02,1.620781026454401186e+01
1.434189001490999926e+00,4.502298667085000261e+00,2.257996177185999986e+00,1.058964074205647921e+04,1.050103015339744206e-02,1.498108273274715574e-01
1.143081740028000004e+00,5.855930830296999900e+00,1.173219420364999932e+00,8.002686412423974616e+03,1.248526931838400949e-03,1.066988740588743940e-02
2.699939620898000214e+00,3.783165190930000144e-01,2.628314715650999833e+00,2.294179301479568676e+04,3.404179240721183237e-03,1.073487421228771638e-01
1.760732710489999908e+00,4.207526646030999906e+00,2.984114185101999883e+00,1.363008304486261295e+04,2.560514149794310482e-02,5.428074183797952645e-02
7.334568185080000413e-01,6.272936475379999877e-01,1.318358971439000049e+00,4.634104726491897054e+03,2.524799886722715533e-02,4.093153984560770481e-02
2.668364533082999923e+00,7.389962987579999920e-01,1.359935729242000013e+00,2.261815329674781606e+04,1.385559719821332497e-02,6.509712570639734075e-01
2.547649130920000005e+00,4.927324481529000266e+00,2.503855419136999938e+00,2.138670274436627733e+04,8.977572778008503784e-02,2.582572986385931024e+00
2.212474342939999783e+00,5.777161506279999692e-01,1.982859481229999998e+00,1.802048441312339492e+04,1.241080311420284486e-02,1.020688467469882954e-01
2.443063093227999971e+00,3.092742525109999918e-01,2.103518198828000063e+00,2.032763520355912988e+04,7.664924573813449056e-03,5.899094226273118857e-02
2.966114056262000087e+00,2.114116583177000130e+00,2.928787307399999817e-01,2.569371018185926368e+04,2.826174895279619931e-02,1.748093980899924960e+00
2.861504215549999786e-01,5.434757568901999569e+00,9.361250291079999952e-01,1.513083121209971068e+03,1.775432187063408782e-03,4.222262065003904996e-01
3.803104389049999923e-01,4.388230336693999867e+00,1.520542185502999910e+00,2.105319457623885683e+03,1.793640256187937392e-03,1.726379729609313698e-02
2.361181625852000199e+00,7.059273041210000210e-01,2.317157140976000118e+00,1.950383618260486401e+04,2.418065637284462152e-02,3.046465577707098138e-01
2.242422883430999825e+00,3.072282010777999783e+00,2.374260042522000180e+00,1.831784582488064189e+04,1.203626224276446895e-02,2.693566157470716482e-01
4.739555152980000075e-01,5.194022892659999613e-01,2.884817790616999833e+00,2.732256415652379928e+03,2.329709721885765694e-01,3.054693721639432646e-01
1.406330013163000103e+00,1.321588159999999962e-04,2.283991310852000023e+00,1.033652466960977472e+04,1.433714644808417767e-02,3.129833686513169289e-01
2.549997795277000101e+00,1.058290137329999991e+00,1.659307190192000014e+00,2.141057123558690364e+04,6.161692022792444878e-03,1.355096165643794592e-01
5.578842480900000206e-02,2.499323851418000064e+00,1.542797451001000075e+00,2.565088673616881465e+02,1.461685884816351538e-04,2.433150612860961496e-04
2.131984753018000056e+00,5.616515901546000222e+00,3.623874100869999837e-01,1.722488571818976925e+04,7.517528401683136290e-03,1.940108689049746260e-01
1.105399450553999907e+00,1.389547176010000051e-01,2.103012832549999989e-01,7.678091900978850390e+03,1.311557352125627789e-03,1.695178879010479644e-02
7.430181973720000332e-01,4.937919350698999565e+00,2.213422129911000180e+00,4.708154671353389858e+03,1.753309466949019152e-02,5.244588141504502588e-01
1.180596032649999932e-01,3.400216433713000086e+00,2.150797327515999946e+00,5.662784470344154215e+02,1.776237908555035848e-03,9.364168783757074836e-04
1.672790952341999926e+00,1.927150168492000049e+00,1.344672759318999988e+00,1.279882197481988987e+04,6.083616862443559301e-03,7.340224187288372226e-01
5.584510746399999892e-01,1.466784089819000103e+00,1.424116719586999924e+00,3.326900911854832884e+03,1.777588984766342167e-02,1.218094906913831821e+00
2.417311445864999797e+00,5.601437387568999782e+00,1.734934960074000054e+00,2.006803250791096434e+04,3.454986256407836104e-03,1.896727184701616498e-01
1.626999792704000081e+00,1.222133500548000073e+00,1.876375949465999948e+00,1.236943715478571357e+04,4.934199041146000025e-03,4.476192366326546823e-01
2.042127164126000149e+00,2.499498713970000008e+00,1.732881677391000075e+00,1.634311896492460073e+04,1.290845764543539775e-02,1.144477118859011266e+00
1.630257754600999975e+00,8.002736472120000055e-01,1.550496049299999957e+00,1.239990648019054424e+04,1.997366259127809907e-02,1.931463998870577292e-01
1.417315848871000039e+00,3.059709884855999817e+00,5.192410482729999943e-01,1.043620866453826784e+04,1.574432805461971341e-02,5.625462408683258531e+00
8.238114581929999458e-01,5.156466778780999682e+00,1.465816053293000021e+00,5.343665933660877272e+03,2.867377668482600644e-02,1.073318377572814519e+01
1.344164613225000027e+00,1.632825107316000057e+00,2.044686581319999918e-01,9.775693782030924922e+03,4.775339283210050002e-03,3.034194258644103970e-01
2.535636175153999972e+00,5.261649766068999590e+00,2.471207622234000034e+00,2.126467775806476129e+04,2.223593783005484940e-03,6.443819447611549844e-02
4.018372770679999872e-01,1.070780525471999978e+00,1.628699379421000071e+00,2.246250304275926283e+03,7.660597706001931288e-03,1.043632794904341354e+00
1.420929600210000032e+00,2.410361673315999820e+00,6.961497376040000074e-01,1.046903623761297968e+04,3.225632814961461314e-02,2.335527231889882760e+00
2.931885651301000095e+00,5.851713765076000051e+00,1.863640170577000044e+00,2.533755288789219048e+04,7.645772757831171412e-03,5.791414162987503778e-01
3.861237792719999784e-01,5.929306396361000431e+00,2.342007836942999965e+00,2.143183403699596965e+03,1.334590951465618736e-01,8.969105759286843949e+00
1.736097040977000017e+00,3.275663943855000149e+00,1.798463466645999986e+00,1.339636092110921527e+04,6.116055951512644299e-03,2.552157614893442727e-01
2.808318812236000106e+00,2.201043982039000202e+00,1.118303873351000011e+00,2.405730289012373032e+04,4.744789676128569923e-03,1.269601416295644547e-01
1.846099683355999943e+00,1.332645634099999921e+00,1.069605635407999911e+00,1.444491653288495218e+04,1.446784051075178899e-02,6.093366419231183162e-01
7.947107231500000202e-02,4.234501696781999946e+00,1.339571593287999907e+00,3.714903528181082493e+02,7.035747460174371359e-02,1.623451022369566399e-01
1.920867197745000032e+00,2.604282166452999814e+00,1.677659382804999932e+00,1.516461912010671767e+04,3.110434927133658850e-02,2.559191253166175795e+00
2.605674153789999892e+00,2.653165748659000123e+00,8.156267329190000082e-01,2.197745363450072182e+04,2.053817964881579985e-02,2.586941528751979025e+00
2.004787999747999816e+00,1.033452760065000087e+00,2.354911568623000218e+00,1.597879276892451708e+04,8.911476259071302378e-03,1.504820241372574474e-01
1.519274021453999923e+00,5.537026671852999904e+00,1.749149258534999918e+00,1.136919655957026771e+04,2.468955298065339879e-03,7.713022448160763989e-02
1.859675102526000101e+00,1.763202124383000058e+00,6.842344625949999815e-01,1.457518202318996737e+04,1.614722835261096475e-03,6.278144278342100149e-02
