2.416485371395999948e+00,3.683859316952999841e+00,2.673433604434999999e+00,2.005971264101479392e+04,6.670095431961277355e-02,3.242585661249428597e-01
2.230524759160999793e+00,5.787911260220999665e+00,3.834329805710000039e-01,1.819962335125522804e+04,2.073432795220706559e-01,5.913337260791501571e+00
2.925131708393999830e+00,4.174162182565000379e+00,2.170589602546999952e+00,2.526735274980981922e+04,3.112691554723373555e-02,8.272780573675573734e+00
1.938415314358999941e+00,1.175636229975999925e+00,1.563993584062999931e+00,1.533432027130480856e+04,7.577312769931301983e-03,3.225250843094533137e-01
2.586087856226999993e+00,4.814080847077000236e+00,2.411470849837999975e+00,2.177779902555310400e+04,7.047994091430756503e-02,5.043483409313498367e-01
2.496791614081999899e+00,7.403779352620000198e-01,1.972722615107000088e+00,2.087076924668870925e+04,4.055547716146867994e-03,1.210146875019907364e-01
2.223009330952999907e+00,2.415162315119999903e+00,1.422904175378000069e+00,1.812500601497606476e+04,1.504088756993617526e-03,4.008262904300582963e-02
1.096023916750000105e+00,4.010631243356000297e+00,1.741373569247000042e+00,7.597737628524049796e+03,3.227721659865500584e-03,1.974346514681706369e-02
2.488635163329000033e+00,2.173807760457000082e+00,1.031756346531000013e+00,2.078818821594636756e+04,3.666539182334761782e-02,1.545643794977177876e+01
2.432127043752999818e+00,4.481079068898999651e+00,1.182242026574999993e+00,2.021733133632334648e+04,5.660813461567375943e-02,1.559408947285328217e+01
1.064510120450999908e+00,6.195735632140000337e-01,1.405262709552999922e+00,7.328862783516125091e+03,3.083401746755651956e-02,2.024779091348646975e+00
1.678107018686999963e+00,5.339397268831000076e+00,2.422262471640999948e+00,1.284882712480816917e+04,4.009139425678625440e-02,1.265967606117277544e+00
2.797321288488999969e+00,2.161165633373999917e+00,1.646415228106000050e+00,2.394378808212751028e+04,6.557472133521256852e-02,2.068125929172515498e+02
2.557343395630999883e+00,5.690554739150000430e+00,2.180323411033000092e+00,2.148524519961851547e+04,4.845821922180963692e-03,1.104251797030050414e-01
1.305807214810000005e-01,4.656425838295000119e+00,2.657652969099999929e+00,6.314069908541043787e+02,9.826895684190055456e-05,7.299853501453059767e-05
2.352291511396999990e+00,3.423477401316000091e+00,6.970823139180000183e-01,1.941468681726531941e+04,9.697541076379392888e-03,4.023603995624708274e-02
2.211863724557999955e+00,3.730469382796000044e+00,7.204005704829999912e-01,1.801442895242855593e+04,3.210232952388278327e-02,2.290643962202950912e-01
2.399171357361999934e+00,3.089409449773000027e+00,2.553895562671999908e+00,1.988544579667860671e+04,8.587081689996419256e-03,8.193789123439521038e-02
2.115262701385999922e+00,3.091693794839999732e-01,2.024316823793999909e+00,1.706026955878502122e+04,2.655354418653549375e-02,1.420493837954610039e-01
4.864082186040000200e-01,5.394512861874000365e+00,1.476372630565000010e+00,2.818243376474786146e+03,4.364795390037123565e-03,3.066317476385831964e-01
2.225829810761000171e+00,4.243795277662999688e+00,1.581375338619999960e-01,1.815300405079085613e+04,5.168820503077123929e-01,1.159064750655388387e+00
8.610066246740000206e-01,5.464776312789999535e-01,1.890685756377999960e+00,5.641845369088520783e+03,6.826979626306234686e-03,2.385817144679456547e-01
2.475633097284999806e+00,4.825609289544000369e+00,9.120549225590000031e-01,2.065664178945597087e+04,5.698857080004132714e-01,3.358367172422453706e+01
2.788234276648999810e+00,3.378424189537000188e+00,1.859769619631000070e+00,2.385004726335530358e+04,5.595391128499030420e-02,1.982537164137327723e+00
8.561029769850000415e-01,1.089892126369999964e-01,2.454311305417999911e+00,5.602340982602489930e+03,2.119569489583239801e-03,1.356719941601547408e-02
2.235829812436000097e+00,2.882266246260000164e-01,2.527842355959000198e+00,1.825232177785138992e+04,5.040675479836256301e-01,3.566873390841544165e+02
1.846261617099999919e+00,2.796142327171000197e+00,1.682029600789999968e+00,1.444646930906457965e+04,4.765738835371577942e-01,7.644213220882818405e+01
2.804379201461999926e+00,2.752239722920999832e+00,1.682078182092999974e+00,2.401663061048369855e+04,1.006286279096154646e-01,7.945635468737135909e+01
1.993490911864999937e+00,5.929726009026000000e+00,1.343093554967000003e+00,1.586881236949301092e+04,4.403328329467400271e-01,6.174615790171693561e+02
6.425229513410000148e-01,2.004291473212000074e+00,1.128530651698000042e+00,3.943011925659470762e+03,1.135450768218530283e-02,1.386748839341297312e+01
1.670396901616999941e+00,1.736783042154000034e+00,2.673615236718999810e+00,1.277631303143136029e+04,6.510703686065248512e-03,1.750661373655210129e-01
1.186179302376000111e+00,3.682981381209999849e-01,1.619976494789999943e+00,8.377041670812814118e+03,7.917251007021288700e-01,6.902649621552579440e+00
1.666681679851000020e+00,8.474077535589999988e-01,1.071910422208000035e+00,1.274139534497184468e+04,2.234116340826613426e-03,1.609958336859345501e-02
5.060304646030000519e-01,5.988494124177000444e+00,2.050423308946999867e+00,2.954919455022596594e+03,1.152361725206333754e-03,3.732616082629683276e-03
8.024267451209999846e-01,4.561560373075000285e+00,9.004804483999999387e-02,5.173796805961791506e+03,4.062948246986266415e-02,7.190825584968411732e+00
8.039121895909999704e-01,2.426765877975999963e+00,2.036483792753999822e+00,5.185558703016517939e+03,2.384351416335774021e-01,3.052508903001874430e+01
2.139823673397999837e+00,4.032938427418000238e+00,2.770291209408000110e+00,1.730213489523927274e+04,1.137003137132260901e-02,1.742739099488747057e-01
3.748222268649999966e-01,4.511191254054000233e+00,1.003817527652000052e+00,2.069706768795962489e+03,5.486243865934564527e-03,4.289213670334195427e-01
1.375219776233000069e+00,2.499310814690999916e+00,7.745479352409999629e-01,1.005516202649193110e+04,4.928404857452784588e-02,1.251160011856885568e+01
1.547412683736999917e+00,4.594926357150000307e+00,2.604452754953999971e+00,1.162908032312400792e+04,2.547268264100073943e-03,4.067513064192584959e-02
2.786808388423000160e+00,3.876099107752999817e+00,1.707193754873999936e+00,2.383534237257981658e+04,1.836537640625031387e-02,1.188141223251886647e+00
9.750874350470000174e-01,3.666875541343999956e+00,1.790737061585000012e+00,6.576602632956572961e+03,1.970796242985081714e-02,5.629730452281574149e-02
2.165792892068000075e+00,2.598103801696999948e+00,2.374813778291000155e+00,1.755841527831982239e+04,2.452569624527122794e-01,4.693120111585346166e+01
1.239007674603999964e+00,1.627459893911000099e+00,1.213252027523000098e+00,8.840262724036996588e+03,1.530999714673215994e-01,6.049369482137895204e+01
2.686648931377999983e+00,4.253003463014000118e+00,1.288507149703999932e+00,2.280548974787554835e+04,1.577118343385543187e-01,7.820518017783188114e+00
2.566822502506000081e+00,4.612459270203999928e+00,1.154386667001999989e+00,2.158166090615695430e+04,3.509002464746257318e-03,1.569891904246556169e-01
2.895242392885999827e+00,4.920694424115000132e+00,1.568588911066999936e+00,2.495699162176938989e+04,1.000307875218745673e-02,2.007989165001828447e+00
1.534700108278000075e+00,7.043760156899999680e-01,2.480206643209000195e+00,1.151154491157704433e+04,1.432263676027354781e-03,5.794018310485240554e-03
2.111831464629000177e+00,7.911541107199999701e-01,1.857518513699000007e+00,1.702652078227787933e+04,5.097428222223660682e-03,7.431857327402111024e-02
2.893256085227000174e+00,4.271713865584000125e+00,1.489141786687000035e+00,2.493638427849527216e+04,1.313000049557328484e-02,3.912260276087748401e-01
