2.441953370190000083e-01,3.413027779854000077e+00,1.323650984114999929e+00,1.262756716060587678e+03,7.471874411042685182e-02,3.992432464576448847e+00
1.410076969232999966e+00,1.359136826047000035e+00,1.829063999599999990e+00,1.037050502641452840e+04,7.309543570717876027e-02,5.401342276465434189e+00
2.156465186145000157e+00,5.250707991990999801e+00,2.684108046467999831e+00,1.746629947147893108e+04,8.417372266883069165e-02,2.425914328819418042e+00
2.655145418706999827e+00,6.169154567008000356e+00,1.860952173068000093e+00,2.248284501340614952e+04,4.934423339074339721e-02,1.757901126463947472e+00
3.454329501510000067e-01,3.950933637651000030e+00,6.625783723329999875e-01,1.881247560901239922e+03,2.873194116897893197e-03,2.210210356968269479e-02
8.320460305929999745e-01,5.135876594131000061e+00,6.099744117919999598e-01,5.409384956683854398e+03,4.089471861233796024e-01,2.420105213157882815e+02
2.608969454433000212e+00,3.338360758811000029e+00,1.917116824580999968e+00,2.201106906654015620e+04,6.437060170725750034e-03,6.765100238149820977e-02
1.075872781820000013e+00,4.875214305665999781e+00,6.146213775019999659e-01,7.425590048652758014e+03,3.732035383455710731e-01,1.713908394238010828e+02
2.931856033988999855e+00,7.351254485960000418e-01,2.018299282815000151e+00,2.533724499155714147e+04,2.384343971144264971e-03,1.770703628423187306e-02
1.193605015693000038e+00,4.327135144967999558e+00,1.383698939122999905e+00,8.441869184932338612e+03,1.336823515132880367e-03,3.755925608503411089e-02
2.877456320054000205e+00,5.526035097429000231e+00,1.518425095758000110e+00,2.477254623028121568e+04,5.066416396136245136e-03,4.750724709408052360e-01
3.121300685799999891e-02,1.475825916148999939e+00,1.638026902928999995e+00,1.409865089053687655e+02,7.075269403127785843e-04,7.957435204278001531e-04
2.503057900191000051e+00,3.051365168189999810e+00,2.035248494030999833e+00,2.093424401369459883e+04,4.367451841735417103e-03,1.388027736066899775e+00
2.533332932063999898e+00,2.561441074514000160e+00,7.194427442799999906e-01,2.124129296544414683e+04,9.909636120508833260e-03,7.696393022212438817e-01
9.565571577560000316e-01,6.065940632436999991e+00,1.077542493988999928e+00,6.422793796016424494e+03,1.626785285506248541e-02,1.345947508705097606e+00
1.997604745200000018e-02,3.580167523330000101e+00,2.552301738111999896e+00,8.948076400394160146e+01,4.441403223631001213e-04,6.842744440629458264e-04
2.276219437089999964e+00,3.718264771203999786e+00,1.729611797413000085e+00,1.865426037235591502e+04,2.620175530404930328e-02,3.385856603045476199e+00
2.769778540377000109e+00,4.014292254765999601e+00,1.837982909760000061e-01,2.365981071091835838e+04,1.168320638895035263e-02,5.430624560523695799e-01
2.605072221418000211e+00,3.847188802869999869e+00,6.762366812200000243e-01,2.197131406945297203e+04,3.109445783275643568e-02,4.799935721506372488e+00
8.840215882109999646e-01,5.675960636894999745e+00,1.611052928062000067e+00,5.828025302691553406e+03,1.537852343015000227e-03,7.551263815473064911e-01
1.216532017814000000e+00,3.676413466339000014e+00,1.482847733225000075e+00,8.642615905417043905e+03,1.465530728736263825e-02,8.316618236933537300e-01
1.399010569662999970e+00,5.256998219867999644e+00,2.362661961993000048e+00,1.027020326632356591e+04,8.534427293189556646e-03,4.171251908512594309e-01
1.912590409846999906e+00,2.920299256939999921e+00,1.837828095742999990e+00,1.508467953936339109e+04,2.060889250490183060e-03,4.512582348546836236e-02
1.732936310354999954e+00,5.074360561171999962e+00,2.053615175733999987e+00,1.336642212861351072e+04,8.920177163799898612e-03,1.029043179170253675e-01
2.648935956408999814e+00,4.536992930224999832e+00,2.367058536749000019e+00,2.241932428447555139e+04,8.982178583076332393e-03,5.702073310242613546e-01
1.269920014910999928e+00,5.602628165691999840e+00,2.686422113688999858e+00,9.113445776993872641e+03,1.148918014489499345e-01,8.673245294178585141e+01
9.138342210969999657e-01,9.149743059149999524e-01,2.816926219902999851e+00,6.071039180874380691e+03,2.127001003611647331e-02,1.123127779108249236e+00
1.034211655203999936e+00,2.555432967909999853e+00,2.010609215409999984e-01,7.072171031099871470e+03,9.296264200970015545e-02,4.923294844128451864e+00
1.511588737269000005e+00,7.604259865900000470e-01,1.136924447566999952e+00,1.129839219157097614e+04,7.852353824042481237e-03,3.004704471462567583e-01
2.185981538692999937e+00,1.175635165602000098e+00,1.702433060214000093e+00,1.775803262282038850e+04,1.258467346468444131e-02,3.715724273500062846e-01
1.654082882241000085e+00,3.101807049259999727e-01,6.219750536279999853e-01,1.262310277384403162e+04,1.899829030208621816e-02,1.447307324385140204e+00
1.502385421142000022e+00,4.240919386539999891e+00,1.856165428568000042e+00,1.121370254838002620e+04,5.494351687559037231e-03,4.565198919576798214e-02
2.935253920536999850e+00,6.008209097285000411e+00,1.698343303609999966e+00,2.537257200387088596e+04,1.787738525318106064e-01,8.260196456825417144e+00
2.953930858264000037e+00,6.255973264066000183e+00,1.597966439326000021e+00,2.556686601621825321e+04,3.371665551445765519e-01,2.045894880699937346e+01
3.446964845109999898e-01,4.009702836287999617e+00,2.810627913769999875e+00,1.876574312332780664e+03,2.891587944862563653e-01,1.301882177325217604e+01
6.678700710849999611e-01,3.062181002930000062e-01,2.116911520026000026e+00,4.133182033092584788e+03,2.345358735090708469e-01,1.722711613072598902e-01
2.477154480887000076e+00,1.616945183616999904e+00,2.278915221726999896e+00,2.067202812656224705e+04,1.918358989054793837e-02,6.376487497349657474e+00
1.229428283837999958e+00,1.808242845530000087e-01,1.594973331347000034e+00,8.755921317725265908e+03,9.207633370536828224e-04,4.405157989714819471e-03
1.202146847592999945e+00,2.894574363293000108e+00,2.360987029897999800e+00,8.516556889147030233e+03,1.436114632085491449e-01,5.017669854156912024e+00
7.652919445800000497e-01,1.334676842237999983e+00,1.244074151249999982e+00,4.881630755719437730e+03,2.630343809120337939e-01,1.163366831387809874e+01
8.949365098900000093e-02,5.635528165278000046e+00,1.210007061728999966e+00,4.212079014005177555e+02,1.626196247174606195e-03,4.204670512362037108e-03
2.594940694815000004e+00,2.745886893692000008e+00,2.622610919763999959e+00,2.186801024884334038e+04,1.112560949820996237e-01,3.823853474561953902e+01
4.349052072829999727e-01,2.329973964870999836e+00,1.169096598926000041e+00,2.466504922450696995e+03,6.206467631671678956e-04,3.494059737834129611e-03
4.618039271499999737e-02,2.517026810943999937e+00,1.347068348345000111e+00,2.108783517261733209e+02,7.857907378808573831e-03,8.559704775419147982e-01
2.481309892046000165e+00,3.202287863293999948e+00,2.558195155172999780e+00,2.071406155110177133e+04,3.559639971472681325e-02,1.379165879773896153e+00
