2.244129168175999833e+00,8.673424242880000135e-01,2.150343634364999978e+00,1.833480899741363100e+04,3.895649370607725398e-02,1.527612833580187512e+01
2.541621894259999959e+00,4.400007774395000126e+00,1.860068945025000087e+00,2.132546731635017568e+04,8.650690270220875999e-03,4.830663751469721490e-01
1.060572181553000037e+00,5.596541661070000284e-01,2.114891502365999987e+00,7.295398402700403494e+03,1.136202995000457940e-02,1.576179598758641776e+00
5.496929046580000255e-01,4.977697691710000427e+00,1.769347817759999941e+00,3.264076286859060474e+03,7.938272928821927046e-03,2.269000338949982154e-01
1.043611213076000022e+00,2.463985621900000034e+00,2.039752604216999998e+00,7.151611392009499468e+03,1.458175519075135054e-02,8.228821576636921042e-01
1.084260980985999989e+00,9.180571832200000448e-02,2.333827560036000115e+00,7.497155352909474459e+03,2.036143645243563248e-03,4.420213875591293140e-03
1.859015737718999972e+00,3.346806114058999970e+00,1.950760031503000036e+00,1.456885070449517480e+04,6.514354776300840255e-02,2.646493998993476815e+00
1.919909706035000108e+00,4.083902811230999852e+00,2.640609904934000163e+00,1.515536803119271099e+04,4.680196572317989190e-02,7.755260592428067090e-01
2.029234058047999945e+00,5.683485875337000337e+00,6.259413067719999946e-01,1.621717715201025931e+04,1.653358915065402390e-01,7.153591518411315064e+01
2.069353360501000161e+00,6.079967000633000218e+00,1.639254434823000040e+00,1.660955077817333949e+04,4.817178086090429662e-02,3.881879469343803013e+00
