7.484010886480000346e-01,7.016213132699999910e-02,7.237351967249999740e-01,4.749954594273184739e+03,6.272986135861453524e-03,1.345072687583772353e-01
1.483461601064999913e+00,4.390427594295999825e+00,1.309061430043999996e+00,1.103991095719434452e+04,6.710836986185962291e-03,3.420995104617097771e-01
2.788697575417999897e+00,5.111614881443999892e+00,1.709064337067000006e+00,2.385482542789102808e+04,7.177866027783764979e-02,1.204089575599864190e+02
2.785060062508999845e+00,2.840529421562000056e+00,8.620653492869999601e-01,2.381731389809732718e+04,5.658669305613002465e-02,3.506755315658302230e+00
2.493587322597000000e+00,3.313886191481000054e+00,8.584843123930000486e-01,2.083832154395731050e+04,7.611500299125469396e-03,7.793104156868982391e-02
1.246539381215000075e+00,1.200139738175999948e+00,1.743501560574999942e+00,8.906680778994259526e+03,1.433646960745601790e-03,1.239138552692037321e-02
6.493207592199999600e-02,1.205517120449999952e-01,2.363795461018999955e+00,3.004823003967716772e+02,5.000927749498274011e-01,3.129881746663545883e+01
1.263532428895999926e+00,6.121075762251999564e+00,1.449807239609000042e+00,9.056870588992562261e+03,4.047907555482647274e-02,8.108905703060841574e+00
2.448256741149999804e+00,5.226648696116000359e+00,2.242348586919999942e+00,2.038004922178944980e+04,6.727125157692706581e-02,1.690705934374284425e+01
1.626389143271999904e+00,9.828406723200000528e-02,2.051919195470000012e+00,1.236372759031622445e+04,2.696195521342949486e-01,4.910113278095295519e-01
2.401960644069999873e+00,3.171464579909000214e+00,1.699461539037000035e+00,1.991350562949019877e+04,3.749152620802590711e-03,1.115379796524938461e-01
1.133117328436000104e+00,5.239536081300000259e-02,1.362987953660999896e+00,7.916601855853083180e+03,5.821739010518378957e-03,7.445931303495098574e-02
2.575359794426999915e+00,2.799450587269999846e-01,2.960012876469999998e+00,2.166854787043135002e+04,4.741333463331716229e-03,5.081294439433548665e-02
2.927856912001999934e+00,4.699969789995999569e+00,2.804012947547000145e+00,2.529567531543612495e+04,3.108295578956264960e-01,2.322059412406764167e+00
2.584716529101999782e+00,1.696799939978999916e+00,2.061120125502000189e+00,2.176382966087040040e+04,4.987856011889847674e-02,5.234428923414448320e+01
1.672414808200000103e+00,9.999351665760000119e-01,1.269782511947999959e+00,1.279528502280893917e+04,2.888918831480099744e-02,9.057699426093831496e-01
2.908722307993000022e+00,6.017459623578999661e+00,4.959478930399999763e-01,2.509690057246169818e+04,8.655175797372093305e-01,2.025115185240359850e+01
2.145959969016999924e+00,7.113909008869999662e-01,1.285839360912000018e+00,1.736264122609749393e+04,2.658294817029909773e-01,3.920552898370452510e+01
2.600056964264000126e+00,5.218887472245000048e+00,1.684412825246000001e+00,2.192016879487397091e+04,4.538211583314646913e-02,1.054943959397397180e+01
2.347017673312000063e+00,5.032443758823999858e+00,6.915158544930000151e-01,1.936182877361843566e+04,4.381307839759671779e-02,8.632805275605173190e-01
1.666672174611999901e+00,2.760166953763000031e+00,3.745771574280000182e-01,1.274130602976753835e+04,6.798110974430462104e-03,1.374047057933797389e-01
2.659452491908000038e+00,2.399430632212999903e+00,7.417960194710000454e-01,2.252691926888517992e+04,6.240611681691720508e-03,5.312934952919998732e-01
3.953421550019999842e-01,3.623207958495000103e+00,1.186069855121999916e+00,2.203521232441320080e+03,3.233794628646189263e-03,2.899488954109644481e-02
2.057985654152000077e+00,1.868165388191000087e+00,5.860370540020000130e-01,1.649822885641572066e+04,2.790440905873229904e-01,5.770540649833431956e+01
1.636140224242000007e+00,4.617957766208999892e+00,1.382882202990000087e+00,1.245495248750907922e+04,1.048492798388424296e-02,3.199911771388410098e-01
1.223273115255999910e+00,4.678417730467000268e+00,1.996589817617000051e+00,8.701808145021212113e+03,2.155556651521503830e-01,2.024667566353110999e+02
1.140549120008000017e+00,4.783913675399999871e-02,1.597785508871000015e+00,7.980789669293125371e+03,8.464845079918865700e-01,5.654597840984056347e+02
2.723422787396000189e+00,5.588922580091000292e+00,2.177731953768999862e+00,2.318289261573335534e+04,1.060081739704377551e-01,6.048251278125634123e+00
2.990796761426000039e+00,4.311029594300999968e+00,2.085618035077999810e+00,2.595094087526790827e+04,3.322016072766207501e-02,1.902499702669659953e+01
2.099766558229999802e+00,2.963860764221999844e+00,1.084500047427999991e+00,1.690793286733329660e+04,3.479157385999705372e-03,8.462845057845498620e-02
1.859262333496999986e+00,3.720844127149999792e-01,2.751089279403999832e+00,1.457121850298039317e+04,1.530149360389471266e-03,7.271570429798737169e-03
2.502326791340999890e+00,2.112150508890000111e+00,1.160946304082000058e+00,2.092683681476031416e+04,1.466767262659879056e-01,7.644797629790482496e+00
7.103033844180000056e-01,4.331202549757000142e+00,1.607388639544000020e+00,4.455850218235027569e+03,2.663276566751530128e-01,4.534558668849032692e+00
7.565108677240000024e-01,5.949863754999999976e-01,2.257345805184999943e+00,4.813079442435162491e+03,9.460653499289377712e-04,5.272230544199033204e-03
1.783411278930000066e+00,1.757049935576000088e+00,1.963501762596000066e+00,1.384581121001437168e+04,7.749619625939426770e-01,3.275627308914385480e+02
1.383148921455999991e+00,3.525793109468999820e+00,1.468496125201999902e+00,1.012674219233593067e+04,1.390516535453945046e-01,7.084258450139364527e+01
2.276652699728999973e+00,2.630177590261999931e+00,6.704147421070000279e-01,1.865857886820488420e+04,1.338004498133179253e-02,1.174403654943670938e+00
2.862862716625000026e+00,6.026288309447999758e+00,6.066017448989999838e-01,2.462134214795280423e+04,4.499423168636694677e-03,8.839386582633514122e-02
7.807450737779999539e-01,6.280746080745999826e+00,8.392392747019999932e-01,5.002770573974674335e+03,1.114931195386397594e-01,5.976542651799551464e+00
1.382677509359999890e+00,6.236730186228999884e+00,1.529575148374000104e+00,1.012248399980087743e+04,7.022113519480306827e-03,9.875678361641819503e-02
7.400943126440000519e-01,4.774627502217000163e+00,2.360509758269000002e+00,4.685483195403923673e+03,3.914001163753908288e-03,3.946426280732003022e-02
1.837032727306000091e+00,3.703622990876000109e+00,1.906582111000000079e+00,1.435801604535457045e+04,9.114263361725730150e-03,2.177347590352458617e-01
1.768644743292999921e+00,1.675046622278999919e+00,1.719696036593000077e+00,1.370528371236098428e+04,1.316255091130268291e-02,2.629538632251700747e+01
5.759873550809999632e-01,1.449796715855999896e+00,1.149924586040000030e+00,3.453484837183162654e+03,3.643559047645219540e-01,4.446184267389357956e+02
2.251922654101000010e+00,4.543841162221999852e+00,1.868556822996999989e+00,1.841231761807287694e+04,3.976139858383042486e-02,1.226248298859152541e+01
1.977171853328000051e+00,6.404853412059999807e-01,2.139549696017999825e+00,1.571014761473825456e+04,2.055774238003555549e-02,1.874392764042414616e-01
