1.533804558019999931e-01,2.252604039316000062e+00,1.695671015884000044e+00,7.523517631839974911e+02,5.314856662907395390e-04,2.254872136100782160e-02
2.912843767251000138e+00,2.563291600002000070e+00,1.007464835443999895e+00,2.513969791032863577e+04,4.367481565985693176e-02,1.659896033244700320e+01
2.286683735512000215e+00,1.918824672139000098e+00,7.108147552200000385e-01,1.875860245024419783e+04,4.680417784249734682e-03,1.560961832295935103e-01
2.923700700038999845e+00,3.752682052112000122e+00,2.331896640915000152e+00,2.525248219019760290e+04,5.095994701126843607e-02,1.094405750150831480e+01
2.630609370794999791e+00,2.940593651699999755e-01,1.492484760866999993e+00,2.223199237554444335e+04,2.029738205557790956e-03,1.524143608093712216e-02
2.716041986726000168e+00,4.812553572950999836e+00,1.829397336358999926e+00,2.310707802089345205e+04,2.788106972286280572e-01,2.105958214445870738e+02
2.813805559332999806e+00,6.144105457210000232e+00,1.459862692606999968e+00,2.411396291996212676e+04,2.614284319879537841e-02,7.519472351272799671e+00
2.242593117384000134e+00,3.532919838409000146e+00,1.611122368436000096e+00,1.831953811725870764e+04,2.521864468723203877e-03,8.508346588531761484e-03
1.915469344599000090e+00,2.575419159104999967e+00,1.754748391898000026e+00,1.511247765406384133e+04,1.134175597927108460e-02,1.124968693717446122e+00
2.738137841087000091e+00,5.923691257443000069e+00,1.107287105763999913e+00,2.333414310613211637e+04,5.082074999242812419e-03,1.521056971606389585e-01
4.788372266909999841e-01,2.483897413929000209e+00,1.583291813540000037e+00,2.765894791213544522e+03,2.815178010022206367e-03,3.534717093546861477e+00
2.707454483674999857e+00,3.270369417632999820e+00,1.399851265706000047e+00,2.301891047948074993e+04,9.320904733888550620e-02,1.276456409445406024e+02
2.193351728626999897e+00,5.112628329022999907e+00,1.540108832950000117e-01,1.783098880188106341e+04,1.048721063844902934e-01,7.520446700308420418e+01
5.438678592600000306e-01,4.821302644515999880e+00,2.029245737519999870e-01,3.222439510186792177e+03,4.733132179550372798e-02,3.041653866772749126e-02
