2.815985693277999857e+00,8.898147009589999490e-01,2.224888003479999821e+00,2.413648143383226852e+04,2.663115980785939890e-02,6.622250859371293652e-01
1.820400999077999904e+00,4.272910717131000347e+00,2.674142035561999808e+00,1.419882924339421697e+04,8.510820940437123505e-02,6.366569532984912572e-01
2.143710919455999786e+00,9.014365053259999483e-01,1.895916524363999933e+00,1.734046105745522436e+04,1.849785188951102444e-01,1.053568790184295167e+00
6.351458109800000029e-01,4.173733336730999888e+00,1.415732017302999912e+00,3.888036475845321092e+03,6.164101565120557735e-01,3.180312455860007770e+00
2.623174748127000022e+00,1.901428991468000040e+00,1.638387492684000080e+00,2.215605786061268736e+04,3.842409313425309333e-03,5.437757332840811308e-01
1.142441086660999972e+00,1.055489148484999973e+00,2.800879032963000004e+00,7.997146309768255378e+03,6.648289177723132153e-03,6.422312853850498104e-02
2.253704527035000016e+00,2.309789420030000096e-01,2.252921998508000012e+00,1.843004556928288730e+04,7.991661589268396829e-03,4.854683897001990656e-02
2.289180029879999800e+00,2.562826434020000210e+00,1.703390170845999974e+00,1.878350602829880881e+04,6.023383048893296565e-02,1.439381698667804415e+02
1.296071948687000042e+00,1.809774211883000028e+00,1.983811510281999979e+00,9.345746807333647666e+03,2.079633024513977656e-03,5.058582264340447110e-02
1.717695078193999914e+00,6.227375784317000118e+00,1.033766277660000066e+00,1.322220872779488491e+04,3.606073419141155381e-03,3.675390734036173418e-02
