6.385559171599999861e-02,8.452418386800000238e-01,9.355097582439999560e-01,2.952777085842105294e+02,3.688801586796126852e-02,5.142130270900004000e-04
5.675327766850000177e-01,2.109236731319000135e+00,2.597066549271000113e+00,3.392325437088147737e+03,1.390123948106477061e-03,3.760148485176496858e-02
1.547934690978000072e+00,2.466858795978000174e+00,2.987640602133000201e+00,1.163391093950708819e+04,2.028042185352907645e-01,2.540744547906237938e-01
2.420345185059999960e+00,6.025755875200999867e+00,1.808391046297000093e+00,2.009859120192388582e+04,2.084887388882674664e-01,2.758069892079506076e+02
1.431867875220999897e+00,1.230971021468000082e+00,3.849423588970000143e-01,1.056851076800755982e+04,1.090061557512738699e-01,7.666681650000217019e+01
2.628822591300000178e-01,2.798974112519999835e+00,5.764095170740000107e-01,1.373169432694988700e+03,4.567233404854237344e-03,2.493644637623160590e-03
2.826893517513000109e+00,4.183599881680000188e+00,5.926869646560000149e-01,2.424918971380751464e+04,1.406537857073246814e-03,2.320188375525708904e-02
8.977986557629999975e-01,2.071731510979999857e+00,9.559982725510000057e-01,5.940072129908334318e+03,1.351537321178661599e-01,1.454421449942385038e+02
1.598055222151999910e+00,3.838147596604000178e+00,1.398632845987999973e+00,1.209929276639427371e+04,1.504336399028373961e-01,9.025512418824749261e+01
4.143379653009999775e-01,2.501409617979000188e+00,9.132691800890000433e-01,2.328984445053725722e+03,7.184036000489225637e-01,9.523391732496757811e+01
1.935945417301000004e+00,4.454465133025999890e+00,1.569041146285000021e+00,1.531041714256420710e+04,1.907072920540265476e-02,6.217943621245179964e-01
1.595371725032000088e+00,5.067446856821000267e+00,1.418667511158000050e+00,1.207429805035347454e+04,9.638167644051108670e-04,7.702319767498308489e-02
2.807529896625000188e+00,3.203562834585000019e+00,8.881455059480000136e-01,2.404915744576602447e+04,9.637123152080498412e-02,6.175134245930784260e+01
