1.897880303021000081e+00,1.317241803626999941e+00,1.911281201832000010e+00,1.494276806463435605e+04,1.200807441636395079e-02,7.725709215176201461e+00
9.054220250000000192e-01,1.779464536661000018e+00,4.431089485379999804e-01,6.002260873772520426e+03,1.341124830050195726e-02,1.187131270664587429e-01
2.224976301808000212e+00,1.716133287999999923e-01,7.603666090220000395e-01,1.814453086344178155e+04,8.483481263381064535e-03,1.438066032355135859e-01
2.225446572005000068e+00,2.082293144552000097e+00,4.133354195200000247e-01,1.814919938676301172e+04,7.670064420129064642e-01,3.313159574415886510e+01
2.564644734203000098e+00,4.109292714416000081e+00,1.071984539056000107e+00,2.155950470858096742e+04,6.409043261589747464e-02,9.711836174910781772e-01
1.334865348716000044e+00,3.470975977169999949e-01,2.266533925302999908e+00,9.692285957631756901e+03,7.832890096535498337e-02,6.621034481100526392e+00
1.591309558684999903e+00,4.688913828806000161e+00,1.044601251013000054e+00,1.203647864036510146e+04,1.608285926445828656e-02,2.528564760038775283e+00
1.652127985829999979e+00,1.057094875495000030e+00,1.663814812048000080e+00,1.260476425322337309e+04,1.748836294043408512e-01,1.075766140827509361e+02
5.350095017970000200e-01,1.418770507379999990e-01,1.708125219812000051e+00,3.159349447590728687e+03,5.545925990627728445e-03,1.821934061007424721e-01
1.274084100510999962e+00,1.172902681754999898e+00,9.003473903340000195e-01,9.150362231861021428e+03,7.781370910472872569e-03,6.454646371347486089e-02
1.083153153885000108e+00,3.994409449137000134e+00,1.263276072827999919e+00,7.487696059529374907e+03,3.210326591585565149e-03,2.520893362512216518e-02
8.811487031589999575e-01,4.954908034430999919e+00,8.587440885879999986e-01,5.804716477174772081e+03,6.618192615211625739e-03,5.684428470524546251e-01
2.360228684461000093e+00,1.784488745363999929e+00,8.536287808119999987e-01,1.949427737487072591e+04,1.438445820962337973e-01,1.256466715983806353e+02
7.930255089200000107e-01,1.356832351316999974e+00,1.349409613304000111e+00,5.099488985350561052e+03,4.963284828744542188e-02,3.867288593093640259e+01
2.438085629105999796e+00,4.580515154793999955e+00,1.473257203309999985e+00,2.027742072279939384e+04,1.016980461633850211e-02,9.455823668360487932e-01
1.629906718143999900e+00,7.528478641999999943e-03,1.319256077134999927e+00,1.239662289352480002e+04,1.508242808658192408e-02,4.333007892684332951e-01
2.283058057374999894e+00,6.042563110252999969e+00,2.560576641719999880e-01,1.872244040055036021e+04,1.920143987261074131e-02,1.713126087550236765e+00
7.760650354229999826e-01,1.169545468738999894e+00,1.066904147687000037e+00,4.966015885305056145e+03,1.457998826026407494e-03,9.158358062563532603e-03
2.120545782505999899e+00,1.678557224059999964e-01,2.029752109176000019e+00,1.711225209094064849e+04,6.641205494899597717e-03,2.496679790207178562e-01
3.277892669049999874e-01,2.727321342073000032e+00,8.368688299169999567e-01,1.769966156115597414e+03,8.047661384773660206e-04,2.255950322145111858e-03
2.531256434288999824e+00,1.435855746639999875e-01,1.365150164094000029e+00,2.122021337040468643e+04,6.989157308048576413e-03,1.389046381727727375e-01
7.111706318899999602e-01,3.353756255007000142e+00,2.522989258938999946e+00,4.462499581964239951e+03,6.488018365191031145e-02,5.756258393352295855e+01
1.875653716910000046e+00,5.244369693936000054e+00,1.981427771157000084e+00,1.472874313159521444e+04,8.238547737183911090e-01,2.069364948740805676e+00
1.582885466755999948e+00,1.034890997673999946e+00,2.082626472693000164e+00,1.195811279981337793e+04,1.518908565191890228e-02,1.579375957040739520e-01
1.050429004069000083e+00,3.507096576982999814e+00,6.868400162940000442e-01,7.209341483571143726e+03,4.778441915371399798e-03,3.013306763832936802e-02
6.542269804260000265e-01,1.711956343723999963e+00,9.669615281850000299e-01,4.030578441083762755e+03,3.832551236876784867e-02,3.544289397299739353e+00
2.248674956822000137e+00,8.486945069279999698e-01,1.609194705349000110e+00,1.838001248561601460e+04,1.270910593481904558e-03,7.686323597072555573e-03
1.890550539062000102e+00,9.543340611609999469e-01,1.848656716739000005e+00,1.487213466767458885e+04,1.307063357628557472e-02,2.612726734214243507e-01
1.160806517071000021e+00,2.860045850918000010e+00,1.401848759034999947e+00,8.156252861833609131e+03,6.641504393814438856e-02,4.323708320033352592e+00
9.142148641349999716e-01,3.271003546114000127e+00,1.337410447706999905e+00,6.074155139774868076e+03,6.516508945980274865e-03,4.191672330358744980e-01
2.649501119037000141e+00,2.209935664434000024e+00,9.518129323080000148e-01,2.242510469871254099e+04,1.440228959203439414e-02,7.248508295103567312e-01
2.365180828410000213e+00,4.509663775649999984e+00,1.236082661536999971e+00,1.954395884484902854e+04,1.419228169761158585e-02,8.016799924279215395e-01
1.244447787749999979e+00,2.936904378553999884e+00,5.236921640410000522e-01,8.888226881774746289e+03,3.608003496223426317e-03,1.315576823734142600e-02
2.118436156930000092e+00,5.187023689089000023e+00,8.561441025539999750e-01,1.709149173823459205e+04,1.786057969565198189e-02,7.484295960715346041e+01
2.936265439975000113e+00,3.157921437485000205e+00,8.565056279889999846e-01,2.538308976952672310e+04,3.636012725293646941e-02,2.641777631242959723e-01
2.653329970800999860e+00,9.025051299070000477e-01,1.972970001586000111e+00,2.246427105997297622e+04,2.797576154284860811e-02,1.288025458875270424e+00
1.730190643535000072e+00,1.607223108699000091e+00,2.258791062060999888e+00,1.334042370093990212e+04,3.402219346429871671e-01,2.152117262442709400e+00
2.521386111240000005e+00,2.486147209220999965e+00,4.753228310850000082e-01,2.112005437036908188e+04,3.434827127313205136e-02,1.352779399252994619e+00
4.053744055999999873e-01,1.784683475235000039e+00,1.721727047019999901e+00,2.269594291834189335e+03,1.401778932428860043e-03,4.237913729921807815e-02
2.663709144575999943e+00,4.309293105496999843e+00,1.451074661597999915e+00,2.257048907851704644e+04,1.051963975977365622e-02,8.138469426790146954e-01
2.689090551812999941e+00,4.467743737602000387e+00,1.685909196429000056e+00,2.283052166407487675e+04,7.128438196865766706e-03,7.495309762068115278e-01
1.917645557466999939e+00,1.063403288544999992e+00,1.993456858420000088e+00,1.513349578507032493e+04,1.695192462423640925e-02,5.567060662114392544e-01
1.377325066879000026e+00,1.754352710175000052e+00,1.368036298080000046e+00,1.007415864510912252e+04,2.095487360385331430e-03,4.942900131024656474e-02
1.589542874885000012e+00,3.894844055934000071e+00,2.319185007236999940e+00,1.202003676914889184e+04,2.040125782893670737e-03,1.322836652532946924e-02
6.244939106589999511e-01,3.351845364673999850e+00,2.023875920445000087e+00,3.808958643155690879e+03,2.090363813584167080e-03,1.282998767103094191e-02
2.049644947287000196e+00,3.797652001193999816e+00,2.218388882538000040e+00,1.641662182547702469e+04,8.326794031473007118e-01,2.051948231770578612e+00
