1.100915453849999892e+00,5.421247468413000092e+00,1.246056383271000101e+00,7.639640717703760856e+03,5.251108683322337489e-01,4.148630062019357467e+00
1.547880002697999968e+00,4.394326135430000058e+00,1.869589025310999908e+00,1.163340484219214341e+04,1.443424897346317348e-01,2.134490140317756079e+00
3.447110955700000146e-01,3.003742490243999974e+00,2.356170681063999961e+00,1.876667003166540781e+03,4.349754621738583515e-01,5.110705053641819973e+01
1.392696733078000015e+00,2.068332186700000130e-01,4.892569558570000199e-01,1.021305462881755557e+04,6.751728382715092500e-03,7.277010568203626240e-02
2.940176490474000204e+00,9.547819988629999699e-01,6.653718292329999784e-01,2.542376216830578778e+04,4.867792660866567256e-01,1.313460001704954827e+01
7.502204189840000481e-01,3.608214581429999845e-01,1.967363584636999896e+00,4.764100268907250211e+03,1.687139229948589076e-03,9.205898728711820606e-03
2.194026058703999915e+00,4.756387877843000211e+00,1.302829507188999925e+00,1.783766606901090563e+04,4.188276954804193153e-02,3.443866566844073773e+00
1.664497203934999892e+00,4.811324945309999990e+00,1.950211538518000109e+00,1.272087181387566852e+04,1.170140884251531788e-02,2.240747833008298051e-01
1.057977512844999968e+00,5.333200705290000343e+00,1.837587181690000016e+00,7.273365535745670968e+03,1.950697889942640132e-03,3.060479823831055435e-01
5.793458546049999880e-01,2.888480953444000132e+00,1.383751578328000109e+00,3.477846851337060343e+03,3.191007515196913613e-01,6.044579056801170225e+01
1.657478617890999928e+00,2.833924968365999941e+00,1.648549362827000042e+00,1.265496802702226887e+04,1.924315633251577617e-02,2.973819594492148166e+00
1.821762163625999964e+00,4.900315453383999653e+00,2.051319430910000019e+00,1.421184671869538761e+04,6.488007716382901413e-02,6.755979764523902986e+01
2.583532390010999880e+00,5.495559733200000352e+00,2.147343628840999941e+00,2.175176812449205681e+04,3.549226740384427842e-02,3.550643115924210669e+00
2.202655589982000173e+00,3.793112882053999879e+00,1.975677763361000094e+00,1.792314872596968416e+04,2.623081771849531951e-01,4.425364457907320315e+01
2.523346404373000063e+00,4.891250522669999823e-01,1.139941425966999988e+00,2.113994119296646022e+04,2.272456441781155884e-03,1.509874417846365779e-02
2.741156509512999939e+00,1.947291566190000045e-01,1.285419559638999898e+00,2.336518716731887616e+04,1.270898271847570836e-02,5.108660394479613842e-01
4.921119508790000041e-01,1.606920524458000044e+00,1.198542389707000000e+00,2.857823880037056369e+03,3.657945470549787514e-04,2.071586933827395012e-03
1.062975209326999959e+00,2.289625421304999797e+00,2.412197328557999843e+00,7.315815615948674349e+03,8.033140634573317229e-02,5.412991619705636595e+02
1.034364955900000105e+00,4.149092405369000147e+00,1.399206728530999921e+00,7.073465239928784285e+03,2.077213879426823007e-02,9.131264602820142740e-01
3.104654249039999758e-01,1.383548078620000066e+00,1.956954325806000039e+00,1.662096174406627597e+03,3.878426453781883411e-04,1.771493771101953626e-03
2.017300837421000193e+00,5.865444383358999758e+00,1.399302115078000064e+00,1.610074385386537142e+04,1.414335181283634703e-02,3.252327100133353355e+00
2.593696769749000097e+00,5.205271485885000438e+00,1.235931251408999954e+00,2.185533145147750838e+04,6.723695409780158609e-03,1.236733817069818331e+00
8.906702667779999860e-01,2.780119984846999959e+00,2.308483365598999804e+00,5.882042798925944226e+03,1.170766350845525196e-02,4.326025728303440343e-01
2.740071580431000076e+00,6.079108648483000366e+00,2.316414910629999824e+00,2.335402909226287011e+04,5.101599725979335392e-02,1.296267450650947239e+01
1.350966861327999924e+00,6.175897625105999822e+00,2.076584992451000033e+00,9.836786586681475455e+03,3.344605437666824284e-03,6.340821437874098743e-02
1.720765953189999919e+00,4.446479672630999858e+00,2.450852825322999973e+00,1.325124502408393164e+04,2.787252432494463639e-02,2.855496115153365722e+01
2.587402426719000115e+00,4.426220890888999726e+00,2.269791972120000167e+00,2.179119138008782465e+04,1.430787547438928074e-02,1.545830481116933885e+00
2.630590465701000191e+00,2.493145559563000102e+00,1.236672734394999917e+00,2.223179924089837368e+04,6.584151799862862468e-03,1.728306969904570833e-01
1.110349974261999995e+00,3.263058222219000104e+00,1.872983769383999908e+00,7.720587065862761847e+03,4.498840042539067330e-01,3.761762891200946513e+01
2.958831485076999890e+00,4.911307923700000133e-01,9.709902091019999570e-01,2.561787859264709550e+04,1.188395970260717055e-01,3.369016108066345438e+00
1.212723395934999893e+00,6.244471336515999838e+00,2.382635705739999832e+00,8.609206663121318343e+03,4.433466162177243652e-02,3.812798139479467885e+00
3.585918413590000187e-01,1.460385082808000057e+00,1.045796552332999951e+00,1.965156882706074839e+03,7.529199045102849281e-04,1.793588849064155569e-02
1.082984000174000094e+00,4.213054365448999583e+00,2.789516180470000162e+00,7.486251928810394020e+03,5.714916276184594385e-02,5.907780375389807936e+00
1.151333544129000019e+00,9.228181580859999844e-01,1.443234704093000031e+00,8.074110135239920965e+03,1.749248589609616461e-03,6.105239138798221332e-03
2.546235399767999841e+00,1.839425296586000069e+00,2.119687995966999861e+00,2.137233736145488001e+04,3.609621701630612474e-03,2.357795143809529870e-01
2.585338084937999881e+00,1.790482781728000017e+00,8.292345560649999614e-01,2.177016114136593751e+04,3.236666224194244268e-02,1.411578171089558964e+01
2.383014788777999993e+00,1.472366012409999980e+00,1.607587856487999955e+00,1.972302354541712702e+04,3.107455888656136117e-02,1.857631473968927693e+01
2.701598834180000130e-01,1.968682479858000045e+00,1.590402216848000094e+00,1.416643632182895999e+03,1.851345417091662757e-03,1.392115995758052595e-02
1.296998218022000104e+00,2.424592736745000199e+00,1.574485969549999975e+00,9.353994229568557785e+03,3.127915217176082015e-03,1.705947112336968219e-01
2.030748005602999839e+00,3.765409951410000122e+00,1.516013274037999903e+00,1.623195795468668985e+04,1.657424158761120966e-02,1.518307508124124849e-01
1.362241866791999989e+00,1.385577984144999997e+00,8.050279414580000514e-01,9.938200781211729918e+03,4.105504487527254082e-03,4.050598623139861632e-01
1.470510010129000067e+00,3.274074902111999918e+00,1.126602494306000013e+00,1.092123889559079907e+04,4.772029685955742756e-02,2.017898010014069488e-01
2.307119122346000140e+00,5.171003749513999992e+00,5.924407101580000390e-01,1.896261021734023234e+04,2.517989096417930228e-01,5.355650073006185785e+00
2.097166519816000108e+00,4.428290718230000200e-01,2.309456291952999951e+00,1.688239293256058590e+04,2.670029507250756828e-02,1.767538084349378480e-01
