2.324856706262000028e+00,4.722883248159000402e+00,1.446299059965000078e+00,1.913994230743824664e+04,8.850143061938320344e-03,2.688985771172775596e+00
2.512009668270999807e+00,4.316650280439000120e+00,1.246991649339999952e+00,2.102496801738549038e+04,4.602736379628805802e-02,5.163303393868124758e+00
1.188643924403999907e+00,5.893082541212000258e+00,2.906307363513000119e+00,8.398547692724996523e+03,1.406112837084451672e-01,8.171542692441485656e+01
1.256687668415999992e+00,1.060446920018000005e+00,1.537620670959999991e+00,8.996318566032421586e+03,7.659753754636610193e-03,2.810940973595120185e-01
2.414280627609000085e+00,5.117076185085999818e+00,2.265765563402000193e+00,2.003750979574655503e+04,8.121743707790618494e-01,3.117871044233928046e+02
1.920193716752000013e+00,5.548099829842000119e+00,8.205956165190000373e-01,1.515811199303830836e+04,3.328043373906126694e-03,1.413470830069968598e-01
2.493304180516000113e+00,1.508775699717999963e+00,2.202131681706999800e+00,2.083545469315021546e+04,8.692448625269517670e-01,8.468938563385994200e+01
1.597203082557999920e+00,2.900553801493999995e+00,1.457727183992999942e+00,1.209135479890198076e+04,9.033583339362419654e-03,1.809349667571006570e+00
1.933300192959999997e+00,5.207819007820999602e+00,1.261746746777999917e+00,1.528482364589026292e+04,5.704058912945181824e-03,2.324322374464399543e-01
5.966829228329999513e-01,5.557450234581000181e+00,2.546094104828000138e+00,3.604206170718804060e+03,5.695340981561770877e-02,4.014501448491713376e+01
2.718972116967000030e+00,2.229244799143999867e+00,2.240253072625999931e+00,2.313717192570587940e+04,1.100219171169991295e-01,6.077383790580297784e+01
1.455424294413000030e+00,2.669581128317000118e+00,1.906811306644000004e+00,1.078329476964888818e+04,7.259010909254221162e-03,4.316290316931387094e-01
2.883470525922000149e+00,3.060463100321999974e+00,1.587809375735999895e+00,2.483489471344602134e+04,1.912859186658199357e-03,6.553483223201074237e-01
3.101620111219999809e-01,5.120385662799000315e+00,2.509659316025000031e+00,1.660219406192412180e+03,4.305623576441885286e-02,4.388773919052235684e+00
2.215011281929999853e+00,2.952084960549999915e-01,1.237573903739999981e+00,1.804564625418648575e+04,2.161646713509823153e-02,3.706351250724531976e+00
3.891601195180000028e-01,4.956092772717999750e+00,8.849444830949999563e-01,2.163017486769631887e+03,6.007060398200764944e-04,2.320376347614648300e-03
2.310664407940000054e+00,1.322897746109999995e+00,1.103013821683000106e+00,1.899803534080515965e+04,2.704442699096932246e-01,3.120127022675054107e+01
9.162846799410000465e-01,5.977064949801000004e+00,1.147656005560000025e+00,6.091104488522847532e+03,2.650106981390556310e-02,9.366001813513870344e-02
2.181875796037000104e+00,5.644038636340999560e+00,1.666921479493000069e+00,1.771740973237308572e+04,2.960880111265327182e-03,3.229808252887631514e-01
2.252635651214999868e+00,4.913783309921000431e+00,1.444088263729000010e+00,1.841941096764073518e+04,2.022885185316962778e-02,3.548260766685823597e+01
1.720340368218000071e+00,1.594776602849999891e+00,2.723713116162000070e+00,1.324722033628605641e+04,3.693869752036262749e-02,3.503392596406231796e-01
2.761127905362000146e+00,2.742981256371999965e+00,2.010609739738999924e+00,2.357071253429600620e+04,5.916396349529053078e-02,5.403718706753917189e+00
2.287559268536000001e+00,3.139276954646000206e+00,7.202940856709999506e-01,1.876733641555288705e+04,6.638895641482850038e-03,8.933740317543144294e-02
2.561347319740999939e+00,3.809058454880999811e+00,1.142304477171999899e+00,2.152596341797156856e+04,4.098451625076149178e-03,9.088272193586333092e-02
2.778725256246000086e+00,1.193161350449999936e-01,1.688067899773000091e+00,2.375200556920236340e+04,5.277932122816410970e-02,6.607054303633915104e+00
2.233930597811999874e+00,1.894746676370999916e+00,4.213844085690000019e-01,1.823345313131859439e+04,2.589026744522215373e-01,6.618836402500567928e+00
2.705173505013999780e+00,2.366237162455000043e+00,6.447654410859999796e-01,2.299549940522319594e+04,5.400634762134655376e-03,1.866307223358495859e+00
2.251726626908999940e+00,4.552266707199999901e-02,1.020901877813999992e+00,1.841036748430130319e+04,1.500424728890550723e-02,3.034744863130123260e-01
9.840473778870000299e-01,2.160350509181999890e+00,2.934763561629999962e-01,6.651236593117502707e+03,7.284702554979076428e-02,2.373157861863594842e-01
2.951865683759999914e-01,4.189457973848999650e+00,1.215579170033000089e+00,1.568130430517746163e+03,8.012276138984345333e-03,1.425905893443487615e-01
2.624833108949999882e+00,5.156134793837000352e+00,1.841192565600999975e+00,2.217299267794259504e+04,5.914863782460478593e-03,4.586640305464984579e-01
2.432562761584999844e+00,5.635511143388000299e+00,1.168802035733000011e+00,2.022172448407576303e+04,5.880150273130734830e-03,1.649850873840588983e-01
7.583572952960000446e-01,3.994543687925999897e+00,1.263246261798999903e+00,4.827476661457555565e+03,4.571082793936855071e-02,1.954716812755266986e+01
2.807059623909000212e+00,1.345429548809999876e-01,9.506033104950000201e-01,2.404430211947107455e+04,4.421982870114358755e-01,2.471944131683152435e+01
1.946384817501999986e+00,6.242351683075000324e+00,1.468846355778999913e+00,1.541148670733478502e+04,4.683848653914036986e-02,7.610425817616277122e+00
2.904145448908999949e+00,3.295025450344000184e+00,2.220123219800000047e+00,2.504938555009452102e+04,6.132734563034777237e-02,1.001152590490448135e+00
2.570076468463000197e+00,4.433417876445999717e+00,2.134896502641999927e+00,2.161477197106756284e+04,6.310208625246643832e-02,3.298799602865535974e+00
2.567269206496999967e+00,2.004392913101999962e+00,1.804567722573999999e+00,2.158620597445006570e+04,1.280885421231396648e-01,6.572549881376709209e+02
