2.461061644883999922e+00,1.789679239220999918e+00,1.803226162285999967e+00,2.050935643582148259e+04,5.949426001264430247e-02,5.222287586253116842e+01
1.129287127983999994e+00,4.946195546897000028e+00,1.879115090243000052e+00,7.883559682073238037e+03,1.834566777502721069e-01,2.128580670387314022e+00
1.788488895306999948e+00,8.964466720049999449e-01,2.227884326233999790e+00,1.389418602729448685e+04,9.070467794197646649e-02,8.942021350232952637e-01
2.180849110143999958e+00,2.214442816160000049e+00,2.137768299679999817e+00,1.770725367686378013e+04,5.173251347718698691e-03,3.047356481847606768e-01
1.880282789498999962e+00,1.686344307910000007e+00,1.694964135451999976e+00,1.477327760638253494e+04,1.042231858289476400e-03,1.445900547841541262e-01
1.618229410459000039e+00,1.462007155455999907e+00,1.417250270944999890e+00,1.228747646746743158e+04,1.992703751234501525e-02,1.387275249576716263e+01
5.439035882539999811e-01,5.985891743815000332e+00,9.574641468700000324e-01,3.222694535039336643e+03,3.246212343878143031e-03,1.597930054475383554e-01
2.873145770668000143e+00,1.779654569254000007e+00,2.140910928768000154e+00,2.472787202121654263e+04,1.131388699170304303e-02,1.635602282391372730e+00
2.304090657420999833e+00,3.072564273241999988e+00,6.949998775140000529e-01,1.893235679970131969e+04,1.350513484019829832e-02,1.324053528251316614e+00
1.529676058493999902e+00,2.101714847073000048e+00,1.215508586034000027e+00,1.146515086693155354e+04,2.055895746451463432e-03,1.018761475179959630e+00
2.614239107692999831e+00,3.086022540020000093e+00,6.635364429650000284e-01,2.206483951004913979e+04,3.245397209336036565e-02,9.394927245940550842e-01
1.239437067799999959e+00,2.578650138795000046e+00,2.164588134565000210e+00,8.844046824167853629e+03,1.199249306136546400e-01,6.590097943650714285e+01
2.704762223787999798e+00,6.272198863666999635e+00,2.349886522019000168e+00,2.299127851717573867e+04,5.938950747786271300e-01,1.365462683540768474e+01
