2.498720693379000046e+00,5.144848420380000453e-01,1.213622025540999960e+00,2.089030712496355409e+04,9.748663557988414274e-02,4.812062490427683770e+01
1.440057066085000059e+00,6.127691767381000076e+00,1.411825555449000014e+00,1.064309267323856693e+04,5.455188766039699259e-03,1.752444066330471339e-01
9.157387379710000275e-01,2.682799508641000141e+00,1.852531979951999919e+00,6.086632924754744636e+03,3.064562946197752803e-03,1.197154734704523535e-02
2.089979202612000098e+00,5.199936640705000279e+00,1.955770891917000043e+00,1.681182272277697848e+04,3.165587629243655100e-03,3.021731399262973294e+00
1.444658984401000046e+00,4.955757780653000211e+00,1.625976515237000042e+00,1.068504431900782765e+04,1.392044787181881578e-02,1.010851320245613572e+01
2.223314336301000171e+00,4.176817809194999676e+00,2.800506679459999759e-01,1.812803340463324639e+04,2.661562104024151054e-02,2.284544028484940981e+00
1.499069025152999890e+00,1.183390492825000084e+00,2.327419935205000012e+00,1.118321175567040336e+04,2.587426657822871623e-01,1.678465469383911852e+02
3.743569596240000075e-01,1.132170626610000008e+00,2.292383022624000066e+00,2.066693672831517688e+03,1.099799011648857489e-02,1.085328270217523539e+00
1.192559635337999913e+00,9.352105722839999524e-01,1.258310859630999978e+00,8.432737162875086142e+03,2.238148810213818826e-02,4.164305561784700238e+00
1.428140856479999998e+00,1.565438757072000087e+00,9.629475738099999571e-01,1.053459803144036960e+04,2.346838856000271062e-02,2.041899827361417064e+00
1.727652377509000026e+00,2.794900514616000198e+00,2.648487131296000108e+00,1.331639645048693637e+04,7.811228190365093749e-02,3.789488939383415556e+01
