2.600488038498999899e+00,1.581664280685999957e+00,1.068819221765000105e+00,2.192456422098710755e+04,9.673414849257629469e-03,9.964638671127072911e-01
5.334905303339999572e-01,3.897594923148000046e+00,1.166062821169000063e+00,3.148559065206495688e+03,1.847673891841876970e-01,4.109317983048677014e+00
1.842395700720000085e-01,6.146022734739999827e-01,9.546146878560000104e-01,9.207596804749831563e+02,1.784553225158639483e-03,2.243683441452565611e-02
2.074031671803000076e+00,4.867357442797000111e+00,1.109390601505999996e+00,1.665539737341889122e+04,1.258434535390735853e-01,1.018054968476080901e+00
9.993959562240000150e-01,4.675274751601000034e+00,2.076821116989999993e-01,6.779478280371924484e+03,6.305943320710996440e-03,1.921935803065048798e-01
2.644842435885999876e+00,4.438412263816999825e+00,3.010139476179999884e-01,2.237746231140973032e+04,1.882380629581609788e-01,1.699969733769355571e+02
2.398786954925999915e+00,1.981996122506000102e+00,2.467851321661000075e+00,1.988157920152861334e+04,4.155841699768119540e-02,7.681793080139375007e+00
2.735447646937000155e+00,4.112262906693000097e+00,1.497047799948000080e+00,2.330648175187450761e+04,2.625087474598573455e-03,4.869681269137543511e-02
5.247563054660000503e-01,4.734331843494000047e+00,2.393496868878000061e+00,3.086673015018836850e+03,2.145943642945248564e-04,8.216354122990309925e-04
2.149613977075000015e+00,4.715862011882999916e+00,1.110817797349000102e+00,1.739868608427236904e+04,1.825157621883331110e-02,1.810749889370345311e+00
2.738668255882999780e+00,3.426836050704999970e+00,1.373711471625000069e+00,2.333959750402842838e+04,4.637556447282136819e-03,6.646546245772488870e-02
2.972604718606000063e+00,2.541898629209999871e+00,2.802181094638999781e+00,2.576132034625843153e+04,1.635431078165359986e-02,4.573973384266264985e-01
2.597971023461000062e+00,1.204840364228999983e+00,9.778761689920000277e-01,2.189890131419237150e+04,3.600855591767578023e-02,4.725596612435564725e-01
2.765420526799999834e+00,9.220724175600000239e-01,2.290955652339999871e-01,2.361491925007990358e+04,1.767752463932146523e-01,1.363733679862580317e+00
2.566367710148000025e+00,3.793637237623999958e+00,1.390338021737999918e+00,2.157703367681095551e+04,1.230270389596702270e-02,2.180686060236597112e-01
2.948751858108999979e+00,4.701664087180000173e+00,1.262499922438000022e+00,2.551297013607122062e+04,1.187097380344936774e-02,8.273544248917785726e-01
2.806098670957999808e+00,3.137930804214999814e+00,7.677739406339999517e-01,2.403438117466919721e+04,1.009545893510764569e-01,8.478911096654493917e+01
1.932971975947999965e+00,1.743371284640000018e+00,1.187237987979000042e+00,1.528164849127723937e+04,1.622288172947678742e-01,3.358463988167483194e+01
2.033562005208000123e+00,4.127535955425999603e+00,9.062657942909999598e-01,1.625943670882895458e+04,1.783929838228752104e-02,4.689601044989398226e-01
2.071197887627000078e+00,2.819850300420000178e+00,1.071833216454999960e+00,1.662762453412807736e+04,1.508572252754444886e-03,9.930317308288401368e-02
1.320035794000000040e+00,5.169678112930999880e+00,2.363573025636000136e+00,9.559543879573529921e+03,1.657273085278921920e-01,2.935525796869003301e+01
1.043624079249999975e-01,9.920009214399999609e-02,1.108701221835999950e+00,4.961018255005291735e+02,3.661248059608388189e-04,4.584134010227516984e-04
1.665945988170999925e+00,5.328782893276000188e+00,1.839845315168999962e+00,1.273448278363141981e+04,4.430437937653738251e-02,6.785809058826215434e+00
2.155808697648000205e+00,4.738230584836999881e+00,9.599560132129999479e-01,1.745981901874293544e+04,4.703117488362252262e-03,2.892218325782914823e-01
1.563982342817000104e+00,1.379013510030999923e+00,2.067874780622999786e+00,1.178258067857970673e+04,5.174802442907987521e-01,5.754975683131746109e+02
1.486592956641000107e+00,5.478448603646000059e+00,4.963511521280000172e-01,1.106863608857277359e+04,2.618374749901904858e-02,3.083719227157940002e-01
1.325867645965000063e+00,2.449433924904000026e+00,7.174513418769999928e-01,9.611706267841824229e+03,5.817000005630763339e-03,4.226162637501139074e-01
1.823014272606999997e+00,2.067280796049999925e+00,2.813009657719999890e+00,1.422382291709760466e+04,8.234454233052553029e-02,4.728836961252206095e+00
2.070191821943000221e+00,2.750797474825000144e+00,1.984686053341000012e+00,1.661776614689558119e+04,4.249509766865422131e-03,6.781982953545084847e-02
1.495879680600000095e+00,4.111438339128000052e+00,2.899030886664000217e+00,1.115390259096184127e+04,6.611014341601698444e-03,8.409173436788304479e-02
2.107276721587000079e+00,2.061986551647999821e+00,8.010166561549999509e-01,1.698173691659127508e+04,5.000215376885354217e-03,3.561875329084403519e-01
1.817819911935999899e+00,5.575451178215000247e+00,2.028179613578000140e+00,1.417415027067136543e+04,1.316366507578122826e-02,9.940783152725648719e+00
2.838519938741999926e+00,5.306435183909999909e-01,2.245514055290000144e+00,2.436939955207626190e+04,8.560494585345648777e-02,2.807977180228286684e+01
2.896209297722000198e+00,4.665099028911000367e+00,2.751583347321000073e+00,2.496702377614892976e+04,9.130296824249926890e-02,2.810320028678784610e+01
1.128990317513000052e+00,6.022041348972000385e+00,1.405364369131000046e+00,7.881000283904962998e+03,6.146161562888277467e-03,8.319036576263690863e-01
2.598376412362000121e+00,2.983531174552000120e+00,1.680656090390000024e-01,2.190303428790829639e+04,5.643462412750076956e-02,6.760446874065685341e-01
1.706447485468999936e+00,4.856673609449000395e+00,3.022317079586999800e+00,1.311594733310239826e+04,4.765922579616960024e-03,7.911295213779322155e-02
2.298594717963000189e+00,2.969858106278000065e+00,9.981864015950000502e-01,1.887747187079769355e+04,2.844385359904466962e-02,9.071176602567376790e-01
2.232073864830999899e+00,1.211546815760000007e+00,1.105301607611999914e+00,1.821500929221724800e+04,2.691169501555827903e-01,9.092459628554790285e+00
2.365766980581999857e+00,4.376858826388000168e+00,2.146633212220999898e+00,1.954984050059141009e+04,5.091513296269863445e-03,6.836533434660818642e-02
2.964159787565999959e+00,2.123971692085000029e+00,1.145182146409999963e-01,2.567335801156253001e+04,1.321107090185492418e-02,4.492644658922583800e-01
2.992751912415000159e+00,3.229896684514999894e+00,1.386703721776000098e+00,2.597133065174852891e+04,1.139542157533070081e-02,2.547918349456302356e-01
1.280253396840000113e-01,5.207286088016999770e+00,1.099231032430000088e+00,6.180400582041506823e+02,1.887293666785942042e-02,1.062147119831341469e+00
