4.920322039239999889e-01,3.253788416403999850e+00,1.641005205476999906e+00,2.857269642301746899e+03,3.761592929617058045e-02,6.621484169824747745e+00
2.266587137175999800e+00,5.198996832723000061e+00,1.946715187147999959e+00,1.855828896085715314e+04,2.178450568494719360e-03,1.056453753864333156e-01
1.697119959527999988e+00,2.824870797425000024e+00,2.534368205438000121e+00,1.302793226908234828e+04,4.928052498582294848e-03,9.221209576039945954e-02
1.236131927773000072e+00,3.520554574485999844e+00,1.214336784881000053e+00,8.814927494033696348e+03,8.314143535662477102e-02,6.614450889873908501e+00
2.528182124409999787e+00,4.315611418355000062e+00,4.178996622710000053e-01,2.118900979978499527e+04,6.388641649424121709e-03,6.940252935497237541e-02
2.298687056153000174e+00,2.140287233565000058e+00,2.248786568017000054e+00,1.887839381184729791e+04,4.186185795910950247e-02,9.231153997128014765e+00
9.763948003500000361e-01,3.028744166193999998e+00,4.586824456660000271e-01,6.587482041914166984e+03,2.852552758735221305e-03,1.518389547813068542e-02
1.762242972660000018e-01,4.951966035142000067e+00,2.466492757195999808e+00,8.765063565673277708e+02,7.410611402099428298e-04,1.439002237666447276e-02
2.875512810426999799e+00,3.383687555060999941e+00,1.790247237812000014e+00,2.475240252956836048e+04,2.607278516997345308e-02,2.276506655350548414e+00
2.638632479131000075e+00,1.586198727456999968e+00,1.917937389188000052e+00,2.231397716608686824e+04,1.280868634215871944e-02,1.320317706761166576e+01
