4.595284987020000211e-01,1.090105156482999993e+00,9.512216047499999494e-01,2.633379754907309689e+03,2.123839844782033914e-01,5.256279055295360436e+00
2.886773929084999857e+00,4.625326258667000090e+00,7.650179584440000014e-01,2.486914941979339710e+04,9.545709405791972385e-03,4.477329143086389851e-01
2.732926916842000065e+00,4.725451231346999847e+00,2.285500133704000181e+00,2.328056687475234139e+04,1.450352284536684244e-01,8.157588806928314895e+00
2.132412071096000172e+00,3.634224829250000122e-01,1.647650283206000044e+00,1.722909542821449577e+04,4.595992558914045387e-03,2.666280125802030637e-02
6.258341717400000004e-01,1.848643234345000108e+00,2.578543636053999943e+00,3.818888774766020106e+03,7.975452444962128620e-04,1.217785669756817762e-02
2.641944809173999875e+00,4.157053116750000221e-01,1.625509100678000030e+00,2.234783646428660359e+04,2.631189769545137433e-02,4.038635354530609511e+00
1.708974091296000086e+00,5.178093114263999652e+00,9.096333660180000447e-01,1.313980519131804249e+04,1.129557224911741965e-02,7.228041653216296103e-01
2.021715701025000200e+00,1.090305716209999942e-01,6.590619840339999591e-01,1.614380512205263767e+04,6.782460224749133904e-01,3.351709399056643779e+00
2.171480737808999972e+00,5.178604690947000044e+00,2.015072320977000064e+00,1.761462073597254857e+04,3.047187394175608632e-03,1.275522488296663981e-01
1.843133662854999910e+00,5.492365523180000153e+00,1.781280596383999937e+00,1.441648015246322939e+04,3.261237530279476604e-01,5.615053914277897462e+00
2.886885034380000103e+00,4.943180852552999660e+00,2.757210549400999966e+00,2.487030163621941028e+04,4.457932650613313091e-02,9.173865888262550783e+00
2.886352494478999997e+00,4.428323671249000171e+00,2.278474811918000054e+00,2.486477899989115031e+04,5.212139250185291069e-03,1.437922308644668801e-01
1.788886849550000102e+00,5.641687574796000249e+00,1.827637818579000095e+00,1.389797850839985949e+04,1.837717950102582543e-03,1.944251286795199013e-02
1.554341221740999979e+00,2.770360267571000179e+00,1.541807889536999987e+00,1.169322427494746262e+04,1.350649884368456712e-03,2.089924753158337034e-02
2.653695159750999899e+00,4.966432379176000111e+00,1.749297449239000102e+00,2.246800716180196468e+04,1.746775655301855412e-01,9.734495456076225537e+02
1.997268482621000096e+00,2.145719651024000196e+00,2.085213411437000008e+00,1.590557518016154972e+04,7.596665931081318657e-02,3.528922384521375477e+01
2.230569932578000181e+00,3.033323204622000002e+00,8.888093601300000035e-01,1.820007199328070783e+04,6.341569104943257651e-01,6.679973092660735468e+00
4.383242349190000220e-01,2.229927066930000201e+00,7.227948684510000499e-01,2.489531970183813883e+03,1.886788159745805262e-03,1.813873779539613290e-02
2.529222028199999972e+00,2.017689461193000078e+00,1.528303300933999909e+00,2.119956388281161708e+04,5.333984896939885506e-02,2.374731297168323962e+01
2.828386471683999925e+00,4.566456562352000148e+00,2.616357116457999954e+00,2.426462150917353574e+04,5.475056810503263309e-03,5.600917235895960106e-02
2.510365084142999859e+00,5.347876369854000167e+00,1.037130054469000084e+00,2.100829646565927760e+04,1.102696105824618744e-01,5.555934072134967039e+01
2.682751461231999812e+00,3.343871155142999818e+00,2.075566438462999930e+00,2.276553990738884750e+04,1.379167239769559239e-01,1.427118262179511765e+00
1.978056181316999895e+00,5.454700740686000415e+00,1.952121892884000065e+00,1.571873936649265852e+04,1.584970011510523358e-01,9.128177562851769835e+02
2.165781505666000140e+00,3.948557629759999799e+00,2.767064659997000131e+00,1.755830278819399609e+04,9.606593726196580585e-01,3.920520662243024645e+01
1.081483003261999976e+00,5.235238754330000077e+00,2.590823540470999831e+00,7.473439721860901955e+03,2.088975298693643030e-03,6.990295988116841663e-02
2.610672182135000075e+00,3.943945348075999835e+00,1.407917525408999948e+00,2.202844138229254531e+04,6.356626727434460528e-03,1.610627307883055748e-01
2.902824377546000090e+00,3.480481822869999853e+00,2.380913183946999911e+00,2.503567293892144880e+04,1.912118119485496648e-02,8.720911011032432825e-01
1.739267971942999980e+00,4.054524965085000154e+00,1.773554741876999907e+00,1.342640724569764643e+04,3.985240668416163701e-03,9.485029636485181603e-02
2.207481694978000064e+00,4.992303005567999996e+00,1.536958663510999967e+00,1.797098141987843337e+04,2.368760740905697174e-02,4.870946668819479797e+00
2.374404464596000075e+00,4.958798060800000129e-02,2.129669560910000037e+00,1.963654121954069706e+04,4.471561976895963193e-03,9.037406816234207219e-02
2.892358836486999873e+00,4.144933867384000159e+00,1.790516001669000046e+00,2.492707632590556750e+04,2.297069075429089210e-02,2.975342603967205513e+00
1.843175805361999986e+00,3.965995066111000167e+00,1.219092227958999963e+00,1.441688412681744012e+04,4.235456660114478127e-03,1.089889446554277719e-01
1.231289107245000070e+00,6.195540348899999938e-02,2.097272304231000195e+00,8.772293067841845186e+03,4.932700115279379724e-03,6.979804049331214677e-02
2.341183020347000099e+00,2.184666317972999927e+00,8.456067583609999661e-01,1.930337388102781915e+04,3.962858768813953998e-03,1.150219284573233830e-01
2.834701810222000073e+00,4.735715559954000398e+00,5.921026438980000473e-01,2.432991384504551024e+04,4.086408266412447365e-03,2.393252527798900298e-01
2.751971657346000022e+00,1.707066970896000013e+00,2.399539440250999967e+00,2.347645578688413298e+04,2.648434617615747638e-02,4.651037680503752547e+00
1.359601394060000024e+00,5.010257125489999686e-01,1.214888157127000046e+00,9.914434034365634943e+03,1.153491065207644731e-02,2.917434104251444560e-01
2.629714109837999914e+00,1.580405877482000010e+00,1.438810066088000106e+00,2.222284663106349399e+04,6.321542551565373369e-02,1.306396002915351673e+01
