1.696921599066999908e+00,5.558426808511000239e+00,1.379525145966999933e+00,1.302606158282324759e+04,6.717834805143664267e-01,1.911475933773180103e+01
1.864793092760000048e+00,6.269232518489999961e+00,3.681191190279999859e-01,1.462434045112239255e+04,2.400442454441286885e-02,3.054821471965471158e+00
2.730251310183000157e+00,3.834385975581000139e+00,2.348721826694999848e+00,2.325306399545113527e+04,2.336887657920843075e-01,2.413387752530041297e+01
1.289127520600000069e-02,1.419683614326999965e+00,7.850441942110000237e-01,5.743828326086212144e+01,1.800198107150620223e-03,4.490111819594454369e-05
8.826361524539999559e-01,5.341860771287000098e+00,5.446310780190000145e-01,5.816782304964682226e+03,2.060917245634334271e-03,1.630669924812477578e-01
1.158596897882999910e+00,2.063336115400999926e+00,1.877156870179000014e+00,8.137078468377887475e+03,8.150437916882272704e-01,2.708867286661545748e+01
2.451855523259999892e+00,5.191754259838999630e+00,3.076472134652000090e+00,2.041637905137247799e+04,1.433933380205339690e-02,9.308883802793532780e-01
1.017902928035999910e+00,3.146094665469000073e+00,1.515185587880000018e+00,6.934757852904899664e+03,1.842894543538426593e-03,2.607989144008612814e-02
2.451051899613000185e+00,7.429686609740000502e-01,8.253441118280000488e-01,2.040826565517657946e+04,4.860625574315824426e-03,2.754444045304324171e-02
7.136911830069999629e-01,2.778020359510000148e+00,2.431113332311999997e+00,4.481837377630561605e+03,1.131270458878736417e-03,1.286193290899814885e-02
2.286652804754000012e+00,1.169231911952999914e+00,2.476843862231000060e+00,1.875829390818527827e+04,2.104526112922958658e-01,6.238054912279255682e+00
2.668116811971000146e+00,4.140104556818999804e+00,1.884898451620999893e+00,2.261561665945608911e+04,6.584135803471229294e-03,9.840946411694685703e-02
