2.538165809842999998e+00,2.916616155177000014e+00,1.089777372011000001e+00,2.129036520419123553e+04,1.147300397846825158e-02,5.731525725469378552e-01
1.120618450377000030e+00,5.230874560054999733e+00,2.074549472569000130e+00,7.808875722123975720e+03,7.581568869415546141e-02,3.938062765357036588e-01
5.595957059480000106e-01,1.847182209899999872e-01,1.216939822213999989e+00,3.335131241041487101e+03,5.170147648759166464e-02,7.974233979551607898e-02
2.697476124681000176e+00,9.692891607389999553e-01,1.468639194044000007e+00,2.291652023958045902e+04,6.545477622584523758e-02,2.051166219654926071e+00
2.977914292913999894e+00,8.802328673489999700e-01,1.603890572931000014e+00,2.581664481430486921e+04,5.311525215756252374e-03,7.559402924992623951e-02
1.144335195320999921e+00,2.128076656483000040e+00,1.494393279717000089e+00,8.013527896424093342e+03,9.627920223021977503e-03,2.815487551615459605e+00
1.545085175075000095e+00,9.829037560290000419e-01,1.957983441689000070e+00,1.160754589020225831e+04,4.873905361871037900e-03,1.767992938463604224e-01
1.667645920790000069e+00,5.059194261344000410e+00,1.444455273888999969e+00,1.275045629334617661e+04,5.190844131810415374e-02,2.022127467414561011e+02
1.092941193420000068e-01,1.338211411662999950e+00,2.078469831712999927e+00,5.212393142026072610e+02,3.818758934373386502e-04,7.248814419955762348e-04
2.948586996196000065e+00,3.733981135072999891e+00,1.034588702133000027e+00,2.551125472430111040e+04,3.093249964126374568e-02,9.827652410196253685e-01
1.683391344107999954e+00,1.605582690954000080e+00,1.315621255376999921e+00,1.289856547441486873e+04,1.741413714582813188e-01,1.275475961520037504e+00
2.699615267716000133e+00,9.252095783220000147e-01,1.481242673893000017e+00,2.293846529120689593e+04,5.897335852242652221e-02,6.061598131813737966e-01
1.535811717439000024e+00,5.585028530934000202e+00,2.235450600730000126e+00,1.152181427020181400e+04,2.403973738352557440e-02,2.855997180863345530e+00
2.569479618364999940e+00,9.994933631700000376e-01,2.296790529593999874e+00,2.160869813812079155e+04,2.293761529830467757e-03,1.843429155296981772e-02
2.460641496625000091e+00,2.624441247120000154e-01,2.645309515540000267e-01,2.050511185170575845e+04,9.006830001030365906e-01,4.876180403353346904e+00
1.901323831907999917e+00,4.556431512902999970e+00,1.085186177366999960e+00,1.497596973180348323e+04,8.003363878034075451e-03,2.211358650462170450e-01
3.780189258760000004e-01,9.020000681230000428e-01,1.854522070445000059e+00,2.090434130235657904e+03,9.289527658213343753e-02,2.906933606864121700e+01
1.840968078533000041e+00,5.044429010886999798e+00,1.875616910161999940e+00,1.439572346396186731e+04,1.507878315709813800e-03,2.568202393583427293e-02
2.795428028523999853e+00,4.585442632372999761e+00,1.651365232819000051e+00,2.392425334266295249e+04,1.418903743597597356e-01,4.703441663359367908e+01
1.813776905646000026e+00,2.192826300207999957e+00,1.779377234156999998e+00,1.413550695524443654e+04,1.590472219587256691e-03,2.796045537977595932e-02
1.308246243988999913e+00,3.953410394311000164e+00,1.409139908073999914e+00,9.454251488065359808e+03,3.865622366284327677e-02,8.093264436451608201e-01
2.603717700144000169e+00,1.868974338637999999e+00,3.656133582960000017e-01,2.195749913825554540e+04,4.975846555696977931e-03,1.541880117710638376e-01
1.313298453282000011e+00,1.689409228051999889e+00,8.669519029479999528e-01,9.499346750257924214e+03,2.508990290868525208e-01,4.555903781749408665e+01
1.451837687190999926e+00,1.850934314340000109e+00,7.738214014490000237e-01,1.075054385229209402e+04,1.365448983243846767e-02,4.800848714983261267e-01
1.793185680002999938e+00,5.168518281070000331e-01,1.366440266636000045e+00,1.393895667664635766e+04,7.309286840819688436e-02,3.351344831296867000e+00
2.294069820694999873e+00,4.537058245289999903e-01,2.681644242737999839e+00,1.883230146452038753e+04,3.720562057613222007e-02,6.124158002657139832e+00
7.796623695009999855e-01,4.080418443705999820e+00,1.573937186943999977e+00,4.994262404145791152e+03,4.595257787084228718e-01,2.108411672181263157e+02
2.554142715141999975e+00,3.760863053705000070e+00,2.807717234151000163e+00,2.145270328391395378e+04,8.669793073213184070e-03,5.540766736161256700e-01
2.745132870326000063e+00,2.545513645484999810e+00,1.128547875089999986e+00,2.340608860459308926e+04,2.342289128964838152e-01,4.767542795908072861e+01
8.208521564720000496e-01,2.952054583733000115e+00,1.716013917868000060e+00,5.320089657780542439e+03,4.198073371604579655e-03,1.932218979317357754e-01
1.090843056581999981e+00,4.944175488890000025e+00,1.706779694988000085e+00,7.553405047778357584e+03,5.922142137796683470e-02,7.570150334217987620e+01
1.787205771363999940e+00,6.297594686480000314e-01,1.483904259550000049e+00,1.388195905953639885e+04,4.370620401451584258e-01,5.843431100216714746e+00
2.494533009314999994e+00,5.466581516966999565e+00,2.996252354930999839e+00,2.084789714479599934e+04,1.413926405517091332e-02,7.103847350008505313e-01
2.974233800173999853e+00,1.211455836512000062e+00,1.655627010409999933e+00,2.577829334016707435e+04,1.248962730832288079e-02,4.357475104680275990e+00
2.403847508754000106e+00,6.269438611078999912e+00,1.521040913493000080e+00,1.993249039846405867e+04,3.377130032124261994e-01,4.000840202421932759e+02
2.262031366585000036e+00,2.655300876590999781e+00,5.346092691770000238e-01,1.851292257206949216e+04,1.316483635569894693e-03,1.399458227639715190e-02
2.847240586843999832e+00,7.050054268100000576e-02,1.231019037153999962e+00,2.445961706413008869e+04,8.686490660721338797e-01,4.969009130043765055e+01
1.329934254931999904e+00,3.829496957167000115e+00,1.654934426442000062e+00,9.648110042677160891e+03,1.929903768649177120e-02,1.185635858268706322e+00
2.971459152835000062e+00,4.982676086189999687e+00,1.117465091041000003e+00,2.574938585197991051e+04,6.037406104647859151e-02,5.482862584611156365e+01
2.953908533158000171e+00,1.954240614680000099e-01,1.335803981258999906e+00,2.556663365558243095e+04,1.488177322756099354e-02,2.301874356043725811e+00
1.529000431815999983e+00,1.715020146387000066e+00,2.043580953141999945e+00,1.145891431118137371e+04,1.522663271055333702e-02,7.340607643668295879e+00
3.768671576789999755e-01,4.473703317255999679e+00,1.707022394051999958e+00,2.082960979840478558e+03,1.429920229453525149e-01,6.115642950643489506e+00
1.859962703175999987e+00,2.776710003688999784e+00,2.427211913633999796e+00,1.457794374308727492e+04,4.763719494683834460e-02,7.712698357532165261e+00
2.520856136878999898e+00,1.903624570330999966e+00,4.956084419019999854e-01,2.111467832149542301e+04,1.193006071423481466e-02,4.399200789209030127e-01
1.266848552116000004e+00,4.031957491795999715e+00,2.314128853814000131e+00,9.086233553560188739e+03,8.181836649581993859e-01,2.829747897854172578e+01
8.837326227149999713e-01,4.831429040410999853e+00,1.047146550579999946e+00,5.825679936665248533e+03,4.676791102594347049e-01,2.312554815282626919e+02
3.692889409610000118e-01,2.334078599639999863e-01,1.491464659809000004e+00,2.033933894176453578e+03,1.270106491269499269e-03,5.269285934215553295e-03
2.126363354771000136e+00,1.123804903549000089e+00,1.014362131644999998e+00,1.716952096348509076e+04,3.134653298656217557e-02,2.463254531787144597e+00
3.334000964130000022e-01,7.440204383709999592e-01,2.133067754537000038e+00,1.805200626733161016e+03,8.911070508548951316e-03,1.234003666138543120e-02
2.905299465235000156e+00,5.198318105989999660e-01,1.322341367219999952e+00,2.506136494891596521e+04,6.363755893973431325e-03,9.991907395688322258e-02
1.831238330704999973e+00,8.907133218720000301e-01,6.788447738730000180e-01,1.430252433863501756e+04,2.665158171964846501e-01,5.070344856408046663e-01
