2.972792253909000149e+00,5.387001607378000045e+00,7.495397158209999855e-01,2.576327415581020978e+04,9.965518017798930331e-03,1.129820831481456178e+00
1.594686590598000109e+00,5.911349378537000376e+00,1.172241566699000037e+00,1.206791794182884041e+04,3.928985573590319628e-03,1.597421879198582806e-01
7.277557570679999976e-01,4.862019583099000286e+00,1.176678068091999929e+00,4.590072883464052211e+03,6.536912076284207875e-03,4.531008061348375549e+01
2.664488876739999901e-01,5.146579113668000360e+00,2.419678996651000169e+00,1.394442438000401808e+03,8.523228673764981838e-04,1.683837604074953998e-03
2.495340779435999856e+00,3.758844129039999871e-01,1.086010244106000000e+00,2.085607674931585643e+04,1.949418340456439370e-03,1.349350759253375477e-02
2.112163940164000220e+00,1.732130398400999916e+00,2.119381527938999810e+00,1.702979049077757008e+04,2.890869017641312100e-02,6.433000030454865126e-01
2.063004987071999974e+00,1.614094995207999927e+00,9.420409646249999769e-01,1.654736836575489360e+04,9.615121608915486520e-03,9.023243535542115890e-01
2.717289047017000136e+00,2.804643250193000092e+00,1.779282063983999906e+00,2.311988531011108716e+04,1.522923128320672892e-01,3.369031043395957425e+01
2.581612493168000011e+00,5.947974884807000429e+00,1.764493018068999941e+00,2.173221417735940486e+04,1.412341721237883076e-02,8.286569341343904549e-01
1.626604742432999906e+00,5.188997010133999943e+00,2.019646253941000058e+00,1.236574338953814004e+04,8.483091921968173577e-03,1.045605967034008765e+00
1.462103020590000080e+00,4.874223974869000386e+00,1.973507132726000091e+00,1.084432748815918603e+04,1.737324344040368576e-02,2.838967967260011704e+01
1.290287561113000026e+00,2.541635401486999957e+00,1.178187868895999912e+00,9.294273274431236132e+03,2.985386648005997068e-02,3.274865585568283777e+00
2.081867982243999826e+00,3.098555628834999798e+00,1.956669399946999954e+00,1.673223432760849391e+04,1.939536678989339791e-01,2.874291043124635792e+01
9.809683966579999526e-01,7.383828446210000118e-01,1.699684433735999978e+00,6.625570339551048164e+03,1.087536785594289115e-03,6.670383859841580096e-03
2.202719693375999821e+00,2.287235985292999985e+00,2.095900672982999868e+00,1.792378394760908850e+04,1.346331925343076212e-02,2.925354071899248343e+00
1.576433608115000107e+00,4.532823067972000075e+00,9.489552359030000162e-01,1.189815231713806679e+04,1.965345929851958218e-01,2.045750462827428748e+02
1.484207443362999923e+00,3.028486425950999816e+00,1.190278906909000067e+00,1.104675168275818578e+04,5.830132215699056729e-03,2.669515904309601173e-01
2.854294797324000044e+00,1.664921442348000102e+00,1.909188813060999967e+00,2.453262700131792371e+04,6.358134396304249147e-02,1.574075339433781018e+01
2.269841948044000191e+00,4.332806845959000341e+00,2.163553261092999946e+00,1.859071024059088450e+04,3.733959908389056052e-03,2.307551546283810318e+00
2.558352400258999904e+00,3.091880658400000259e-01,8.081560330160000305e-01,2.149550534850990152e+04,5.798359550791910150e-02,2.657231891829421877e-01
1.602219567676000045e+00,1.998909742269999956e+00,1.829382919056999901e+00,1.213809762547508581e+04,1.274075225991812884e-03,4.851748495254969151e-02
6.010151065000000209e-02,8.644437626499999749e-02,2.005332984373000116e+00,2.771849745047857709e+02,1.507488672347234878e-04,6.441962699987589022e-04
1.485616817136999890e+00,8.169563838819999813e-01,5.379902940520000509e-01,1.105968019799765170e+04,9.586203852176860066e-03,2.659858721649158153e-01
2.269978407883999960e+00,1.253108641409000024e+00,1.641795120960999999e+00,1.859206970074350829e+04,2.818378767698641665e-02,8.182396180300040456e+00
5.879584847630000555e-01,4.641333356442999936e+00,2.338227396415000214e+00,3.540494229018050191e+03,3.968150128836434726e-03,9.083630493646790635e-03
2.714984966303000125e+00,4.227487307676000228e+00,1.932896856516000073e+00,2.309622318631109738e+04,4.949255083179476822e-02,7.800177096729218329e-01
5.066641147049999461e-01,3.788900961793999933e+00,9.937171191979999874e-01,2.959356852447496749e+03,5.647836456442564997e-03,1.354505936347906447e-01
5.563963770650000029e-01,3.361275942690000185e-01,1.194683640445999950e+00,3.312138194947767715e+03,2.300605455549764849e-03,3.694704607538169122e-02
1.350182157437999964e+00,8.785444727029999568e-01,1.577257728596999975e+00,9.829735455925378119e+03,3.000037028787683191e-01,5.962314862942714200e+01
2.016334132349999919e+00,3.195407440092000062e+00,1.728245415521999950e+00,1.609131723761608555e+04,5.310541809793069973e-02,1.825039823843133391e+01
1.409436404477999893e+00,7.498141703980000239e-01,2.691973673706999914e+00,1.036469448098885550e+04,4.287480650271189957e-03,4.454040357472375394e-02
1.570870311021000054e+00,2.578650411214999938e+00,1.908821259305000018e+00,1.184649065076742409e+04,2.142881273727706981e-01,3.731280671339428778e+01
2.248275518805999962e+00,3.630815977250999804e+00,2.638886133754999808e+00,1.837603981035705874e+04,9.452440913860722660e-03,5.238362151336527495e-01
2.888520032360999856e+00,5.604609308746000274e+00,7.518272384969999500e-01,2.488725817821557575e+04,2.710480186857760695e-02,4.879792669490794488e+00
6.260808165010000037e-01,4.493743139013999688e+00,1.993659967968000046e+00,3.820716812137698980e+03,9.910540102063053122e-04,5.307734604794225701e-03
2.362932421511999781e+00,3.240125865907999891e+00,5.131745430499999872e-01,1.952139988385725883e+04,1.491224202814590838e-01,2.302025584011997417e+00
1.741028901633999926e+00,2.653855502339999894e+00,7.617647798559999961e-01,1.344309773991354268e+04,7.119707380559796425e-04,9.635928058586510844e-03
2.296579503064000161e+00,2.790878428180000093e+00,1.764178194067999916e+00,1.885735278467228636e+04,4.429225240840831829e-03,2.224278512855818180e-01
1.687210329468000092e+00,5.896244169351000153e+00,2.883007144347999873e+00,1.293453105769595822e+04,5.706502579879509443e-03,3.322492049881067139e-02
1.672838831753000077e+00,1.156220300940000056e+00,2.156626240536000161e+00,1.279927220521937306e+04,3.785985612096191555e-01,3.300452956521835546e+01
2.912832513926999933e+00,4.989023059115999637e+00,2.642413844683999979e+00,2.513958104253120837e+04,1.220520774837426971e-02,3.137508331761386660e-01
2.811026215123999972e+00,2.911972105302000013e+00,7.593783446680000271e-01,2.408525923478027835e+04,2.194690901977151137e-02,1.013258082022908901e+00
2.630789644731999832e+00,5.257625660860000272e-01,1.771194434827999986e+00,2.223383406754152384e+04,8.430357907796339270e-03,5.537677903449432504e-02
1.912250620590000061e+00,1.049628014522000052e+00,2.090551985529999879e+00,1.508139916403503048e+04,2.937017569195780886e-03,2.073033920743816774e-02
2.438365818350999970e+00,4.957080003871999985e+00,1.662362900868000093e+00,2.028024691038401579e+04,7.789177383892631652e-03,4.878815726059806956e-01
