1.113914276258999969e+00,1.208422477757000069e+00,2.383401971655000118e+00,7.751211031471742899e+03,8.789195523053899839e-02,2.412345265167640207e+01
2.166859395867000160e+00,2.333203071063000067e+00,9.929796196400000330e-01,1.756895210306434092e+04,1.644309449716384623e-03,1.224653598786038383e-01
2.146201616871000084e+00,3.064648202807000121e+00,3.101905436430000051e+00,1.736502461199109894e+04,2.911977552205731734e-01,1.818981693965324276e+00
2.048192868232999952e+00,4.268799268771999778e+00,8.933708452140000089e-01,1.640242067105052411e+04,1.070397357841177538e-02,1.964430209150166418e-01
2.217890518444999959e+00,5.868155420359999930e+00,2.699712931459000043e+00,1.807420929099720524e+04,1.519730194527775247e-01,8.097168891123277534e-01
1.789909632175000098e+00,1.598309209548999910e+00,1.819323115767000010e+00,1.390772632876281750e+04,6.316404538119959472e-03,2.454790573583785773e-01
1.697629389622000051e+00,2.168734824701000097e+00,2.031674444977999983e+00,1.303273677430135649e+04,1.830693264926637198e-01,1.146091384964297362e+02
1.225441502311999997e+00,1.332552538200000025e-01,1.265942620694999965e+00,8.720864370251407308e+03,1.472385738540348821e-01,1.971899079991572421e+02
2.329978362539999903e+00,4.320047578889999684e+00,3.980881786609999917e-01,1.919119026356074392e+04,3.520577465089942681e-02,1.963906652364476146e+00
2.470586492298000092e+00,2.417297814933999867e+00,1.594773221230000093e+00,2.060561501273027898e+04,1.890087773295280882e-01,1.843185102963127653e+00
7.519103558999999659e-02,3.869417565791000158e+00,1.805922627291999927e+00,3.504491179512135659e+02,2.462240935075640704e-03,2.591923614133515713e-02
6.353286505180000265e-01,9.370396390320000490e-01,2.008057953502000004e+00,3.889396964306361951e+03,3.865014460208073682e-02,8.746631922783625057e-02
2.170670955997000107e+00,2.809544780158999888e+00,5.754973074310000269e-01,1.760661711392157667e+04,2.885251838927942007e-03,2.748649672538529265e-02
1.520880489048999973e+00,6.230532973547999731e+00,1.975185054773999971e+00,1.138400649974565385e+04,1.073069530849445757e-01,1.488136780129828374e+01
6.512411347000000017e-01,1.099354490800000077e-02,1.639774868976999977e+00,4.008198989418031033e+03,6.493550229979033056e-03,4.716618623365220753e-02
7.131946546280000243e-01,4.640990387130000117e-01,9.302183621690000015e-01,4.478026550854207926e+03,2.444553414038842516e-04,2.279853615087996412e-04
1.706326575187999905e+00,5.172456376828000302e+00,1.788882880288999999e+00,1.311480579714583291e+04,7.518412451557626719e-02,5.901913476696408623e+01
2.553117483822000100e+00,4.885199366896999962e+00,1.198305717400000026e+00,2.144228100585321954e+04,2.100050880772650133e-02,1.553921226498801289e+01
2.180688096852999802e+00,7.266868121300000538e-02,1.821867528410999970e+00,1.770566099890404075e+04,6.122569443782304166e-01,6.802713246013881587e+01
6.822672584619999814e-01,6.017904076790000500e-01,1.403979176663000095e+00,4.242065218527187426e+03,8.843071645914435744e-03,1.582790555611235384e-01
1.984590236862000090e+00,1.848327186871000061e+00,2.392725861310000202e+00,1.578224377226245088e+04,1.408692264376588954e-02,1.591537703374793056e+00
2.758713852331000194e+00,3.371681739388999954e+00,1.274907200598000001e+00,2.354585675347259166e+04,2.229086349900256600e-02,2.391374866129367949e-01
2.608168457754000080e+00,3.269527035270999971e+00,1.613184737334000030e+00,2.200289743549854393e+04,8.732309825323976427e-03,2.369033818043356221e-01
2.684582861507999851e+00,6.124297760354999731e+00,2.120203340513000079e+00,2.278431094271050824e+04,6.845016196116223729e-03,2.493663910912326254e-01
2.209014921580000124e+00,5.207260781375000036e+00,2.383804183061000170e+00,1.798618151087186561e+04,9.725863509599207840e-03,1.467940101971326783e+01
6.598060067769999648e-01,1.037029123988000068e+00,1.680226456048999895e+00,4.072467395727753683e+03,4.962486988440985292e-02,3.442570713744441679e-01
2.769897504283000078e+00,2.914694162417000189e+00,2.381824555315999792e+00,2.366103630584738130e+04,2.988385144073343620e-03,8.463020783804875435e-02
2.922827523934000027e+00,4.825093595242999633e+00,2.070190140584000194e+00,2.524340899867152257e+04,6.923240659418033842e-03,6.105123215705676731e-01
1.818411620763999981e+00,5.192157606510000356e+00,1.185791705278000041e+00,1.417980727004119763e+04,2.045066418980556744e-03,6.189476163614138909e-02
2.068687112182999943e+00,1.439000160856999999e+00,2.623996897897999947e+00,1.660302321544497318e+04,8.841961521168462124e-01,3.759431115022950820e+01
4.953035048000000162e-01,3.628227846855000216e+00,1.195793273275999935e+00,2.880024549545500577e+03,8.855498415698098702e-02,6.332033456947720740e-02
2.479147459009999999e+00,2.654500673709999869e+00,1.151351115503000067e+00,2.069218630237197067e+04,8.162294586523894946e-01,6.255710969817018849e+02
1.902491798895999953e+00,6.274264562205999596e+00,2.686201526195000078e+00,1.498723359756600621e+04,4.557948064761574436e-01,1.272854613223642595e+01
2.899620726001999937e+00,5.648230875888000213e+00,1.249278732707999939e+00,2.500242339080169404e+04,8.862093299044686290e-03,3.480408399282373999e+00
8.475909935669999618e-01,3.482980948450999925e+00,1.779358042221000025e+00,5.533905856976417454e+03,3.675655109084454905e-03,4.577818586167251708e-02
3.254058925100000027e-02,1.320688484608000035e+00,9.934043246050000553e-01,1.471266419886245558e+02,9.250379558858705387e-05,1.538946755955745342e-04
2.568390199373999927e+00,5.199718730776000442e+00,1.264347987812000085e+00,2.159761229399287549e+04,3.144372388418176234e-02,3.750500913481120335e+01
1.777919927242000098e+00,3.535358279246000102e+00,2.524024564981000029e+00,1.379352521108725705e+04,6.691208924254965669e-03,5.223490353674949821e-02
1.530921531609999997e+00,4.129409378536999853e+00,4.100641740459999851e-01,1.147664906634707768e+04,1.801965628812709705e-02,2.602510550502662667e+00
