1.677242617275999992e+00,4.247848002618000329e+00,2.547322871432000202e+00,1.284069401690878840e+04,1.766512629992249370e-03,1.778671770514099817e-02
6.886972288910000461e-01,4.235009373855000092e+00,1.200341653136999920e+00,4.290892903310774273e+03,1.619029881143689217e-02,1.121812015216935521e+00
5.520138612149999569e-01,5.594666516670000478e-01,1.577470579054000011e+00,3.280699205598441495e+03,1.387474081931830937e-02,8.467163646786053377e-01
2.754266485426000166e+00,1.067966625183000007e+00,1.730318627516000074e+00,2.350007458315675831e+04,2.525957788721899105e-02,2.502921826865664556e+00
2.571299026483000016e+00,6.076908322270000440e-01,1.653760867711000060e+00,2.162721404165460262e+04,9.428334704633830471e-03,3.852551179857226504e-01
2.345799155312000117e+00,1.692088058279999918e-01,1.413166668091000000e+00,1.934961887550658503e+04,2.438885785479773683e-03,2.239661387294668640e-02
2.179989189250000070e-01,3.770633584436999808e+00,2.677653501751000142e+00,1.110987188098672505e+03,9.188104420803431052e-03,4.072997142976903517e-01
2.260837918417000214e+00,1.330670233918999967e+00,2.315949106329000085e+00,1.850104087300327592e+04,2.558262002181880823e-01,2.094846869016163460e+00
7.666024715579999871e-01,1.662107174421000089e+00,2.740053785939000175e+00,4.891879474584468880e+03,5.633764345724888260e-03,2.793907341530902921e-01
1.129924572996999999e+00,1.285116821524999953e+00,1.583427403459999994e+00,7.889056914272832728e+03,1.361131739642614802e-01,1.770223620946569598e+00
1.088972359835000070e+00,3.889506993841000071e+00,1.104985944725999980e+00,7.537409940762240694e+03,3.997045105352452742e-03,1.005224634414056059e-02
1.877391580795999992e+00,1.494035782799999934e+00,1.168359870203999895e+00,1.474545995753302850e+04,3.237919575396804722e-02,9.830564189558979038e-01
1.883977493464999986e+00,5.973128155448000243e+00,7.798868723830000294e-01,1.480883801408852560e+04,2.541494221525291697e-01,2.673102567794846962e+01
1.751567421839000049e+00,4.552133093919999984e-01,2.257085408561999795e+00,1.354305430276417428e+04,3.105456514118559025e-02,4.794932506003894090e+00
2.957615424149000027e+00,4.119849189171000070e+00,2.884328493422000150e+00,2.560521889609777645e+04,4.402584382366423604e-02,4.041657703119730383e-01
1.054309404033999975e+00,5.115971508237000087e+00,9.854945136610000489e-01,7.242239867312362549e+03,2.001242342807879604e-01,1.265847639203126374e+00
2.595974924495000113e+00,4.145334220138000347e+00,1.478783228596999955e+00,2.187855247827593848e+04,1.587266645643423957e-01,2.143855978016943453e+01
2.505225810994000213e+00,3.008195436289999858e+00,2.437265477428999905e+00,2.095621025605796603e+04,5.587762972876469253e-02,2.510949939414911469e+01
2.740852250786999900e+00,1.726425152195000035e+00,1.256784450429000000e+00,2.336205791212973782e+04,2.825118307598805528e-02,1.376747471394028111e+01
6.485008852260000234e-01,2.398552627713999907e+00,2.983629220174000007e+00,3.987684455119218910e+03,1.456056023223966933e-01,3.554990522554017218e+01
2.320137214790999991e+00,4.864956416382000270e+00,1.891386913257999902e+00,1.909273588787307017e+04,7.711704421485552838e-03,2.205492316218197468e-01
2.350942592558999955e+00,1.404318152814999943e+00,1.222330536696000003e+00,1.940116506307675081e+04,4.302563287876539633e-01,3.287759087530546509e+01
3.241231549840000170e-01,8.585020577169999445e-01,6.938826012959999900e-01,1.747022194681126166e+03,2.205199917451582808e-02,2.065031447416960653e+00
1.986184490739999919e+00,6.197889952787000389e+00,7.521557346760000540e-01,1.579774426236034378e+04,4.203134116931755981e-01,5.682911450271128473e+01
8.840630484250000531e-01,3.175397779510000240e-01,2.760081609556999993e+00,5.828361827382339470e+03,3.990452027013519781e-02,9.210872742000661972e-01
1.509367954118000066e+00,2.446844522570000180e+00,1.251543162449999969e+00,1.127794633384204280e+04,4.627021539212836966e-03,5.324784009345943092e-01
1.771435126249000014e+00,2.897810128202999991e+00,2.599230737035000072e+00,1.373182105099259934e+04,3.003362093595459813e-03,5.350864172068232893e-02
1.897417194373999916e+00,5.032714237921999789e+00,8.536574551129999522e-01,1.493830376231516493e+04,3.267644170023790151e-01,8.114758589038865821e+00
2.077539743316000109e+00,1.299058115520000112e-01,7.272054492909999501e-01,1.668978830262548945e+04,3.616722162138483795e-03,1.204557992142684386e-01
1.986170264539000030e+00,1.496807512620000058e-01,2.345391061652999820e+00,1.579760593462386532e+04,1.992825150082857318e-03,9.759058351360540631e-03
2.578660661333000093e+00,4.918740669130000076e-01,2.628581996618000183e+00,2.170215479809576937e+04,1.180306033873251975e-01,2.682429035436803555e-01
8.220535517029999850e-01,4.131818480177999575e+00,1.808761376862999981e+00,5.329658321469553812e+03,1.993504995588488930e-03,1.992441808313612575e-02
2.485494842757999923e+00,2.542820423868000113e+00,1.587452903218999900e+00,2.075640582352734054e+04,3.519870690725360185e-03,4.032513030813445476e-01
2.234092819752000025e+00,5.640661910767000187e+00,1.574995710844999897e+00,1.823506469074619963e+04,1.251318017032648222e-01,4.255686746129727283e+01
1.332907063961999983e+00,2.524769203705000020e+00,1.286249428327999933e+00,9.674738010483240942e+03,1.439654361986489675e-02,2.146554171277849754e+00
8.877452186119999533e-01,1.133160877367000108e+00,2.764746960436000212e+00,5.858265374798198536e+03,2.410337855187694722e-01,1.417837302724101001e+01
2.352022085093000037e+00,3.119002823797000001e+00,7.611578619030000548e-01,1.941198594217576465e+04,4.003935755236572858e-01,1.172989437723119721e+02
2.389185151508999905e+00,2.151778016971999996e+00,2.232369311384000188e+00,1.978503199702299753e+04,6.447251054968428444e-03,1.147726153431285062e-01
1.321996846440999906e+00,2.527040832955000038e+00,1.858174215123999939e+00,9.577078557893646575e+03,1.431390049746910677e-02,3.336539891702739347e+00
2.930839517738999866e+00,5.424299475952000016e+00,2.220208763048999945e+00,2.532667776460951791e+04,6.867929778865289325e-02,1.254623590782074061e+01
7.667166973619999881e-01,2.307916986001000037e+00,1.713199491344999936e+00,4.892772973417901085e+03,1.434726295439547328e-01,8.785052676181551590e+01
2.509768538461000009e+00,5.057607078318000049e+00,1.671636375008999975e+00,2.100224959054798092e+04,3.969466057279461002e-02,6.617055785124235001e+01
2.097993645109999861e+00,4.623218580390999755e+00,1.515793833819000014e+00,1.689051707994553362e+04,1.542620963727920833e-02,2.799347551898282216e+00
1.414307812764999950e+00,5.362145692052999735e+00,5.720867975719999832e-01,1.040889734352229971e+04,3.793292854398134795e-01,4.635900647252758944e+01
1.935566932810000029e-01,3.359763784716999879e+00,9.334264885199999862e-01,9.726445111927722564e+02,4.469893043727640736e-01,1.199045977061090062e-01
1.993719860571000035e+00,4.230254703666999738e+00,2.087375026863000027e+00,1.587104009690931343e+04,1.185783883659297794e-02,1.184596612271033411e+00
3.256676307310000240e-01,3.325502638085000129e+00,1.568724506569999955e+00,1.756680567244358144e+03,2.007802666932562066e-03,8.268173717779928045e-02
1.425975292601999955e+00,4.921911947417999755e+00,1.685611721836999921e+00,1.051490203747996566e+04,1.983622908212372138e-02,5.296216307983535820e+00
