2.232642659575000188e+00,1.479854866324999962e+00,1.304207070104000055e+00,1.822065911988753942e+04,7.188386339449807406e-03,8.379640763136578796e-01
2.634958743398000180e+00,7.670828263129999547e-01,1.287428888303999930e+00,2.227643169132668845e+04,3.766165604678842899e-02,2.441603123185930535e+00
3.528235858539999770e-01,4.747070926029000049e+00,9.196419972980000024e-01,1.928279733661467390e+03,2.437442377500000437e-02,2.077120557647041288e+00
1.532190369190999935e+00,1.885794254504999934e+00,1.419918576639999930e-01,1.148836499287243169e+04,2.122467738793380049e-03,5.844347228424965311e-03
3.579732865560000254e-01,1.308068273768999923e+00,1.665531857848999930e+00,1.961195315973167453e+03,2.220574850288766292e-02,5.104002803007045230e+00
3.722158192289999890e-01,6.187260946661999661e+00,1.665911504472000093e+00,2.052839652780087363e+03,2.512257890953711187e-02,2.878562372540367953e+00
1.910569618150000037e+00,3.410102066888000216e+00,2.014001275741000185e+00,1.506517215528813722e+04,5.863110021437678392e-03,1.817137612083961906e-01
2.653205866342999819e+00,5.906914014445000305e+00,2.099092458812000128e+00,2.246300141621227885e+04,3.770689315187664842e-02,7.055123838974247663e-01
8.147820322829999462e-01,2.493542110394999956e+00,2.078237732029999840e+00,5.271799107442742752e+03,3.953302142897043847e-01,6.878464860462772279e+00
6.533684437950000312e-01,1.132370271682999974e+00,2.519107682247999858e+00,4.024140751300255943e+03,2.240409871080998455e-02,2.222232665751696506e-02
2.776372890053000031e+00,8.951336054870000503e-01,1.862585010524999918e+00,2.372776007524886154e+04,1.011920054093854299e-01,2.091591957642911392e+00
7.349043011739999631e-01,3.600748643619999800e-01,2.310844748642999935e+00,4.645298731691074863e+03,3.309671283488295201e-01,8.638800312831635964e-01
