2.647909223142999924e+00,5.011184034061000325e+00,8.551959022099999697e-01,2.240186568334640833e+04,5.913000045822806340e-03,1.289269211669214821e+00
7.084856742209999503e-01,6.181604988350000163e+00,7.381514796300000514e-01,4.401761688343609421e+03,3.857664952238173094e-04,1.675892950078016917e-03
1.860690638708000000e+00,4.979098416231000357e+00,1.594764335667999910e+00,1.454798658986686860e+04,1.869310012651705447e-02,1.868858770062350416e+01
1.164329041900999950e+00,4.061925143207999689e+00,9.153234797160000324e-01,8.121625172529713382e+03,3.423720266239273138e-03,3.904502235575816466e-02
2.343036701916000109e+00,1.495864591591000048e+00,1.052088514537000030e+00,1.930477600126752441e+04,2.571994603339375907e-01,2.018707523522933922e+00
1.509237432474000107e+00,6.143177891873000007e+00,2.552838122823000155e+00,1.122329968377002660e+04,2.579665027858300472e-02,1.130814085808275804e+00
1.509220534795999935e+00,5.874122769751999762e+00,1.197597951607999978e+00,1.122314335642758488e+04,1.023675743597382212e-02,7.667681728794427665e-01
1.865430822643999953e+00,2.389061675644000182e+00,2.402623117810000153e+00,1.459373611574340066e+04,1.083225793991219807e-02,8.622279203099474099e-02
8.671639518139999669e-01,5.964746018248000325e+00,1.395134902691999912e+00,5.633404318623825020e+03,1.112101987118774412e-03,7.867867839520594278e-03
1.825380429078000022e+00,6.707154683310000420e-01,1.097103045064000026e+00,1.420789203581010406e+04,2.541145872568371152e-03,7.126188566864194787e-03
