2.416485371395999948e+00,3.683859316952999841e+00,2.673433604434999999e+00,2.004516174547110859e+04,6.665257084392008091e-02,3.237883159924070942e-01
2.230524759160999793e+00,5.787911260220999665e+00,3.834329805710000039e-01,1.817826632882619742e+04,2.070999648673771953e-01,5.899466954413837172e+00
2.925131708393999830e+00,4.174162182565000379e+00,2.170589602546999952e+00,2.526820275162613689e+04,3.112796266661396749e-02,8.273337180998908025e+00
1.938415314358999941e+00,1.175636229975999925e+00,1.563993584062999931e+00,1.530086894957546974e+04,7.560783108177391264e-03,3.211194631455084880e-01
2.586087856226999993e+00,4.814080847077000236e+00,2.411470849837999975e+00,2.176891005096829394e+04,7.045117334221311090e-02,5.039367084569388311e-01
2.496791614081999899e+00,7.403779352620000198e-01,1.972722615107000088e+00,2.085896741318868226e+04,4.053254417882120458e-03,1.208778653873904818e-01
2.223009330952999907e+00,2.415162315119999903e+00,1.422904175378000069e+00,1.810336061833424174e+04,1.502292531508079426e-03,3.998695058149649012e-02
1.096023916750000105e+00,4.010631243356000297e+00,1.741373569247000042e+00,7.532029716858432039e+03,3.199807185836888238e-03,1.940344495522361087e-02
2.488635163329000033e+00,2.173807760457000082e+00,1.031756346531000013e+00,2.077611104895569952e+04,3.664409058943397107e-02,1.543848393125985297e+01
2.432127043752999818e+00,4.481079068898999651e+00,1.182242026574999993e+00,2.020332478070197976e+04,5.656891653229142308e-02,1.557248980497548807e+01
1.064510120450999908e+00,6.195735632140000337e-01,1.405262709552999922e+00,7.263264400001853573e+03,3.055803171603285392e-02,1.988694963728200760e+00
1.678107018686999963e+00,5.339397268831000076e+00,2.422262471640999948e+00,1.280335451402246690e+04,3.994950890420220085e-02,1.257022822948040019e+00
2.797321288488999969e+00,2.161165633373999917e+00,1.646415228106000050e+00,2.394120843667435111e+04,6.556765647433281108e-02,2.067680323469709265e+02
2.557343395630999883e+00,5.690554739150000430e+00,2.180323411033000092e+00,2.147543417372097974e+04,4.843609125262350427e-03,1.103243535844896511e-01
1.305807214810000005e-01,4.656425838295000119e+00,2.657652969099999929e+00,6.361513660374185974e+02,9.900734714622743641e-05,7.409967456255118590e-05
2.352291511396999990e+00,3.423477401316000091e+00,6.970823139180000183e-01,1.939785523417455624e+04,9.689133782976235010e-03,4.016630484377270438e-02
2.211863724557999955e+00,3.730469382796000044e+00,7.204005704829999912e-01,1.799235360240694718e+04,3.206299049389631228e-02,2.285033372551984465e-01
2.399171357361999934e+00,3.089409449773000027e+00,2.553895562671999908e+00,1.987028742651934954e+04,8.580535889405592823e-03,8.181301885263249363e-02
2.115262701385999922e+00,3.091693794839999732e-01,2.024316823793999909e+00,1.703435382397892317e+04,2.651320750797780262e-02,1.416181458175211350e-01
4.864082186040000200e-01,5.394512861874000365e+00,1.476372630565000010e+00,2.804491767620114842e+03,4.343497385955750849e-03,3.036466312688320679e-01
2.225829810761000171e+00,4.243795277662999688e+00,1.581375338619999960e-01,1.813146706282418745e+04,5.162688139273029497e-01,1.156316119583109314e+00
8.610066246740000206e-01,5.464776312789999535e-01,1.890685756377999960e+00,5.584190361494986973e+03,6.757213523826333633e-03,2.337304131347733849e-01
2.475633097284999806e+00,4.825609289544000369e+00,9.120549225590000031e-01,2.064412588340772345e+04,5.695404129591247200e-01,3.354298720784817789e+01
2.788234276648999810e+00,3.378424189537000188e+00,1.859769619631000070e+00,2.384721285937485663e+04,5.594726157117143467e-02,1.982065972004220633e+00
8.561029769850000415e-01,1.089892126369999964e-01,2.454311305417999911e+00,5.545074571384882802e+03,2.097903522022232219e-03,1.329125266159330611e-02
2.235829812436000097e+00,2.882266246260000164e-01,2.527842355959000198e+00,1.823116756859889938e+04,5.034833400939545678e-01,3.558610260082950276e+02
1.846261617099999919e+00,2.796142327171000197e+00,1.682029600789999968e+00,1.440886116417945595e+04,4.753332302483098126e-01,7.604465034493598807e+01
2.804379201461999926e+00,2.752239722920999832e+00,1.682078182092999974e+00,2.401424781969852847e+04,1.006186441208319349e-01,7.944058907221607058e+01
1.993490911864999937e+00,5.929726009026000000e+00,1.343093554967000003e+00,1.583777410300131305e+04,4.394715732950524312e-01,6.150485194930723765e+02
6.425229513410000148e-01,2.004291473212000074e+00,1.128530651698000042e+00,3.911444139939666911e+03,1.126360340083313628e-02,1.364633079531296822e+01
1.670396901616999941e+00,1.736783042154000034e+00,2.673615236718999810e+00,1.273047471823020169e+04,6.487344859932263341e-03,1.738122011146619461e-01
1.186179302376000111e+00,3.682981381209999849e-01,1.619976494789999943e+00,8.312170824336986698e+03,7.855940726522561146e-01,6.796156909635462817e+00
1.666681679851000020e+00,8.474077535589999988e-01,1.071910422208000035e+00,1.269538075125715295e+04,2.226047997215012050e-03,1.598350846983528223e-02
5.060304646030000519e-01,5.988494124177000444e+00,2.050423308946999867e+00,2.939162881193713019e+03,1.146216964620751580e-03,3.692915213427641185e-03
8.024267451209999846e-01,4.561560373075000285e+00,9.004804483999999387e-02,5.121558367225661641e+03,4.021925748220236269e-02,7.046350971741547120e+00
8.039121895909999704e-01,2.426765877975999963e+00,2.036483792753999822e+00,5.133161012492581904e+03,2.360258639690357985e-01,2.991132166771036438e+01
2.139823673397999837e+00,4.032938427418000238e+00,2.770291209408000110e+00,1.727721477680464159e+04,1.135365521138082152e-02,1.737722609948990637e-01
3.748222268649999966e-01,4.511191254054000233e+00,1.003817527652000052e+00,2.065743824713184949e+03,5.475739151936925148e-03,4.272803963487342704e-01
1.375219776233000069e+00,2.499310814690999916e+00,7.745479352409999629e-01,9.995909168423084338e+03,4.899362851689467030e-02,1.236457836724353854e+01
1.547412683736999917e+00,4.594926357150000307e+00,2.604452754953999971e+00,1.157741858217939443e+04,2.535952123053675060e-03,4.031453798541613509e-02
2.786808388423000160e+00,3.876099107752999817e+00,1.707193754873999936e+00,2.383246764267202889e+04,1.836316139729438773e-02,1.187854642167164076e+00
9.750874350470000174e-01,3.666875541343999956e+00,1.790737061585000012e+00,6.512751474623414651e+03,1.951662104893380975e-02,5.520944856451334010e-02
2.165792892068000075e+00,2.598103801696999948e+00,2.374813778291000155e+00,1.753453367753990096e+04,2.449233828686239733e-01,4.680362354305956529e+01
1.239007674603999964e+00,1.627459893911000099e+00,1.213252027523000098e+00,8.776527905693215871e+03,1.519961808703096107e-01,5.962456768030295962e+01
2.686648931377999983e+00,4.253003463014000118e+00,1.288507149703999932e+00,2.279970611671770166e+04,1.576718375180902187e-01,7.816551845012440047e+00
2.566822502506000081e+00,4.612459270203999928e+00,1.154386667001999989e+00,2.157215561546918616e+04,3.507456981819964681e-03,1.568509342188345868e-01
2.895242392885999827e+00,4.920694424115000132e+00,1.568588911066999936e+00,2.495706497962020512e+04,1.000310815494440293e-02,2.008000969468354047e+00
1.534700108278000075e+00,7.043760156899999680e-01,2.480206643209000195e+00,1.145928658134323996e+04,1.425761707026786725e-03,5.741532140351360454e-03
2.111831464629000177e+00,7.911541107199999701e-01,1.857518513699000007e+00,1.700046492887168279e+04,5.089627577323552025e-03,7.409128641919304759e-02
2.893256085227000174e+00,4.271713865584000125e+00,1.489141786687000035e+00,2.493640542032682788e+04,1.313001162759048872e-02,3.912266909959115080e-01
