8.351984525300000517e-02,4.546890001521999736e+00,2.569820902481999791e+00,3.953809291867538604e+02,9.556995423957469812e-04,1.017872655096977233e-02
2.020392254950000022e-01,4.613907463414999910e+00,1.928544520848999966e+00,1.024642863748685386e+03,1.403749228551027899e-02,9.210400766313937837e-02
1.171178289041999943e+00,1.457947484838999941e+00,1.729896228996000040e+00,8.181256108930603659e+03,4.755811938693663837e-02,1.595286298445823370e+01
1.434189001490999926e+00,4.502298667085000261e+00,2.257996177185999986e+00,1.053282069541145938e+04,1.044468555798853948e-02,1.482074827743289636e-01
1.143081740028000004e+00,5.855930830296999900e+00,1.173219420364999932e+00,7.937221600517430488e+03,1.238313538917473148e-03,1.049603449236762368e-02
2.699939620898000214e+00,3.783165190930000144e-01,2.628314715650999833e+00,2.293640591555985884e+04,3.403379885092157765e-03,1.072983336452621173e-01
1.760732710489999908e+00,4.207526646030999906e+00,2.984114185101999883e+00,1.358850908942720343e+04,2.552704167947178124e-02,5.395011677309686365e-02
7.334568185080000413e-01,6.272936475379999877e-01,1.318358971439000049e+00,4.590565995940314679e+03,2.501078674438438412e-02,4.016602603573463104e-02
2.668364533082999923e+00,7.389962987579999920e-01,1.359935729242000013e+00,2.261181893086426135e+04,1.385171684507232638e-02,6.506066903672795831e-01
2.547649130920000005e+00,4.927324481529000266e+00,2.503855419136999938e+00,2.137657730293074201e+04,8.973322385206793095e-02,2.580128149366381241e+00
2.212474342939999783e+00,5.777161506279999692e-01,1.982859481229999998e+00,1.799843267830585683e+04,1.239561596757166040e-02,1.018191955237723600e-01
2.443063093227999971e+00,3.092742525109999918e-01,2.103518198828000063e+00,2.031400668225401023e+04,7.659785678570087825e-03,5.891186864684520852e-02
2.966114056262000087e+00,2.114116583177000130e+00,2.928787307399999817e-01,2.569560030138796355e+04,2.826382798627298173e-02,1.748351182221085098e+00
2.861504215549999786e-01,5.434757568901999569e+00,9.361250291079999952e-01,1.514573579843318157e+03,1.777181071968697134e-03,4.230584418697735938e-01
3.803104389049999923e-01,4.388230336693999867e+00,1.520542185502999910e+00,2.100945984569932989e+03,1.789914248098991309e-03,1.719214609901714014e-02
2.361181625852000199e+00,7.059273041210000210e-01,2.317157140976000118e+00,1.948732490112714368e+04,2.416018585515004521e-02,3.041309693642102463e-01
2.242422883430999825e+00,3.072282010777999783e+00,2.374260042522000180e+00,1.829694278904090243e+04,1.202252730780310752e-02,2.687422248896569887e-01
4.739555152980000075e-01,5.194022892659999613e-01,2.884817790616999833e+00,2.719736755731860285e+03,2.319034598839316841e-01,3.026763614689264026e-01
1.406330013163000103e+00,1.321588159999999962e-04,2.283991310852000023e+00,1.027852691105318991e+04,1.425670138703468218e-02,3.094809520314355522e-01
2.549997795277000101e+00,1.058290137329999991e+00,1.659307190192000014e+00,2.140052212726681319e+04,6.158800016320933185e-03,1.353824428211277686e-01
5.578842480900000206e-02,2.499323851418000064e+00,1.542797451001000075e+00,2.594412945012081195e+02,1.478395979099543815e-04,2.489100499377456979e-04
2.131984753018000056e+00,5.616515901546000222e+00,3.623874100869999837e-01,1.719964924664306091e+04,7.506514343609571940e-03,1.934427881482166101e-01
1.105399450553999907e+00,1.389547176010000051e-01,2.103012832549999989e-01,7.612395372043064526e+03,1.300335193463541530e-03,1.666293859142921677e-02
7.430181973720000332e-01,4.937919350698999565e+00,2.213422129911000180e+00,4.663305104740462411e+03,1.736607558192821907e-02,5.145144861308073025e-01
1.180596032649999932e-01,3.400216433713000086e+00,2.150797327515999946e+00,5.708831401888563732e+02,1.790681386990450883e-03,9.517077430373857300e-04
1.672790952341999926e+00,1.927150168492000049e+00,1.344672759318999988e+00,1.275309727856678910e+04,6.061882711151922280e-03,7.287870932909626953e-01
5.584510746399999892e-01,1.466784089819000103e+00,1.424116719586999924e+00,3.305432599149170073e+03,1.766118298623835584e-02,1.202425027131934776e+00
2.417311445864999797e+00,5.601437387568999782e+00,1.734934960074000054e+00,2.005351047242457207e+04,3.452486089388434858e-03,1.893983081772998567e-01
1.626999792704000081e+00,1.222133500548000073e+00,1.876375949465999948e+00,1.232153863801448097e+04,4.915092204467220310e-03,4.441592917194090440e-01
2.042127164126000149e+00,2.499498713970000008e+00,1.732881677391000075e+00,1.631416295219765743e+04,1.288558701317306029e-02,1.140425243993730131e+00
1.630257754600999975e+00,8.002736472120000055e-01,1.550496049299999957e+00,1.235216266767214984e+04,1.989675726916239479e-02,1.916619060333513147e-01
1.417315848871000039e+00,3.059709884855999817e+00,5.192410482729999943e-01,1.037866961721500957e+04,1.565752319414524807e-02,5.563602501835456238e+00
8.238114581929999458e-01,5.156466778780999682e+00,1.465816053293000021e+00,5.289248443138056246e+03,2.838177583926958930e-02,1.051569302476676881e+01
1.344164613225000027e+00,1.632825107316000057e+00,2.044686581319999918e-01,9.715260952689213809e+03,4.745818384705489425e-03,2.996795753405241403e-01
2.535636175153999972e+00,5.261649766068999590e+00,2.471207622234000034e+00,2.125416025310378609e+04,2.222493994007502475e-03,6.437446800581833606e-02
4.018372770679999872e-01,1.070780525471999978e+00,1.628699379421000071e+00,2.240191083614764011e+03,7.639933378518613816e-03,1.038010026613738646e+00
1.420929600210000032e+00,2.410361673315999820e+00,6.961497376040000074e-01,1.041164974983556385e+04,3.207951365216817063e-02,2.309992815445035763e+00
2.931885651301000095e+00,5.851713765076000051e+00,1.863640170577000044e+00,2.533857823515500422e+04,7.646082163092366227e-03,5.791882900504370379e-01
3.861237792719999784e-01,5.929306396361000431e+00,2.342007836942999965e+00,2.138366451697105276e+03,1.331591366574716717e-01,8.928833704014023098e+00
1.736097040977000017e+00,3.275663943855000149e+00,1.798463466645999986e+00,1.335362978130355259e+04,6.096547217501789052e-03,2.535902055276745837e-01
2.808318812236000106e+00,2.201043982039000202e+00,1.118303873351000011e+00,2.405502960854220510e+04,4.744341319842405175e-03,1.269361487059552929e-01
1.846099683355999943e+00,1.332645634099999921e+00,1.069605635407999911e+00,1.440730186151565977e+04,1.443016614517159645e-02,6.061673393433426593e-01
7.947107231500000202e-02,4.234501696781999946e+00,1.339571593287999907e+00,3.752537879069298583e+02,7.107024085978629058e-02,1.656510833200377786e-01
1.920867197745000032e+00,2.604282166452999814e+00,1.677659382804999932e+00,1.513038732132314908e+04,3.103413597965302279e-02,2.547650331352782516e+00
2.605674153789999892e+00,2.653165748659000123e+00,8.156267329190000082e-01,2.196918420704938762e+04,2.053045177508606989e-02,2.584995124861888094e+00
2.004787999747999816e+00,1.033452760065000087e+00,2.354911568623000218e+00,1.594824234943437295e+04,8.894438092175455807e-03,1.499071504068336114e-01
1.519274021453999923e+00,5.537026671852999904e+00,1.749149258534999918e+00,1.131621816964082063e+04,2.457450415040938595e-03,7.641307362049783169e-02
1.859675102526000101e+00,1.763202124383000058e+00,6.842344625949999815e-01,1.453818806848490021e+04,1.610624431321176862e-03,6.246315017056976865e-02
