4.920322039239999889e-01,3.253788416403999850e+00,1.641005205476999906e+00,2.842951233766308633e+03,3.742742757581182106e-02,6.555287014780358135e+00
2.266587137175999800e+00,5.198996832723000061e+00,1.946715187147999959e+00,1.853829908476995843e+04,2.176104072165336092e-03,1.054179082319990635e-01
1.697119959527999988e+00,2.824870797425000024e+00,2.534368205438000121e+00,1.298336056111510698e+04,4.911192438806322863e-03,9.158221531892447864e-02
1.236131927773000072e+00,3.520554574485999844e+00,1.214336784881000053e+00,8.751120553719974851e+03,8.253961525010797273e-02,6.519039923746335674e+00
2.528182124409999787e+00,4.315611418355000062e+00,4.178996622710000053e-01,2.117824768913079606e+04,6.385396794236890446e-03,6.933204677705499808e-02
2.298687056153000174e+00,2.140287233565000058e+00,2.248786568017000054e+00,1.885960179938302826e+04,4.182018764730302540e-02,9.212785313478692117e+00
9.763948003500000361e-01,3.028744166193999998e+00,4.586824456660000271e-01,6.523587958515359787e+03,2.824884942306052360e-03,1.489077706736180277e-02
1.762242972660000018e-01,4.951966035142000067e+00,2.466492757195999808e+00,8.812270936495773412e+02,7.450523888513147083e-04,1.454544497322959352e-02
2.875512810426999799e+00,3.383687555060999941e+00,1.790247237812000014e+00,2.475195476456338656e+04,2.607231351956427329e-02,2.276424293180425718e+00
2.638632479131000075e+00,1.586198727456999968e+00,1.917937389188000052e+00,2.230673407215855332e+04,1.280452865580885592e-02,1.319460698349433692e+01
