7.484010886480000346e-01,7.016213132699999910e-02,7.237351967249999740e-01,4.704363165185871367e+03,6.212776212397418812e-03,1.319375816937082280e-01
1.483461601064999913e+00,4.390427594295999825e+00,1.309061430043999996e+00,1.098527822667966393e+04,6.677627357048933170e-03,3.387220220637665036e-01
2.788697575417999897e+00,5.111614881443999892e+00,1.709064337067000006e+00,2.385200404947888092e+04,7.177017081044778646e-02,1.203804770209245447e+02
2.785060062508999845e+00,2.840529421562000056e+00,8.620653492869999601e-01,2.381439031987607814e+04,5.657974703257173665e-02,3.505894459200848523e+00
2.493587322597000000e+00,3.313886191481000054e+00,8.584843123930000486e-01,2.082641057772152635e+04,7.607149645313198393e-03,7.784197789640974474e-02
1.246539381215000075e+00,1.200139738175999948e+00,1.743501560574999942e+00,8.843140056579142765e+03,1.423419249004898935e-03,1.221521460923591373e-02
6.493207592199999600e-02,1.205517120449999952e-01,2.363795461018999955e+00,3.037643804376978096e+02,5.055551416619661342e-01,3.198628719595504322e+01
1.263532428895999926e+00,6.121075762251999564e+00,1.449807239609000042e+00,8.993846859888648396e+03,4.019739522528253256e-02,7.996444042851670986e+00
2.448256741149999804e+00,5.226648696116000359e+00,2.242348586919999942e+00,2.036659942729528848e+04,6.722685597713098926e-02,1.688475111120085259e+01
1.626389143271999904e+00,9.828406723200000528e-02,2.051919195470000012e+00,1.231580012709718176e+04,2.685743834282024456e-01,4.872119372152213801e-01
2.401960644069999873e+00,3.171464579909000214e+00,1.699461539037000035e+00,1.989844519029010553e+04,3.746317163995134189e-03,1.113693327273461015e-01
1.133117328436000104e+00,5.239536081300000259e-02,1.362987953660999896e+00,7.851048023557673332e+03,5.773531798672680224e-03,7.323129011935487764e-02
2.575359794426999915e+00,2.799450587269999846e-01,2.960012876469999998e+00,2.165931655869508177e+04,4.739313543607176840e-03,5.076965859454082158e-02
2.927856912001999934e+00,4.699969789995999569e+00,2.804012947547000145e+00,2.529659535703929578e+04,3.108408632322579024e-01,2.322228329036953198e+00
2.584716529101999782e+00,1.696799939978999916e+00,2.061120125502000189e+00,2.175489704112498657e+04,4.985808825259858273e-02,5.230133028021354136e+01
1.672414808200000103e+00,9.999351665760000119e-01,1.269782511947999959e+00,1.274954244557130914e+04,2.878591074611326975e-02,8.993053437741890255e-01
2.908722307993000022e+00,6.017459623578999661e+00,4.959478930399999763e-01,2.509732618313681087e+04,8.655322577856149335e-01,2.025183872443157540e+01
2.145959969016999924e+00,7.113909008869999662e-01,1.285839360912000018e+00,1.733796776451355981e+04,2.654517204269693509e-01,3.909418085684176702e+01
2.600056964264000126e+00,5.218887472245000048e+00,1.684412825246000001e+00,2.191172234156564082e+04,4.536462883630785342e-02,1.054131117284699215e+01
2.347017673312000063e+00,5.032443758823999858e+00,6.915158544930000151e-01,1.934480654338261957e+04,4.377455949958642539e-02,8.617632638322506589e-01
1.666672174611999901e+00,2.760166953763000031e+00,3.745771574280000182e-01,1.269529098505158254e+04,6.773559693757851691e-03,1.364140276751989456e-01
2.659452491908000038e+00,2.399430632212999903e+00,7.417960194710000454e-01,2.252031426669320354e+04,6.238781904022397407e-03,5.309819852978779897e-01
3.953421550019999842e-01,3.623207958495000103e+00,1.186069855121999916e+00,2.197983119430584793e+03,3.225667128060633916e-03,2.884932689937304978e-02
2.057985654152000077e+00,1.868165388191000087e+00,5.860370540020000130e-01,1.646994158800347941e+04,2.785656516495442769e-01,5.750769691738439349e+01
1.636140224242000007e+00,4.617957766208999892e+00,1.382882202990000087e+00,1.240748795811834498e+04,1.044497101311699962e-02,3.175569181140665553e-01
1.223273115255999910e+00,4.678417730467000268e+00,1.996589817617000051e+00,8.637692497045913115e+03,2.139674330381288736e-01,1.994941643933319710e+02
1.140549120008000017e+00,4.783913675399999871e-02,1.597785508871000015e+00,7.915300435103919881e+03,8.395383755314975716e-01,5.562176935270989588e+02
2.723422787396000189e+00,5.588922580091000292e+00,2.177731953768999862e+00,2.317819807636112819e+04,1.059867072986668407e-01,6.045801982486898041e+00
2.990796761426000039e+00,4.311029594300999968e+00,2.085618035077999810e+00,2.595344412023905534e+04,3.322336516640215370e-02,1.902866753138422240e+01
2.099766558229999802e+00,2.963860764221999844e+00,1.084500047427999991e+00,1.688138233959508580e+04,3.473694065000775856e-03,8.436287513940129990e-02
1.859262333496999986e+00,3.720844127149999792e-01,2.751089279403999832e+00,1.453420571928878780e+04,1.526262582678989494e-03,7.234675885012640736e-03
2.502326791340999890e+00,2.112150508890000111e+00,1.160946304082000058e+00,2.091521820107930034e+04,1.465952911100890377e-01,7.636311178247829012e+00
7.103033844180000056e-01,4.331202549757000142e+00,1.607388639544000020e+00,4.415447612755764567e+03,2.639127794432327145e-01,4.452698923314843071e+00
7.565108677240000024e-01,5.949863754999999976e-01,2.257345805184999943e+00,4.766380315105820955e+03,9.368861068338234189e-04,5.170418744335772247e-03
1.783411278930000066e+00,1.757049935576000088e+00,1.963501762596000066e+00,1.380529761678327850e+04,7.726943819339239239e-01,3.256486028451433867e+02
1.383148921455999991e+00,3.525793109468999820e+00,1.468496125201999902e+00,1.006780268416661602e+04,1.382423472636272188e-01,7.002035043424213256e+01
2.276652699728999973e+00,2.630177590261999931e+00,6.704147421070000279e-01,1.863896661441266406e+04,1.336598105718307845e-02,1.171936093215168784e+00
2.862862716625000026e+00,6.026288309447999758e+00,6.066017448989999838e-01,2.462055673082647263e+04,4.499279637711611941e-03,8.838822641412721892e-02
7.807450737779999539e-01,6.280746080745999826e+00,8.392392747019999932e-01,4.952995920983665201e+03,1.103838279463387750e-01,5.858208039339424467e+00
1.382677509359999890e+00,6.236730186228999884e+00,1.529575148374000104e+00,1.006352572853293896e+04,6.981213314178533018e-03,9.760971880175656201e-02
7.400943126440000519e-01,4.774627502217000163e+00,2.360509758269000002e+00,4.641035430243119663e+03,3.876871886513879716e-03,3.871907675648519898e-02
1.837032727306000091e+00,3.703622990876000109e+00,1.906582111000000079e+00,1.431998529834799774e+04,9.090121987111983784e-03,2.165828382012080500e-01
1.768644743292999921e+00,1.675046622278999919e+00,1.719696036593000077e+00,1.366408039080023627e+04,1.312297925199664740e-02,2.613751602408530772e+01
5.759873550809999632e-01,1.449796715855999896e+00,1.149924586040000030e+00,3.429999198861281911e+03,3.618780797839087904e-01,4.385916787927615133e+02
2.251922654101000010e+00,4.543841162221999852e+00,1.868556822996999989e+00,1.839177479678194140e+04,3.971703636271690235e-02,1.223513548408699769e+01
1.977171853328000051e+00,6.404853412059999807e-01,2.139549696017999825e+00,1.567840028708570208e+04,2.051619895223711146e-02,1.866824810340279028e-01
