1.897880303021000081e+00,1.317241803626999941e+00,1.911281201832000010e+00,1.490750583839260253e+04,1.197973753560891731e-02,7.689289688702430681e+00
9.054220250000000192e-01,1.779464536661000018e+00,4.431089485379999804e-01,5.941575886866845394e+03,1.327565582216417260e-02,1.163247981731275194e-01
2.224976301808000212e+00,1.716133287999999923e-01,7.603666090220000395e-01,1.812296106358257020e+04,8.473396296492822707e-03,1.434648985144539590e-01
2.225446572005000068e+00,2.082293144552000097e+00,4.133354195200000247e-01,1.812764764378163454e+04,7.660956400898542018e-01,3.305295649777572464e+01
2.564644734203000098e+00,4.109292714416000081e+00,1.071984539056000107e+00,2.154992936017720785e+04,6.406196775875254434e-02,9.703211341897169939e-01
1.334865348716000044e+00,3.470975977169999949e-01,2.266533925302999908e+00,9.631515537665354714e+03,7.783778047757951291e-02,6.538267289943862970e+00
1.591309558684999903e+00,4.688913828806000161e+00,1.044601251013000054e+00,1.198688779200207682e+04,1.601659714088728495e-02,2.507772074492025549e+00
1.652127985829999979e+00,1.057094875495000030e+00,1.663814812048000080e+00,1.255805883901754169e+04,1.742356194784860091e-01,1.067808670859006099e+02
5.350095017970000200e-01,1.418770507379999990e-01,1.708125219812000051e+00,3.140496549984402918e+03,5.512831590477311298e-03,1.800254755408742524e-01
1.274084100510999962e+00,1.172902681754999898e+00,9.003473903340000195e-01,9.087592304804235027e+03,7.727992030809345894e-03,6.366394558945755178e-02
1.083153153885000108e+00,3.994409449137000134e+00,1.263276072827999919e+00,7.422004673264772464e+03,3.182161612333372133e-03,2.476854568902463541e-02
8.811487031589999575e-01,4.954908034430999919e+00,8.587440885879999986e-01,5.745580659546954848e+03,6.550769471797495726e-03,5.569197679187730676e-01
2.360228684461000093e+00,1.784488745363999929e+00,8.536287808119999987e-01,1.947773191012463212e+04,1.437224962442566478e-01,1.254334807910674954e+02
7.930255089200000107e-01,1.356832351316999974e+00,1.349409613304000111e+00,5.048286524409780213e+03,4.913449953463545211e-02,3.790017874317307189e+01
2.438085629105999796e+00,4.580515154793999955e+00,1.473257203309999985e+00,2.026362043756608182e+04,1.016288331178053471e-02,9.442957272734563423e-01
1.629906718143999900e+00,7.528478641999999943e-03,1.319256077134999927e+00,1.234886241492185400e+04,1.502432000423589188e-02,4.299684643120396110e-01
2.283058057374999894e+00,6.042563110252999969e+00,2.560576641719999880e-01,1.870306727688600222e+04,1.918157110223533274e-02,1.709582593025615882e+00
7.760650354229999826e-01,1.169545468738999894e+00,1.066904147687000037e+00,4.916808505280269856e+03,1.443551771493160321e-03,8.977760148086195643e-03
2.120545782505999899e+00,1.678557224059999964e-01,2.029752109176000019e+00,1.708655151588791705e+04,6.631231191146052563e-03,2.489185987399026856e-01
3.277892669049999874e-01,2.727321342073000032e+00,8.368688299169999567e-01,1.769182697657582821e+03,8.044099165034399425e-04,2.253953614825306498e-03
2.531256434288999824e+00,1.435855746639999875e-01,1.365150164094000029e+00,2.120955226057402251e+04,6.985645930835527109e-03,1.387651008760785176e-01
7.111706318899999602e-01,3.353756255007000142e+00,2.522989258938999946e+00,4.421980515400247896e+03,6.429107783088106043e-02,5.652200422048129269e+01
1.875653716910000046e+00,5.244369693936000054e+00,1.981427771157000084e+00,1.469247624491156967e+04,8.218261791903127556e-01,2.059186615727013336e+00
1.582885466755999948e+00,1.034890997673999946e+00,2.082626472693000164e+00,1.190812335571987387e+04,1.512558951663910307e-02,1.566198777243302809e-01
1.050429004069000083e+00,3.507096576982999814e+00,6.868400162940000442e-01,7.143870348644425576e+03,4.735046826361716601e-03,2.958825005440362393e-02
6.542269804260000265e-01,1.711956343723999963e+00,9.669615281850000299e-01,3.997525085745491197e+03,3.801121832949700546e-02,3.486396812936683354e+00
2.248674956822000137e+00,8.486945069279999698e-01,1.609194705349000110e+00,1.835934674741775598e+04,1.269481633321031724e-03,7.669048934971486008e-03
1.890550539062000102e+00,9.543340611609999469e-01,1.848656716739000005e+00,1.483654199423347382e+04,1.303935233771796182e-02,2.600235904504460405e-01
1.160806517071000021e+00,2.860045850918000010e+00,1.401848759034999947e+00,8.090992582851164116e+03,6.588364007298022629e-02,4.254794917539626908e+00
9.142148641349999716e-01,3.271003546114000127e+00,1.337410447706999905e+00,6.012969272352109328e+03,6.450867182927982543e-03,4.107650975677282768e-01
2.649501119037000141e+00,2.209935664434000024e+00,9.518129323080000148e-01,2.241819571388299664e+04,1.439785236859044901e-02,7.244042575105013038e-01
2.365180828410000213e+00,4.509663775649999984e+00,1.236082661536999971e+00,1.952759126277589530e+04,1.418039601276468303e-02,8.003377803731036577e-01
1.244447787749999979e+00,2.936904378553999884e+00,5.236921640410000522e-01,8.824631513753818581e+03,3.582188188714387472e-03,1.296818238292404141e-02
2.118436156930000092e+00,5.187023689089000023e+00,8.561441025539999750e-01,1.706570543799176448e+04,1.783363305590884504e-02,7.461729561024897350e+01
2.936265439975000113e+00,3.157921437485000205e+00,8.565056279889999846e-01,2.538422530537784405e+04,3.636175385664870696e-02,2.642014001230880704e-01
2.653329970800999860e+00,9.025051299070000477e-01,1.972970001586000111e+00,2.245747919305230243e+04,2.796730332718266182e-02,1.287246731176505676e+00
1.730190643535000072e+00,1.607223108699000091e+00,2.258791062060999888e+00,1.329741429811163107e+04,3.391250622672586923e-01,2.138262819436624884e+00
2.521386111240000005e+00,2.486147209220999965e+00,4.753228310850000082e-01,2.110906832020365619e+04,3.433040428166105745e-02,1.351372410732466944e+00
4.053744055999999873e-01,1.784683475235000039e+00,1.721727047019999901e+00,2.263246834886729175e+03,1.397858526277213518e-03,4.214242222661714055e-02
2.663709144575999943e+00,4.309293105496999843e+00,1.451074661597999915e+00,2.256401350487584205e+04,1.051662162836735845e-02,8.133800170594237544e-01
2.689090551812999941e+00,4.467743737602000387e+00,1.685909196429000056e+00,2.282481122541272271e+04,7.126655210489935346e-03,7.491560732198440098e-01
1.917645557466999939e+00,1.063403288544999992e+00,1.993456858420000088e+00,1.509912011482354501e+04,1.691341840074335814e-02,5.541798277986043075e-01
1.377325066879000026e+00,1.754352710175000052e+00,1.368036298080000046e+00,1.001498852534921934e+04,2.083179609193666539e-03,4.885006843374625762e-02
1.589542874885000012e+00,3.894844055934000071e+00,2.319185007236999940e+00,1.197036229453518354e+04,2.031694679199276803e-03,1.311925631776155246e-02
6.244939106589999511e-01,3.351845364673999850e+00,2.023875920445000087e+00,3.779643641950668098e+03,2.074275684660985448e-03,1.263326000784363232e-02
2.049644947287000196e+00,3.797652001193999816e+00,2.218388882538000040e+00,1.638798351121218002e+04,8.312268184022353346e-01,2.044795349452852129e+00
