1.349697159691999993e+00,2.938457111252999798e+00,1.652593990760000020e+00,9.765149432770394924e+03,1.454192601223947869e-02,9.420244563353007416e-01
1.056815169989000047e+00,1.144875292028999958e+00,7.820492871980000427e-01,7.197964552501406615e+03,3.011790754496088129e-01,3.442828478227038524e-01
2.599541087109999982e+00,4.316970098410999768e+00,8.688984612610000102e-01,2.190644610262683636e+04,4.458219859268039431e-01,3.413426356418833052e+01
2.832337392822999789e+00,1.549349121928000006e+00,1.353436662005000013e+00,2.430385447537923392e+04,8.006046209085883325e-03,5.160227269338532041e-01
8.323301406259999702e-01,1.007914991513999992e+00,2.255222718694999795e+00,5.356436186488855128e+03,1.404810981161827609e-03,7.952771654696275463e-03
2.586102899405000155e+00,2.033817868290999975e+00,5.373945576240000133e-01,2.176906377770523250e+04,5.909332497200154091e-03,1.279625154342408921e-01
1.219032618583999916e+00,3.233134087695999970e+00,2.223699799562000035e+00,8.600351999152306234e+03,5.156973333750465224e-03,1.480063901974437157e-01
1.455068321710000001e+00,5.678575338122000105e+00,5.495920651629999654e-01,1.072413535183117347e+04,7.004631645726480844e-03,1.305670619833082524e-01
2.502919713084999831e+00,5.558316136106999927e+00,1.861857218871000086e+00,2.092124508770289322e+04,1.057883873667104374e-02,9.964756469849277432e-01
1.117193208431999984e+00,1.643467846387999920e+00,9.304205552859999839e-01,7.713748579079615411e+03,1.475625780774571412e-02,2.499397322939343358e+00
2.575518440088000016e+00,5.537617669602999726e+00,1.886136443974999910e+00,2.166093668285722015e+04,4.617652940101538706e-01,6.900599320808157522e+00
2.750016831730000000e+00,6.180674765590000064e+00,1.761014813122000033e+00,2.345241683188281968e+04,8.576578571037440923e-02,7.573437106147665077e+00
7.484508307720000309e-01,5.835718942770999895e+00,1.576539804814999890e+00,4.704742931902991586e+03,4.456701843923951967e-03,3.475025089964673963e-01
2.476659851913999955e+00,4.669806764738999583e+00,1.935264666414999946e+00,2.065454446710527918e+04,6.040779208937784306e-01,1.884898109863229587e+00
5.929018687870000193e-01,2.385961770268000048e+00,1.031196934985999958e+00,3.551085254537786568e+03,2.185284810301530156e-01,4.006773408140644932e+01
2.593848526774999996e+00,5.750966098352000344e+00,2.364239125735999814e+00,2.184823554225876069e+04,1.318247766814615446e-02,2.144003358283026017e+00
1.910466949996999952e+00,5.054588905482000349e+00,1.574285552192999926e+00,1.502948426440237017e+04,1.956088492625154569e-03,3.314915917815018931e-01
2.935389654610999877e+00,3.868080392104999987e+00,9.447580658659999742e-01,2.537509646036584672e+04,1.837420700965200840e-02,1.631157245322654603e+00
1.623142375517999891e+00,2.490242677794999970e+00,1.523056624976000029e+00,1.228529616977002661e+04,1.034548577447052913e-02,1.161730511523953702e+01
2.355814173703000058e+00,4.331372887422999973e+00,1.482644185527000058e+00,1.943330022032823399e+04,2.023869609710933406e-03,5.391493988413498251e-02
2.169504433789999909e-01,2.877456786809000189e+00,1.070632680556000027e+00,1.109011404089939106e+03,2.257813049885696796e-02,6.254405851418836981e+00
1.169157500572000075e+00,6.277587351440000463e-01,1.687366336293000035e+00,8.163653337338113488e+03,2.975246871266647511e-02,5.709122042719021461e-01
7.009254295579999683e-01,6.591207142410000497e-01,2.696157138697000022e+00,4.344937211450623181e+03,1.407730201000693439e-02,1.309697634233347729e-01
6.880983422200000199e-02,3.764196084369999973e+00,1.588896192296000098e+00,3.227106336084183908e+02,1.373751342518872139e-04,3.824709783722122277e-05
2.191271197240999946e+00,4.036352818738000003e+00,1.408899171412999918e+00,1.778751257094126413e+04,1.143750476084733764e-02,2.763212553952251738e-01
2.092660955856000093e+00,1.273385514749000080e+00,7.068314669690000107e-01,1.681130560819836319e+04,5.503437897806269345e-03,1.597976908830421039e-01
1.069775636211999892e+00,1.749609834836000077e+00,2.498867465037999835e+00,7.308022611892633904e+03,5.296154795201410762e-03,3.471828690981704768e-01
1.826013403311000038e+00,1.519357153850000031e-01,1.577094344677999915e+00,1.421397763896854485e+04,9.255499630069939296e-03,1.199913144395917119e-01
1.823164668490999896e+00,3.152499787462000214e+00,1.169656703840000089e+00,1.418659220064734109e+04,9.400931397843467208e-01,2.536196513873677532e+02
1.738212825398999906e+00,6.059412361709999750e+00,2.931144904676000085e+00,1.337377638279001076e+04,2.490976645991713461e-03,2.108982166619195742e-02
2.548215494366000033e+00,4.617357418290000126e+00,3.531947901740000173e-01,2.138235109836611446e+04,5.219404080406860394e-03,1.232447729706908357e-01
2.073673299523000058e+00,2.777742178786000160e+00,2.357029206537000210e+00,1.662425382276375967e+04,2.188384223957060351e-02,9.076714897718405339e+00
1.949017409997999994e+00,4.915131907316999893e+00,9.191540325600000561e-02,1.540400799069981076e+04,9.665263210825668014e-03,8.494958696735166459e-02
2.202248229074000196e+00,5.725714054026999733e+00,2.249565293877000105e+00,1.789666365506836883e+04,5.219568367136636494e-02,4.522731589004288111e+01
1.690055562161999925e+00,7.077039790260000185e-01,1.892006500836999949e+00,1.291643066543912755e+04,5.565489232995521340e-02,4.016209989610592390e-01
6.239551572149999448e-01,1.595524493250000120e-01,1.860095566070000039e+00,3.775720204446610751e+03,5.733376671383719758e-01,5.272676536989050078e+01
1.047401737823000056e+00,2.372412053416999900e+00,1.515701206366999898e+00,7.118259481508302997e+03,7.429969828661454586e-04,6.566821568627192671e-03
6.576587703459999545e-01,1.937469104407000042e+00,1.187518642247999967e+00,4.022841785533143593e+03,4.457572448024195444e-02,3.787511796528008734e+00
4.804052383979999785e-01,5.714217922907000258e+00,3.741962361810000082e-01,2.763565024072904635e+03,5.049682373644337257e-04,1.227555089923794288e-03
2.798111750762999783e+00,5.176200105190999601e+00,7.146141998030000053e-01,2.394938718349406554e+04,4.906280038945718021e-03,6.364262091324626724e-02
2.289873980558000177e+00,3.408738525882999859e+00,1.619783013896000101e+00,1.877131063061542955e+04,7.171727871300912632e-03,2.039001748313643336e+00
2.197581734237000095e+00,9.415787329699999708e-02,1.276927950077999974e+00,1.785025047615562653e+04,5.339168866535590197e-02,2.756856806676638794e+00
