2.018389850080999803e+00,5.164146909592999712e+00,5.349150574950000125e-01,1.608139777782798228e+04,5.625292456559857213e-01,4.711494694891570134e+01
1.644802806810000129e-01,3.177110023537999872e+00,2.284359528231000080e+00,8.171166341058689113e+02,1.110716580256033634e-02,1.839287927459578535e-03
1.018313347954999948e+00,4.647269979890999991e+00,2.498582930238999911e+00,6.873225564079101787e+03,3.438487060657891004e-02,3.009481868158513151e+00
6.877323745590000481e-01,1.100334648705999951e+00,5.333306860340000233e-01,4.246157711862184442e+03,4.366795335940742984e-02,5.554059209918690954e+00
2.131898147880999961e+00,3.325190515147999903e+00,1.979677806917000016e+00,1.719879257715315907e+04,9.401221354121091361e-03,1.807093810283050273e-01
2.929881256009999824e+00,4.734691090279999903e-01,3.275733035360000045e-01,2.531768864336792831e+04,4.182825094430960011e-02,1.609854819610722354e-01
8.877975690249999552e-01,5.947008920441000157e+00,2.310844748642999935e+00,5.799105663656529941e+03,2.098902658113403763e-01,1.525817620080148318e+00
2.634992542187999831e+00,4.333421803689000207e+00,2.815869870314999801e+00,2.226942163099003301e+04,3.516856963617336768e-02,5.493385450334528075e-01
8.514692819999999463e-04,2.397113636558999783e+00,1.178247786003000064e+00,3.814301388282974603e+00,6.909985707419283687e-06,4.108568006770344936e-07
1.172751929261999893e+00,1.854975611079000108e+00,1.104905322300999915e+00,8.194969258897355758e+03,5.514382826111576819e-01,4.068045486118385838e+02
2.453762513511000165e+00,1.933506406787000031e+00,1.633643392491000101e+00,2.042237301854240286e+04,1.173419886721086339e-02,2.656673476398609957e+00
1.114693131411000016e+00,4.069594108399999577e+00,2.038157836007000068e+00,7.692239509326052939e+03,1.611127330254747206e-02,1.019804744765582805e-01
1.793488958373000042e+00,5.435221383205999679e+00,4.093190778710000255e-01,1.390180411474589528e+04,4.595667884355997823e-01,2.707875051480553807e+01
2.290932653175000056e+00,1.654487032865000096e+00,3.676503128829999856e-01,1.878191354471892919e+04,1.757661760260322004e-02,2.611235593935410826e+00
2.377737319191000065e+00,6.035602691449000190e+00,3.070240521309999804e-01,1.965409133033809849e+04,5.666490673542570050e-02,2.318696012555453989e-01
1.303879787674000035e+00,2.749533867879999871e+00,1.587633578646000077e+00,9.353471575936911904e+03,7.290281747022847245e-03,4.946474397383464616e-01
2.141518329575000212e+00,1.590670837587000008e+00,1.476755085368999909e+00,1.729398985350755538e+04,1.040785092500870306e-02,2.662583255569223040e-01
9.786624044099999364e-02,5.131383352371000406e+00,1.000214655955999898e+00,4.674574847528149917e+02,1.697039517628880917e-02,5.447053148953347801e+00
2.014051319518999961e+00,4.613829634207999852e+00,9.419271221049999587e-01,1.603890827423478186e+04,1.809245811082176372e-02,9.477320453117630272e-01
1.408039710903000064e+00,3.949847111197999805e+00,7.804386132060000536e-01,1.029410019125598774e+04,1.059328494091565237e-02,3.360122100721469329e-01
4.048939651349999780e-01,2.700478368301999943e+00,2.470051620550000049e+00,2.260112334788972476e+03,3.712623084288366182e-02,5.392655548060671045e+00
1.683700734512999952e+00,4.011877632677999905e+00,2.190681706626000036e+00,1.285627117166282915e+04,4.341028651632512954e-03,2.739204453275563209e-02
2.725727488822000222e+00,4.919354904159000341e+00,2.051309153097999882e+00,2.320194602111705535e+04,3.922295188789774040e-02,7.206625413385272516e+00
3.361641586279999760e-01,5.036916627959999726e-01,2.513470526163999796e+00,1.821307344001806769e+03,3.097436002215907432e-03,6.113451998378672397e-02
4.460444796040000104e-01,1.288539787361000055e+00,1.304596652515999988e+00,2.531821041385086573e+03,1.849952217938816146e-02,1.584332718287261743e+00
2.825615520347999787e+00,5.250466761122000392e+00,2.273333761648999918e+00,2.423418505164053568e+04,1.726757576544710737e-01,2.677743809883929771e+01
9.060044406980000131e-01,5.404381384004000033e+00,2.456502578249000202e+00,5.946298378124679402e+03,4.844096556789381954e-03,1.237195005086494937e-01
2.537918043229999920e+00,1.219917394677000111e+00,2.007231967825000130e+00,2.127740622111376433e+04,7.727398989616828494e-03,2.389944299471611355e-01
2.174058341617000067e+00,5.440683623724000384e+00,1.450890631607000048e+00,1.761654642342307125e+04,9.439139997018607467e-03,2.997426384685166756e+00
2.821539511577999981e+00,2.212331095796999936e+00,1.780266180479000093e+00,2.419195135070955075e+04,9.437428876217074381e-02,2.564996730676467109e+02
1.799758071030999940e+00,5.875130365410000444e+00,2.719425094726999781e+00,1.396189172474028055e+04,3.031501094880586274e-03,1.657731175764555823e-02
2.699952190681000008e+00,4.490319681198999824e+00,1.898990798205999919e+00,2.293653525080054533e+04,4.841991254423126667e-02,3.221510661241222806e+01
2.017616772948000126e+00,6.510053597599999575e-01,1.170905543196999909e+00,1.607382535876617658e+04,5.679414113898102572e-03,1.485693744801772076e-01
2.617720561530000101e+00,4.584925078429999967e-01,8.353143928409999530e-01,2.209248140205154414e+04,4.624900776188716096e-03,2.655147843434716923e-02
2.082144706664000200e+00,4.758388218232999733e+00,2.270901013826000181e+00,1.670767006756689079e+04,1.335223895404263894e-02,2.567797884708879153e+00
3.060653618149999922e-01,3.200201832819999925e+00,1.781892466806000108e+00,1.635391302629363054e+03,7.202021248492829035e-03,6.023429458320758711e-02
1.728331970551999941e+00,2.770675194507000061e+00,6.514690080699999664e-01,1.327973180229429272e+04,1.288263212120814571e-01,2.053145051147736933e+00
1.622053680340000081e+00,3.481830906383000190e+00,2.232497943283000108e+00,1.227507047273824537e+04,4.019668969080809201e-02,4.068048721769983445e+00
1.346340214974999894e+00,3.779980143187000152e+00,9.505942424159999904e-01,9.734873217465739799e+03,3.361389976284274994e-03,6.127656150192054701e-02
2.646970042397000178e+00,1.929696676862999949e+00,1.052273034548999897e+00,2.239223209473450333e+04,2.234548276782294049e-02,1.760572493527441384e+00
2.112280444417999892e+00,1.224546365461000041e+00,1.204776606380999926e+00,1.700489875857821971e+04,4.231870236843056007e-03,1.548177233659370489e-01
2.723108169437999937e+00,2.658869374272999853e+00,1.375927959331999961e+00,2.317495663542486000e+04,2.897462692551994526e-02,9.158279860005803741e+00
