8.734113295969999635e-01,5.604050343509999754e-01,2.010609215409999984e-01,5.683448441720516712e+03,4.569491909717130484e-01,1.767472106655849640e+00
4.809145521320000172e-01,3.375447591389999946e+00,6.891347657609999677e-01,2.767032379901721924e+03,1.824519026466470475e-02,1.627366169208868563e+00
2.603636995120000019e+00,1.106297552877999912e+00,1.742664585058000037e+00,2.194834252093742543e+04,1.449170608831286677e-01,1.001570260911034751e+02
9.263276555580000071e-01,3.984578131675999835e+00,2.564881663036000070e+00,6.111656384849726237e+03,8.857992705327900115e-04,1.358827771153495612e-03
9.131876924070000401e-01,1.477469022031000057e+00,6.750699677820000133e-01,6.004618469484222260e+03,5.347171994159740163e-03,1.412613970831252397e-01
2.863032074699999874e-01,6.305368670300000311e-02,1.848008749616000035e+00,1.515493699099930154e+03,1.925157502552496749e-02,1.026488987314382317e+00
1.312751763869000055e+00,2.415451913695000119e+00,1.156977486906000108e+00,9.432923922427202342e+03,2.601571538814320423e-03,1.121843273922658257e+00
2.326964167288999796e+00,1.510818548897000069e+00,1.152803338715999937e+00,1.914327578064087356e+04,1.831961644084102725e-02,2.565886587331487778e+00
2.523242956420999938e+00,1.916360018907000029e+00,1.802899646978000092e+00,2.112796696454563062e+04,1.373613829622251647e-01,8.846325199050543233e+02
2.339322602809000173e+00,4.149314931483999658e+00,4.473071262109999946e-01,1.926743919503410871e+04,6.590307936017118784e-02,1.315318658533020901e+01
5.365256324839999813e-01,3.313687168892000212e+00,1.853727073253000013e+00,3.151108671927410342e+03,1.007037247087271686e-02,7.276461669377701780e-01
2.736991204615999873e+00,1.874663871669000059e+00,2.518930231966999944e+00,2.331804838883797493e+04,5.134402059392600276e-02,6.239290278084232710e+01
2.348404426317999949e+00,1.755002916844000005e+00,2.322765913979999985e-01,1.935875371185563563e+04,3.050306635366791669e-02,9.589605043630565762e-01
