1.350936003444999978e+00,1.121295071143999955e+00,1.582973230843000012e+00,9.776326996758351015e+03,8.662281041533272941e-01,2.913556271483560423e+01
2.522556559870000048e-01,3.510482718290000026e+00,1.205248808246000003e+00,1.313099915611640654e+03,1.525741979277977231e-03,2.222405629573447755e-02
2.960456098007000048e+00,3.214039831996000185e+00,1.852417532378999976e+00,2.563654107853579626e+04,1.042321391762672175e-02,7.784339489117267918e-01
1.913113768409000048e+00,5.799102862574000206e+00,1.464014398600000044e+00,1.505515397259126803e+04,6.645620374266002495e-01,1.539748533723905553e+02
1.071252228177000054e+00,5.392834064127000282e+00,1.529465509972000037e+00,7.320584812433530715e+03,4.001095355874464965e-03,3.235243638215730133e-01
2.082018108396999967e+00,3.234681214794000059e+00,1.485143800107999956e+00,1.670642303492306746e+04,1.852160731275664246e-02,2.479462833479103290e-01
2.476234213390000161e+00,2.464443375220000121e-01,1.696334921680999974e+00,2.065022539676154702e+04,1.179795689145816083e-02,7.951446700563934156e-02
2.338650034266000155e+00,4.951346839836999969e+00,1.675718374182999959e+00,1.926067888471794504e+04,5.676759604227855222e-02,1.047773923775258131e+00
2.256536205246999938e+00,5.310217341726000129e+00,2.006087982033000205e+00,1.843785473649124833e+04,3.927084233782660722e-03,8.064223811509534101e-02
2.818280434336000173e+00,1.025440290461000048e+00,1.957977816265999982e+00,2.415818927999048901e+04,4.728375299840772289e-02,7.640013292958180990e-01
1.951635829230000119e-01,3.178126979447999823e+00,2.206274852479999993e+00,9.861143202198012432e+02,8.473105986706946056e-04,1.811590271094840228e-03
2.013783421270999963e+00,1.292599861368999958e+00,1.709995878982000006e+00,1.603628480103207403e+04,1.637481870004853582e-02,3.169732120723238178e-01
