2.491424506407000194e+00,1.959709405242000102e+00,1.361162443645000053e+00,2.080444063604289477e+04,7.034097655588602942e-03,9.593585919695336584e-01
1.638702626099999837e-02,2.531179480821999839e+00,1.062714813002999970e+00,7.421176266637267815e+01,5.197774177305274903e-04,6.319406820532376054e-03
1.340726608995999936e+00,1.349553351835999893e+00,1.000196382741000090e+00,9.684283725356133800e+03,1.110603007448479201e-01,4.781357928627922860e+01
2.376490243054000029e+00,1.840258751187000108e+00,1.664968646574999989e+00,1.964152271488820406e+04,3.425497861347097384e-02,1.376185223221769860e+01
1.888637720659999963e-01,5.701889180216999975e+00,2.473666823130999948e+00,9.510222263839409607e+02,9.181197990163787867e-04,2.929941680228519921e-03
1.320351982101999999e+00,3.982940790199000158e+00,8.392694006609999757e-01,9.501089078497911032e+03,2.487216690847612616e-03,9.568658354321097487e-03
5.820116619099999777e-01,1.358359275006000066e+00,2.120477224771999847e+00,3.473021012058247379e+03,4.137254674709327229e-02,1.801385991167709033e+00
2.688837478656000091e+00,1.262059249396999983e+00,7.763508672990000470e-01,2.282221799076557363e+04,2.315861710925494130e-02,1.453642400672532586e+00
7.398500155839999870e-01,5.747015181176999832e+00,2.123425855119999817e+00,4.639175781605278644e+03,1.189246920833737439e-02,9.797921135067266807e-01
1.831102528446000077e+00,5.942884938760000235e-01,1.910779496059999971e+00,1.426292070741808857e+04,5.636347933806389043e-02,2.064428570419389042e-01
