1.575635448107000069e+00,1.228829522886000003e+00,5.677501645910000283e-01,1.184040602653200040e+04,1.320535372648799083e-02,7.617102775910949974e-01
2.589907449287999874e+00,2.135771360355999793e+00,7.156393547249999543e-01,2.180794717979292182e+04,4.253504604062167439e-03,8.340135359949110705e-02
2.176754997694999805e+00,4.869955486361000396e+00,2.347822836570999883e+00,1.764331534960162753e+04,6.390283096429569265e-02,1.743407155231888694e+01
2.585981014455000171e+00,2.839073197048000097e+00,1.010191404651000102e+00,2.176781827128233272e+04,3.210077577934337956e-02,2.847022691013720408e+00
1.209643917471000085e+00,6.006136047442000248e+00,8.316325865429999853e-01,8.517793976737877529e+03,8.921381208363166060e-03,3.390043840517252827e-01
2.683614556912000015e+00,2.487545391723000154e+00,2.869660437600000114e-01,2.276851140784336530e+04,2.304963698108849213e-01,4.086174655799768907e+00
2.491196778086000041e+00,3.920892522412000147e+00,6.851891887790000357e-01,2.080212807292189245e+04,1.051371711963122908e-02,1.387100025315843310e-01
2.261681478388999800e+00,5.268404339567999806e+00,7.789744951079999868e-01,1.848926451330479540e+04,4.997342379298810866e-02,2.915418712566398085e+01
1.485003996419999917e+00,3.113481423509000034e+00,1.960031734898999956e+00,1.099949593936569909e+04,4.083944154167715862e-02,1.818280520884196116e+00
1.613321378686999985e+00,5.475016515920000382e-01,2.527906915207999816e+00,1.219310239322617417e+04,2.156468795016362461e-01,4.266251642488753104e-01
5.030994834359999723e-01,4.073860703909000236e+00,2.252310340305000214e+00,2.918961018058892023e+03,4.956437020637278514e-03,1.151739345077304050e-01
1.797390060849999971e+00,4.813248909050000357e+00,1.619436456345999975e+00,1.393919027888435630e+04,1.192966913491922964e-01,2.251917187010228929e+02
1.745360403752999945e+00,5.643189733328999758e+00,1.561594955859999967e+00,1.344187160559333643e+04,4.234580929840258551e-03,4.956115754029308262e-02
1.656010644628999939e+00,4.588505675963999941e+00,2.315015039573999900e+00,1.259466999569056679e+04,4.337992815627589316e-02,1.149782984296904687e+01
