2.972792253909000149e+00,5.387001607378000045e+00,7.495397158209999855e-01,2.576533103471166032e+04,9.966313641197915157e-03,1.130001243131323552e+00
1.594686590598000109e+00,5.911349378537000376e+00,1.172241566699000037e+00,1.201848699917088015e+04,3.912892204251195230e-03,1.584362401512880991e-01
7.277557570679999976e-01,4.862019583099000286e+00,1.176678068091999929e+00,4.547311453135615011e+03,6.476013759980744217e-03,4.446978946671468691e+01
2.664488876739999901e-01,5.146579113668000360e+00,2.419678996651000169e+00,1.396818569789393678e+03,8.537752266883404930e-04,1.689581016382548208e-03
2.495340779435999856e+00,3.758844129039999871e-01,1.086010244106000000e+00,2.084422456647298168e+04,1.948310516444950796e-03,1.347817565077463579e-02
2.112163940164000220e+00,1.732130398400999916e+00,2.119381527938999810e+00,1.700374822232807492e+04,2.886448247635332517e-02,6.413340150445349108e-01
2.063004987071999974e+00,1.614094995207999927e+00,9.420409646249999769e-01,1.651929165656910118e+04,9.598807173457688316e-03,8.992649177635537727e-01
2.717289047017000136e+00,2.804643250193000092e+00,1.779282063983999906e+00,2.311501097180513898e+04,1.522602052223546443e-01,3.367610615417669351e+01
2.581612493168000011e+00,5.947974884807000429e+00,1.764493018068999941e+00,2.172318273689956186e+04,1.411754782417005798e-02,8.279683332754388392e-01
1.626604742432999906e+00,5.188997010133999943e+00,2.019646253941000058e+00,1.231782612398052333e+04,8.450219933963108374e-03,1.037518219544958598e+00
1.462103020590000080e+00,4.874223974869000386e+00,1.973507132726000091e+00,1.078873178575195743e+04,1.728417589119737169e-02,2.809933463659486819e+01
1.290287561113000026e+00,2.541635401486999957e+00,1.178187868895999912e+00,9.231998573237635355e+03,2.965383571276652974e-02,3.231127246307067935e+00
2.081867982243999826e+00,3.098555628834999798e+00,1.956669399946999954e+00,1.670494426180975279e+04,1.936373318821633105e-01,2.864922823297147403e+01
9.809683966579999526e-01,7.383828446210000118e-01,1.699684433735999978e+00,6.561530514089696226e+03,1.077025137183206319e-03,6.542061080854448193e-03
2.202719693375999821e+00,2.287235985292999985e+00,2.095900672982999868e+00,1.790135368678176746e+04,1.344647092702052141e-02,2.918036934176559960e+00
1.576433608115000107e+00,4.532823067972000075e+00,9.489552359030000162e-01,1.184785773485202481e+04,1.957038232156148860e-01,2.028491866842857121e+02
1.484207443362999923e+00,3.028486425950999816e+00,1.190278906909000067e+00,1.099215295434031759e+04,5.801316703716285703e-03,2.643192875253011498e-01
2.854294797324000044e+00,1.664921442348000102e+00,1.909188813060999967e+00,2.453161135132322670e+04,6.357871169738031625e-02,1.573945008791506162e+01
2.269841948044000191e+00,4.332806845959000341e+00,2.163553261092999946e+00,1.857084260548972088e+04,3.729969477040162226e-03,2.302622084823718662e+00
2.558352400258999904e+00,3.091880658400000259e-01,8.081560330160000305e-01,2.148572695273342833e+04,5.795721852648848954e-02,2.654814869787536780e-01
1.602219567676000045e+00,1.998909742269999956e+00,1.829382919056999901e+00,1.208902360594591119e+04,1.268924172305217453e-03,4.812596809030048051e-02
6.010151065000000209e-02,8.644437626499999749e-02,2.005332984373000116e+00,2.802868714887733859e+02,1.524358542636934481e-04,6.586949727554720175e-04
1.485616817136999890e+00,8.169563838819999813e-01,5.379902940520000509e-01,1.100514578584845913e+04,9.538935035858333786e-03,2.633692285606968331e-01
2.269978407883999960e+00,1.253108641409000024e+00,1.641795120960999999e+00,1.857220718914618919e+04,2.815367802170859815e-02,8.164922480236107560e+00
5.879584847630000555e-01,4.641333356442999936e+00,2.338227396415000214e+00,3.515603024859867219e+03,3.940252318926832850e-03,8.956355775822835708e-03
2.714984966303000125e+00,4.227487307676000228e+00,1.932896856516000073e+00,2.309128099267534344e+04,4.948196027905525651e-02,7.796839247005644680e-01
5.066641147049999461e-01,3.788900961793999933e+00,9.937171191979999874e-01,2.943534269830043286e+03,5.617639571309221945e-03,1.340060575914804597e-01
5.563963770650000029e-01,3.361275942690000185e-01,1.194683640445999950e+00,3.290902911606493490e+03,2.285855464507844780e-03,3.647480377532930085e-02
1.350182157437999964e+00,8.785444727029999568e-01,1.577257728596999975e+00,9.769525076735859329e+03,2.981660810231667735e-01,5.889496267932093332e+01
2.016334132349999919e+00,3.195407440092000062e+00,1.728245415521999950e+00,1.606126290618637722e+04,5.300623120026036472e-02,1.818228805460669761e+01
1.409436404477999893e+00,7.498141703980000239e-01,2.691973673706999914e+00,1.030682560707666198e+04,4.263542493907140386e-03,4.404442994861900579e-02
1.570870311021000054e+00,2.578650411214999938e+00,1.908821259305000018e+00,1.179593354573246324e+04,2.133736128821330513e-01,3.699500759408667960e+01
2.248275518805999962e+00,3.630815977250999804e+00,2.638886133754999808e+00,1.835535893922352625e+04,9.441802892042404360e-03,5.226578009286805271e-01
2.888520032360999856e+00,5.604609308746000274e+00,7.518272384969999500e-01,2.488715475208178395e+04,2.710468922680548190e-02,4.879752110821198308e+00
6.260808165010000037e-01,4.493743139013999688e+00,1.993659967968000046e+00,3.791205304332018386e+03,9.833990335105342265e-04,5.226056578321392268e-03
2.362932421511999781e+00,3.240125865907999891e+00,5.131745430499999872e-01,1.950494919271313847e+04,1.489967547608863074e-01,2.298147383102324248e+00
1.741028901633999926e+00,2.653855502339999894e+00,7.617647798559999961e-01,1.340059870977946775e+04,7.097199126557162318e-04,9.575098288535331681e-03
2.296579503064000161e+00,2.790878428180000093e+00,1.764178194067999916e+00,1.883848252726550709e+04,4.424792984555357689e-03,2.219829138880011765e-01
1.687210329468000092e+00,5.896244169351000153e+00,2.883007144347999873e+00,1.288948998978145755e+04,5.686631200769736057e-03,3.299392946609388394e-02
1.672838831753000077e+00,1.156220300940000056e+00,2.156626240536000161e+00,1.275354978009003571e+04,3.772461058440771398e-01,3.276914871734665979e+01
2.912832513926999933e+00,4.989023059115999637e+00,2.642413844683999979e+00,2.514011329315066905e+04,1.220546615480410518e-02,3.137641186674773319e-01
2.811026215123999972e+00,2.911972105302000013e+00,7.593783446680000271e-01,2.408306086249756845e+04,2.194490582453869840e-02,1.013073121022230794e+00
2.630789644731999832e+00,5.257625660860000272e-01,1.771194434827999986e+00,2.222634856538562235e+04,8.427519645079161598e-03,5.533949772543044626e-02
1.912250620590000061e+00,1.049628014522000052e+00,2.090551985529999879e+00,1.504678216307393996e+04,2.930276103174640594e-03,2.063528190280045777e-02
2.438365818350999970e+00,4.957080003871999985e+00,1.662362900868000093e+00,2.026645628038304494e+04,7.783880719419665299e-03,4.872182762777382270e-01
