6.388213009709999834e-01,4.714635145285999585e+00,5.061984138039999914e-01,3.884303808192721135e+03,4.813330983687363548e-03,1.076769503630761737e-01
1.097682611550000020e+00,6.918187177679999689e-01,2.954807148827999885e+00,7.546234417202919758e+03,4.824715053021338962e-02,8.938934820803597248e+00
2.133063583485999892e+00,3.122629127715999875e+00,1.934464014790000075e+00,1.721032122322247960e+04,1.068942461810302134e-02,5.766213640151116593e-01
2.734341964431000083e+00,4.830795925651999667e+00,2.328134311284999924e+00,2.329073745443105145e+04,6.164570524570596177e-01,9.061213555365879984e+02
5.543667922789999869e-01,4.513225464914000007e+00,1.054365735266000081e+00,3.276564425676542669e+03,1.176079142698173386e-03,1.988090424386723676e-02
2.673173210659999910e+00,1.808049000056999978e+00,1.539614319747000026e+00,2.266121236129481986e+04,5.089416677637790404e-02,2.693987108294415407e+02
1.837500161406999899e+00,2.393052485900000192e+00,2.626737480289000004e+00,1.432448478244804937e+04,5.574692991254351186e-03,6.152151147302178241e-02
1.521647476961000001e+00,4.037819787879999844e-01,1.229001880368000066e+00,1.133821074410589790e+04,1.378362220745510793e-03,5.260047542575090225e-03
9.088651406669999711e-01,4.984167439195999805e+00,2.473686872393999980e+00,5.969507519643607338e+03,1.383612457947492637e-02,1.205254913089366831e+00
1.854781053264999979e+00,1.367801067300000062e+00,1.722588988169999891e-01,1.449098157069292756e+04,7.603611337474701359e-02,2.675389892310095519e+01
1.248910530110000083e+00,2.024055739092000206e+00,2.372930127841000214e+00,8.864131676195380351e+03,7.072129682582854737e-02,2.285738359472169634e+01
2.910451893888000185e+00,1.392330048033999956e+00,2.254476152132999900e+00,2.511533003671776532e+04,6.010377296235878131e-01,3.018243388037318908e+01
2.662008362751000057e+00,2.610773903566999898e+00,5.706869689079999697e-01,2.254655176138364186e+04,7.133361484627395721e-02,8.066719140672814703e+00
2.402021369534999895e+00,5.184649633191999563e+00,1.828824711178000051e+00,1.989905826339631676e+04,6.077563774034686409e-03,7.621919977603711871e+00
2.290816569802000213e+00,5.071952751699999873e-02,2.342024108043000208e+00,1.878075096001092243e+04,2.410874665720751445e-03,2.024032182860605045e-02
