2.461061644883999922e+00,1.789679239220999918e+00,1.803226162285999967e+00,2.049634517010695708e+04,5.945651647700797571e-02,5.215663583385666158e+01
1.129287127983999994e+00,4.946195546897000028e+00,1.879115090243000052e+00,7.817976793450217883e+03,1.819305119889594313e-01,2.093312893205470981e+00
1.788488895306999948e+00,8.964466720049999449e-01,2.227884326233999790e+00,1.385390903953029374e+04,9.044173981832911990e-02,8.890253558366696396e-01
2.180849110143999958e+00,2.214442816160000049e+00,2.137768299679999817e+00,1.768396750527025142e+04,5.166448191183090760e-03,3.039346814404595976e-01
1.880282789498999962e+00,1.686344307910000007e+00,1.694964135451999976e+00,1.473722061241381743e+04,1.039688093200264764e-03,1.438851170413047997e-01
1.618229410459000039e+00,1.462007155455999907e+00,1.417250270944999890e+00,1.223916172220108274e+04,1.984868377194347680e-02,1.376387077933766179e+01
5.439035882539999811e-01,5.985891743815000332e+00,9.574641468700000324e-01,3.202860576530997605e+03,3.226233645854580546e-03,1.578321772970126546e-01
2.873145770668000143e+00,1.779654569254000007e+00,2.140910928768000154e+00,2.472736166323392536e+04,1.131365348464931364e-02,1.635534768772216596e+00
2.304090657420999833e+00,3.072564273241999988e+00,6.949998775140000529e-01,1.891376461715411642e+04,1.349187236395564017e-02,1.321454278956007755e+00
1.529676058493999902e+00,2.101714847073000048e+00,1.215508586034000027e+00,1.141265796034680170e+04,2.046482879179238167e-03,1.009454083014743375e+00
2.614239107692999831e+00,3.086022540020000093e+00,6.635364429650000284e-01,2.205683870354891769e+04,3.244220414232838745e-02,9.388115198474259460e-01
1.239437067799999959e+00,2.578650138795000046e+00,2.164588134565000210e+00,8.780322872482953244e+03,1.190608363097488409e-01,6.495472899184322557e+01
2.704762223787999798e+00,6.272198863666999635e+00,2.349886522019000168e+00,2.298603449353198448e+04,5.937596147252977019e-01,1.364839864589717422e+01
