2.483943744014999844e+00,3.161306908050000031e-01,2.306869136468999937e+00,2.072847501801285034e+04,6.420884169971619038e-01,1.422124691459103252e+00
2.846472645416000091e+00,2.662361088819999999e-01,1.984719077347000038e+00,2.445044370785680439e+04,2.746555080046830244e-01,4.210620807472136562e+01
1.908704404740000082e-01,4.744726198341999712e+00,1.051471423666000105e+00,9.621781911233515530e+02,3.732420730525183280e-04,2.870082993224615329e-03
2.738932980453999910e+00,8.252418656600000180e-01,1.422659741124000066e+00,2.333807739858406057e+04,9.524118767406540842e-01,4.951432530346028926e+00
2.852197771580999852e+00,2.645494188179999817e-01,1.793090424140000083e+00,2.450984793901948433e+04,8.382043909928504552e-03,1.083755860231696427e-01
1.088285857834000003e+00,2.544856641960000054e+00,2.926549894469999913e+00,7.465839233936263554e+03,1.265014410338865213e-02,2.157617693514322921e-01
1.750440889155000068e+00,5.596250348226999627e+00,2.511406595705000022e+00,1.349030693787757446e+04,9.027903679397898500e-04,1.060086435374897780e-02
2.673562739550999989e+00,5.421310398304999723e+00,1.309686856709000091e+00,2.266521422258725943e+04,1.414790355581003675e-02,5.017221529701367810e-01
2.944733868786999942e+00,1.544360146212000018e+00,2.120300677328999850e+00,2.547251774770890552e+04,8.170256642744026798e-02,1.835533837312369076e+00
9.677361979130000291e-01,7.642848446350000158e-01,1.841399487566000026e+00,6.451896997713928613e+03,1.252518732040630578e-03,5.533094962343910843e-03
2.059443255441999909e+00,5.399676056790000400e-01,1.158102234485999915e+00,1.648427049994445770e+04,1.219694840630408533e-01,4.180016982570448070e-01
