1.350020818730000016e+00,8.920868508010000308e-01,1.912544729941000110e+00,9.768069439857665202e+03,2.852827997276201778e-03,1.884217465908191377e-02
2.065841205184999918e+00,3.638074124472999937e+00,9.170106780419999826e-01,1.654718685968473801e+04,3.515002376661464315e-03,1.572412606325683526e-02
6.574751673490000226e-01,3.804933970783999975e+00,1.245120529685000088e+00,4.021486451904151181e+03,7.873301720148249139e-01,2.657826702142913167e+00
1.074525864453000024e+00,5.842187711462999644e+00,1.769650538999000045e+00,7.348452377353276461e+03,1.670811668176406806e-01,3.873292267635293773e-01
7.142723798960000092e-01,3.729043586283999900e+00,1.815535069714000027e+00,4.445362674668238469e+03,3.586236354545310062e-02,2.238500129520998860e-01
1.458889375759000018e+00,3.156922271726999796e+00,9.344680856389999679e-01,1.075921376386258453e+04,5.799774817344259710e-03,2.226243305837259101e-01
2.698867275856999814e+00,3.818329291277999804e+00,2.049425284074000153e+00,2.292537249798127596e+04,1.983571777557919039e-03,1.009769353712300366e-02
1.045689269219000073e+00,2.736845378242000137e+00,1.687983600936999951e+00,7.103780950223133914e+03,6.492199058692589564e-02,2.210884622564562108e+01
1.816453756362000016e+00,5.551105641906000088e+00,8.179162290960000359e-01,1.412211130522443455e+04,1.139056562760271465e-02,8.425451558199792412e-01
2.252324957518000215e+00,2.171367319504999838e+00,2.942645812512000081e+00,1.839579233950348134e+04,5.936876038946811707e-03,8.900010582846677731e-02
2.565727155234000190e+00,2.893044737842000114e+00,6.485069765830000499e-01,2.156097615545261942e+04,2.247852070563337561e-03,7.233980287318717006e-02
2.402976011963999792e+00,8.718731039599999511e-01,2.673647309505000180e+00,1.990869683542132771e+04,6.364804208357632311e-03,4.844487548764878082e-02
1.557002914734999965e+00,2.842952992683999813e+00,5.716554396059999599e-01,1.166667120059032277e+04,4.068593224319907442e-01,1.216704780643128885e+02
4.079546049969999810e-01,1.675107455909000009e+00,2.380915683407999861e+00,2.280096117892946950e+03,1.099258166692820447e-03,1.268653203346606709e-02
2.289119248917999894e+00,4.588153913849999932e-01,1.503044978773000029e+00,1.876375229778827998e+04,3.300629411016953729e-01,2.932707965679743456e+00
1.923068662200000112e-01,2.558056009402999820e+00,1.042317483896999963e+00,9.701764878037847666e+02,1.733329295936316067e-03,3.548395895520761734e-02
1.766154833634999921e+00,3.142431504779000129e+00,2.281908770245999918e+00,1.364029106803181276e+04,3.052126456446251513e-03,3.947787247676711603e-02
1.737752260346000055e+00,3.251370253005000155e+00,2.156539784967999918e+00,1.336939042124716980e+04,8.475350876093402236e-03,1.148242072532898311e-01
1.455103718896999965e+00,2.173059047308000036e+00,1.880369753462999949e+00,1.072446021372553150e+04,9.368550613911813540e-03,3.484422208852381075e+00
2.259880381374999914e+00,4.214365996751999965e+00,4.671922219890000116e-01,1.847126635641677785e+04,1.824699475163298890e-01,1.213563765228414804e+00
2.362010609341000045e+00,5.203169623142000155e+00,6.724628478359999662e-01,1.949567063895172396e+04,2.439427670370679715e-02,7.239115522445470852e+00
2.476536507006000143e+00,3.195252772216000015e+00,1.756525164526999916e+00,2.065329283911468883e+04,2.085853201278655145e-01,1.935734376212378152e+02
6.053795019509999875e-01,4.009487846229999874e-01,4.964232906070000229e-01,3.640987594886753413e+03,5.949426769912179863e-03,2.794856375907596724e-01
1.771944802524000107e+00,2.168586881833999946e+00,1.745934667041000088e+00,1.369562013123189172e+04,3.403956267740244988e-03,4.853943137236557681e-01
1.397770205163000101e+00,6.149717005114999857e+00,1.518947538990000012e+00,1.020062200586596373e+04,2.614365585148975546e-02,6.104956703585011635e-01
1.976628959793000018e+00,8.967123031849999482e-01,1.503546547923999999e+00,1.567310245572584790e+04,3.667957663710344485e-02,2.288115884692170088e+00
1.760751666545000038e+00,5.378605238569999614e+00,4.945247268180000266e-01,1.358869006709723362e+04,3.568154872175447346e-03,7.943229279664068554e-02
1.046151355444000064e+00,3.585914515494999844e+00,1.403817095423999906e+00,7.107687134375135429e+03,3.350247406956959745e-02,2.231794002605895152e-02
2.830838389136999922e+00,1.095125511665999918e+00,2.394768237641000219e+00,2.428831570433601519e+04,1.462655519839335498e-02,6.996285589609936295e-01
3.151881899410000076e-01,1.503588258635000008e+00,1.135445867996000002e+00,1.691325098308348061e+03,7.427673555493972957e-04,6.879839488185483798e-02
2.678917643579999952e-01,4.670762157143999893e+00,2.485719501204000093e+00,1.405381969005357405e+03,4.101918505282697164e-03,1.079507157663768119e-01
2.220028978029000122e+00,1.339434507150000009e+00,2.830300507355000050e+00,1.807366773359007493e+04,8.289306438111181119e-02,2.977767027710834213e+01
2.192800930995999931e+00,4.210628341822999943e+00,1.556272790768999936e+00,1.780271796412595359e+04,3.360631376092047037e-03,9.718435482134021863e-02
2.039991176577999887e+00,3.581192666326999952e+00,1.399995311904000062e+00,1.629319771225355544e+04,5.740642451470015679e-03,3.371113259764095538e-02
6.590781964280000293e-01,3.828036331330999964e+00,1.791618876395999926e+00,4.033323133048876571e+03,1.123796507226447888e-01,3.521274424607644116e-02
1.641290676766000045e+00,2.696696704449999871e+00,2.214680620360999885e+00,1.245596182311055964e+04,2.464198272316180452e-02,1.877178506123699187e+00
1.633359456001000076e+00,2.995302086384000084e+00,6.646455499800000277e-01,1.238132944406417664e+04,6.863339784743156292e-03,3.047378046707344135e-01
2.463069130830000120e+00,3.584028619286999895e+00,2.189998305719000005e+00,2.051669618979075676e+04,1.882580382064850955e-02,3.840166609487353777e-01
