2.450997036852000210e+00,6.132379441882999771e+00,2.182888857681999806e+00,2.039435610898926825e+04,2.955366765964199255e-02,4.565722753726473684e+02
1.423895643058000093e+00,6.079255489789999745e-01,1.336951397056999946e+00,1.043873287471238109e+04,8.169412337505161867e-03,1.223570952681381080e-01
1.292952190952999958e+00,1.771690322286999963e+00,1.084415253413000046e+00,9.255788089396526630e+03,1.250051864185504000e-02,1.386173446443915047e+00
1.325200319177000097e+00,4.169623464418999781e+00,2.780979391958000146e+00,9.544621806837654731e+03,3.722699977611822978e-03,5.522411250172735986e-02
8.498528180640000373e-01,3.783718246548999797e+00,2.263292987239999832e+00,5.495318712768957994e+03,4.872404410993703278e-02,1.849320263742617459e-02
1.688325267835000032e+00,9.509251667339999603e-01,1.099951910499000096e+00,1.290004593382107669e+04,2.729555345305097885e-02,1.116422219090219770e+00
3.689795401150000043e-01,5.793854764036000304e+00,1.962382535229000080e+00,2.028402841160593653e+03,5.958280079493811533e-03,3.913038933388970908e-01
9.275999260820000369e-01,3.310075474501999793e+00,1.559302529455000030e+00,6.122044476278421826e+03,5.515504624756680657e-02,1.103765708110239219e+00
4.120063428990000109e-01,2.995272156711000111e+00,1.836111476784999974e+00,2.306607437131893676e+03,1.792166401477819941e-03,2.084789158979303419e-02
5.059931539330000394e-01,2.383889281140000094e+00,2.724112377142999808e+00,2.938905528111094554e+03,7.122463167934768580e-02,1.139078114640180495e+01
1.559187724485999960e+00,5.805544944456999978e+00,2.237508015938999950e+00,1.168702055644354368e+04,3.674074550824557236e-03,1.023407178032935405e-01
1.404910415763999998e+00,2.809919022889999951e+00,1.895392579234999930e+00,1.026559927647257427e+04,4.010033254456897567e-02,1.135428854555657896e-01
2.306424036512999987e+00,4.899149345400999778e+00,2.132870664128999838e+00,1.893715983131859321e+04,4.930047230326041995e-03,1.084382813244296750e-01
1.481948670443000049e+00,6.162371364969999599e-01,2.087125705022999878e+00,1.097133527089641939e+04,8.096478353102336545e-01,8.826643244165410351e+00
2.769917858832999791e+00,1.582465483421999997e+00,1.346812294957999923e+00,2.365789418252411633e+04,5.332952221669002776e-03,7.574531304794814013e-02
2.417167797445999966e+00,6.270525023851999613e+00,1.039357126142999910e+00,2.005205865705915858e+04,7.474132020034307197e-03,2.196262887613550652e-01
1.219938575080000032e+00,3.448568060817000180e+00,2.842374228833000060e+00,8.608326836133244797e+03,1.898456837806523781e-03,1.291418556300122540e-02
3.395288288330000070e-01,4.368928348720999999e+00,2.193686085672000186e+00,1.842333201875921304e+03,5.213652551850729289e-01,3.324398671324897236e+02
2.075619717216000026e+00,1.696510018077999948e+00,1.526315819022999953e+00,1.664341442924190414e+04,4.894785142177915729e-03,3.196936903529631024e+01
1.560938366947999922e+00,5.452816127859999584e-01,3.032143414125000103e+00,1.170333038125114035e+04,1.333273598925419513e-03,5.873021703660582897e-03
5.163720470199999468e-01,3.269755778172000138e+00,6.894666556840000071e-01,3.010680964443514767e+03,1.083519050951970916e-02,5.490020507355519719e-01
2.960280191014999840e+00,2.771426536316000000e+00,6.290962637379999833e-01,2.563470522387725214e+04,1.230471317472948099e-02,2.036593684944092875e+00
2.090495737751000060e+00,5.565486841910000093e-01,1.459124849573999905e+00,1.678995950280516627e+04,7.105813161307968084e-02,2.802015556209065839e+00
1.584576616894000090e+00,5.829181354875999865e+00,2.342061479584999883e+00,1.192392849476770061e+04,1.000217458854134045e-01,2.179359526980909845e+00
1.476473141890999985e+00,2.452761945089000140e+00,2.543669169285999843e+00,1.092089973917554744e+04,6.747555058491793573e-03,5.760733668816355735e-01
9.387313735469999809e-01,7.531658016669999789e-01,3.315526553920000175e-01,6.213112865118078844e+03,8.089045758517992343e-04,2.812281285290367094e-03
2.487637397335999978e+00,5.004661820958999918e+00,1.806970126406000077e+00,2.076597858505395925e+04,1.549113865639398582e-02,5.330410084786460168e+00
1.546643609760000038e+00,4.974165753896000020e+00,1.833060000369999942e+00,1.157026612439054588e+04,3.036512898226935431e-03,5.038651125652182650e-02
1.211721561557000060e+00,6.208565707926999799e+00,8.433598001750000073e-01,8.536049564118298804e+03,1.214587139985207585e-02,5.283995643164578482e-01
5.653776337870000113e-01,3.884206073922999991e+00,1.180790903337000097e+00,3.354515166936851074e+03,5.088271317535834112e-04,6.108639824755485170e-04
2.947965551823000130e+00,5.396565435550000345e+00,2.977920197741000141e+00,2.550622173313828534e+04,3.094223854126573400e-02,1.184797657688196337e-01
1.226836500604000069e+00,4.691690160240000185e-01,2.141253859083999789e+00,8.669095630835534394e+03,6.634751533382115748e-03,1.751066381040641828e-01
2.519950304443999922e+00,4.342884248828999816e+00,1.758286876177000080e+00,2.109445654215621835e+04,9.453093582887463209e-02,2.865902857052744679e+01
1.985843687428000104e+00,3.532280723449999771e-01,1.135926079227000063e+00,1.576306062426206518e+04,4.181315938104874785e-01,5.260481710694486424e+01
8.715712050699999658e-01,1.724960185697000048e+00,2.104902945845000151e+00,5.668696785863906371e+03,2.515303358983767557e-01,2.864574332444017379e+00
3.499953071069999977e-01,2.182427780277000018e+00,4.847874178109999876e-01,1.908044994849448358e+03,2.303179717107458613e-01,3.369633342505092832e-01
2.755050105310000164e-01,4.371274205200999852e+00,2.042910823513000018e+00,1.450725458802120102e+03,2.386248147287562890e-03,8.414851841102224395e-01
7.986565609369999930e-01,5.727059113923999689e+00,1.465904769021999954e+00,5.092140802831325345e+03,1.875262487373354978e-02,3.314785953686065056e+01
1.226334238993000092e+00,4.960732178666999559e+00,1.650345816928000087e+00,8.664667944702210661e+03,6.677311659562788076e-03,1.010169985801321557e+00
1.218939223218000079e+00,4.195709391603999805e+00,1.747208532763999900e+00,8.599529939458861918e+03,5.526889736932675580e-03,2.255216562092992594e-01
2.997998247066000044e+00,2.375366334320999862e+00,3.589517013210000163e-01,2.602873353338434754e+04,1.627903099311344415e-01,2.898899439544990742e+02
