6.587821892899999865e-01,4.540488217061000142e+00,2.391389945667000028e+00,4.031136866624124650e+03,2.078908906316498818e-03,1.247935748318868519e-02
1.598038607964000102e+00,3.565684021756999833e+00,1.615848200097000031e+00,1.204986587271427379e+04,4.331709718794818920e-01,5.229853001545988889e+01
1.971363795180999912e+00,5.442005955915999671e+00,1.803220755532999986e+00,1.562173605484533073e+04,8.332357424667387324e-02,2.715047286089865342e+00
2.214832146003999913e+00,1.236825899474000012e+00,8.141658229799999535e-01,1.802190880570439185e+04,5.763041837045533577e-02,1.610493954339802247e+00
4.833106593550000052e-01,5.606718027501999657e+00,6.403045562210000208e-01,2.783357317291306117e+03,9.757554512193553076e-02,5.896113903765603403e+00
2.467536773900000036e+00,1.578105751669999890e+00,2.892813512946999843e+00,2.056199691674228598e+04,4.296443310585881109e-02,4.895502497709260048e+00
1.824209257651000060e+00,5.101725676720000324e-01,1.020593414975000002e+00,1.419663307365659603e+04,1.447967472771674764e-03,5.905358232308568524e-03
2.891033364682999984e+00,2.398003174334999876e+00,1.797407791332999993e+00,2.491328958805126967e+04,4.564355644364857523e-01,9.339650140950230650e+01
2.151033394580999847e+00,1.634042001772000097e+00,1.682458664172000073e+00,1.738822082087544550e+04,4.472268496964018625e-02,9.620153809780521925e+00
2.933558722673999863e+00,3.158619064897000062e+00,3.027938256380000026e-01,2.535601283664191578e+04,1.683050764103590988e-02,1.355290388759647469e+00
2.303312136214000105e+00,1.452033572249999960e+00,2.662224773428000013e+00,1.890595977945233244e+04,1.807304679001277108e-03,9.674432548175512792e-02
2.773499767335999788e+00,2.995443783260999915e+00,1.335491703445000011e+00,2.369490105276144459e+04,1.605391438800261167e-02,2.842694651386741711e+00
2.094822383454999937e+00,3.625953743235999838e+00,1.264280008514000020e+00,1.683261751530480979e+04,1.024125507707207561e-02,3.097203150161098942e-02
9.634611396529999539e-01,5.742559449803000149e+00,1.974184308401000010e+00,6.416569122727518334e+03,2.754362196881707334e-03,2.814979924563838498e-01
6.355805137300000185e-01,6.191893322259000243e+00,9.063941874640000229e-01,3.860576123114326947e+03,6.283415233306034959e-04,3.331034920732042336e-03
1.606353194510999893e+00,6.308830510780000234e-01,1.084502504015999902e+00,1.212775876880865690e+04,2.322974711488340338e-02,1.659381756930649265e+00
1.995168619430000012e+00,2.086650528753000167e+00,2.183351127048000162e+00,1.585417233328072143e+04,9.225394491773271366e-02,2.154220803381893745e+01
1.369377724206999991e+00,1.574653794035000054e+00,1.674686046993000055e+00,9.943000479349695524e+03,2.351790105575045538e-03,3.854943523657296256e-02
2.499978233867000021e+00,2.286133299978999833e+00,2.083990638512999816e+00,2.089134793607706888e+04,1.530747195089583734e-02,1.899639382276148369e+00
2.740880198285000180e+00,2.066716033106999806e+00,1.610627432607999898e+00,2.335815941007813308e+04,3.371251102180890507e-03,2.044010459496735932e-01
2.613735095562999877e+00,5.842439257979999967e-01,2.707947552903999799e+00,2.205167932197194386e+04,4.532404386801990905e-03,4.085090685791853415e-02
6.045262731589999827e-01,4.650772026739000253e+00,2.707441442842999813e+00,3.634824535784166983e+03,1.553860862995847534e-03,1.605038079942806492e-02
1.078684398554000001e+00,7.507523517919999501e-01,1.993972138423999896e+00,7.383886172314996656e+03,2.699626085417464010e-03,2.081102808499206772e-02
1.937363136060000102e+00,4.149584868752000055e+00,1.256710243044999897e+00,1.529063974019498528e+04,4.848427018067546501e-01,2.206908477357503671e+02
1.976066717658000016e+00,2.475168944896999790e+00,7.157355282170000388e-01,1.566761609462959132e+04,1.323604565126425790e-02,1.419515239656993222e+00
3.573587486220000109e-01,4.292229044592000164e+00,1.625073914529000074e+00,1.954550733941840690e+03,1.614055999790672434e-03,2.362636172492032366e-02
1.530970783254999912e+00,2.462982831699999930e-01,1.830585136452999917e+00,1.142467142710589542e+04,6.237677844059593552e-03,4.519799899173193580e-02
2.902381597539999802e+00,9.042756249800000257e-01,2.509015667867000143e+00,2.503133730211283546e+04,8.620663426157732998e-03,4.383387465407924122e-01
2.246127231276000114e+00,2.334149483648999990e+00,1.130712983870000077e+00,1.833391337649693742e+04,2.345046199697920462e-03,4.640748770439212523e-02
1.667815207986000026e+00,1.775171120608999953e+00,6.380520343329999511e-01,1.270608633501735494e+04,4.225994059647754028e-03,4.672853245749756468e+00
1.018185787831000111e+00,5.318479860692000294e+00,1.209275649042000023e+00,6.872155298030629638e+03,1.746167771252288975e-02,1.822085714923508348e+01
1.256220504100999946e+00,3.772712444970999890e+00,2.202378474794000063e+00,8.928908043063198420e+03,3.138114627175919713e-02,3.593164945749684480e-01
2.870106900042999953e+00,2.329464669899000029e+00,1.155820564209000034e+00,2.469579211367345488e+04,1.010092493593572026e-02,1.211342885125640656e+01
2.695711067921000126e+00,1.400377752855000102e+00,5.686500119199999759e-01,2.289290223162394977e+04,1.077903011582121151e-01,5.093541125078523413e-01
1.728129722440000071e+00,4.135508112169999917e-01,2.171772777012999978e+00,1.327780793728290882e+04,1.438085649953231744e-02,8.790708556475448354e-01
1.274100728239000002e+00,3.619192781381999957e+00,1.768419193866000105e+00,9.087740264980004213e+03,1.063599355691191486e-03,3.154357539219160636e-03
2.130330106459000117e+00,2.394841446480000080e+00,1.230314098582999893e+00,1.718328305501512295e+04,1.358972008240254548e-01,4.145081694096628411e+01
1.247881162796000032e+00,3.960484946909000215e+00,1.511830452252999946e+00,8.855017542292802318e+03,5.406522053651397104e-03,1.884627684011331850e-01
1.559039212780000128e-01,2.975791031153999899e+00,1.923839444925000031e+00,7.707546461915964073e+02,1.015467538714487014e-03,8.411485489865607942e-03
2.607783700760000212e+00,6.141623606440999694e+00,1.777016897578000076e+00,2.199076918736159496e+04,9.635113464369474134e-02,6.988076852503551706e+00
6.238511548890000036e-01,3.431214576871000066e+00,2.069319269110999837e+00,3.774962915749600597e+03,1.229984430043224407e-02,3.558531809609698504e-01
8.676279649829999885e-01,4.797444744380999992e+00,2.638938994242999936e+00,5.637117476790335786e+03,6.460308884999599321e-02,2.039096134076357369e+00
2.178427797270999999e+00,1.011172908160000022e-01,5.456547884860000197e-01,1.765992366853067870e+04,5.060916546095931001e-03,3.551996253209283722e-02
1.380432133972999909e+00,5.540659544849000362e+00,1.199292476010000108e+00,1.004315885877957589e+04,2.021009901433090672e-01,2.654404000204852423e+02
2.227739063500000158e-02,4.196107992422000166e+00,5.889029910509999688e-01,1.012980958461604928e+02,4.820491642848829985e-05,1.052481743201758201e-05
2.814975115230999858e+00,3.908783436024000135e+00,2.082728264986999811e+00,2.412395227756510576e+04,5.080494252167862615e-03,5.228555480222359803e-02
2.613746348329999858e+00,2.623884079820000270e-01,4.463343326329999861e-01,2.205179451071733638e+04,3.092359171766160819e-01,1.316795875295199778e+02
2.183623279158999786e+00,1.981134450132000069e+00,2.611699250806999828e+00,1.771152094835566095e+04,3.435154946581373773e-03,6.522964398882732939e-02
2.809002792913000146e+00,4.406009877171999989e+00,1.729560639675999933e+00,2.406211088759073755e+04,5.709100080759432760e-01,8.417217630736822684e+02
2.449921873316000198e+00,1.602052010131000070e+00,1.504020779703999944e+00,2.038346507697053676e+04,5.805603195319944398e-02,4.626884108580032517e+00
2.917168010355999819e+00,2.126486266137999959e+00,1.649980769341000020e+00,2.518525601384570473e+04,9.202031068823203486e-03,6.315604361543198930e-01
2.478767165304000208e+00,6.279313338528000443e+00,1.686413194530000048e+00,2.067592956640552075e+04,3.111217925641901472e-01,1.575253183242921828e+01
