9.680379551919999770e-01,9.618787270400000478e-02,1.815079819629999980e+00,6.454392352235434373e+03,7.653474281136615895e-04,3.097051712869007285e-03
1.689986795450000023e-01,5.435625181041999987e+00,8.749315662259999904e-01,8.416974932455060525e+02,4.232058143657860261e-03,2.058195514326957021e-01
2.046797179179999926e+00,6.247164916965999737e+00,2.557674017585000126e+00,1.636000816878431579e+04,3.565194568727724032e-03,4.663724369961406990e-02
1.002075992491000100e+00,4.550489655569999847e+00,2.317563206002999809e+00,6.737295238819065162e+03,7.520619300359594750e-02,3.042883887520395803e+01
2.171157282464999838e+00,1.148788755877999890e+00,1.155762129405000005e+00,1.758775487609442280e+04,4.841852156661142353e-02,3.057984869385393267e+01
2.870826049077999986e+00,9.211087040469999598e-01,4.680056319429999889e-01,2.470326251310888620e+04,8.245371911497510753e-03,4.087043597585914845e-01
1.841359354818000060e+00,4.946625368204999873e+00,2.091205337416000010e+00,1.436164136771729318e+04,1.000881413254491904e-02,2.362512138801980965e-01
1.658757202569000055e+00,4.396228695725000080e+00,1.556870164653000099e+00,1.262057889246108789e+04,6.397162331978335954e-03,1.892611370294294382e+00
1.410673579076000106e+00,3.445965555992999807e+00,2.144468945193000131e+00,1.031810003458118626e+04,4.626621129686334620e-03,1.277988523800138165e-01
1.663980208599999955e+00,3.076374079494999858e+00,1.980711790930000049e+00,1.266987256718214303e+04,3.575035413124757339e-02,7.442657596920646768e+00
