1.677242617275999992e+00,4.247848002618000329e+00,2.547322871432000202e+00,1.279518041476475992e+04,1.760251258689576924e-03,1.766085178286102772e-02
6.886972288910000461e-01,4.235009373855000092e+00,1.200341653136999920e+00,4.253365201853112922e+03,1.604870014794260516e-02,1.102275321807038466e+00
5.520138612149999569e-01,5.594666516670000478e-01,1.577470579054000011e+00,3.259958565237751372e+03,1.378702445417877114e-02,8.360442934894546374e-01
2.754266485426000166e+00,1.067966625183000007e+00,1.730318627516000074e+00,2.349627477752181949e+04,2.525549358161168975e-02,2.502112480705830588e+00
2.571299026483000016e+00,6.076908322270000440e-01,1.653760867711000060e+00,2.161785259621498335e+04,9.424253603815485950e-03,3.849216710419659515e-01
2.345799155312000117e+00,1.692088058279999918e-01,1.413166668091000000e+00,1.933255248478847352e+04,2.436734684830213233e-03,2.235712360679085325e-02
2.179989189250000070e-01,3.770633584436999808e+00,2.677653501751000142e+00,1.114985165002650547e+03,9.221168554808950590e-03,4.102363904129149308e-01
2.260837918417000214e+00,1.330670233918999967e+00,2.315949106329000085e+00,1.848083476236841307e+04,2.555467968840520188e-01,2.090273548735173570e+00
7.666024715579999871e-01,1.662107174421000089e+00,2.740053785939000175e+00,4.843857092445911803e+03,5.578459061591337954e-03,2.739322379133893870e-01
1.129924572996999999e+00,1.285116821524999953e+00,1.583427403459999994e+00,7.823478660167445014e+03,1.349817251223637549e-01,1.740915763043660025e+00
1.088972359835000070e+00,3.889506993841000071e+00,1.104985944725999980e+00,7.471706391559547228e+03,3.962202891407758110e-03,9.877759453059964390e-03
1.877391580795999992e+00,1.494035782799999934e+00,1.168359870203999895e+00,1.470927191165906879e+04,3.229973130696665862e-02,9.782371407162624433e-01
1.883977493464999986e+00,5.973128155448000243e+00,7.798868723830000294e-01,1.477294830776429262e+04,2.535334826632289484e-01,2.660161564190748962e+01
1.751567421839000049e+00,4.552133093919999984e-01,2.257085408561999795e+00,1.350105056717796288e+04,3.095824951593782737e-02,4.765235696987412339e+00
2.957615424149000027e+00,4.119849189171000070e+00,2.884328493422000150e+00,2.560689581487562100e+04,4.402872713290357370e-02,4.042187107196150708e-01
1.054309404033999975e+00,5.115971508237000087e+00,9.854945136610000489e-01,7.176728612577810054e+03,1.983139670249767783e-01,1.243050217314230599e+00
2.595974924495000113e+00,4.145334220138000347e+00,1.478783228596999955e+00,2.186997714126643768e+04,1.586644513698275694e-01,2.142175731149357532e+01
2.505225810994000213e+00,3.008195436289999858e+00,2.437265477428999905e+00,2.094468835650923211e+04,5.584690774092005566e-02,2.508189615922107762e+01
2.740852250786999900e+00,1.726425152195000035e+00,1.256784450429000000e+00,2.335787116680099643e+04,2.824612014406571725e-02,1.376254058136411906e+01
6.485008852260000234e-01,2.398552627713999907e+00,2.983629220174000007e+00,3.955360121247376355e+03,1.444253173334383300e-01,3.497590315332698196e+01
2.320137214790999991e+00,4.864956416382000270e+00,1.891386913257999902e+00,1.907473425679127104e+04,7.704433422775742481e-03,2.201335369567411493e-01
2.350942592558999955e+00,1.404318152814999943e+00,1.222330536696000003e+00,1.938428478129476207e+04,4.298819776574611673e-01,3.282040445781540683e+01
3.241231549840000170e-01,8.585020577169999445e-01,6.938826012959999900e-01,1.746460048238059471e+03,2.204490341297587683e-02,2.063702714077691791e+00
1.986184490739999919e+00,6.197889952787000389e+00,7.521557346760000540e-01,1.576638914818346711e+04,4.194791802488097021e-01,5.660375130943479860e+01
8.840630484250000531e-01,3.175397779510000240e-01,2.760081609556999993e+00,5.769026720226231191e+03,3.949827593315569790e-02,9.024286460176550451e-01
1.509367954118000066e+00,2.446844522570000180e+00,1.251543162449999969e+00,1.122450723596458556e+04,4.605096992881815322e-03,5.274441954197697235e-01
1.771435126249000014e+00,2.897810128202999991e+00,2.599230737035000072e+00,1.369074825745198177e+04,2.994378837060154928e-03,5.318902459513131370e-02
1.897417194373999916e+00,5.032714237921999789e+00,8.536574551129999522e-01,1.490302068408930609e+04,3.259926255948694673e-01,8.076471037567062083e+00
2.077539743316000109e+00,1.299058115520000112e-01,7.272054492909999501e-01,1.666231837021256433e+04,3.610769353657704902e-03,1.200596061035190676e-01
1.986170264539000030e+00,1.496807512620000058e-01,2.345391061652999820e+00,1.576625020255630625e+04,1.988869709510274197e-03,9.720356444612622202e-03
2.578660661333000093e+00,4.918740669130000076e-01,2.628581996618000183e+00,2.169302902361293673e+04,1.179809714185826308e-01,2.680173582381547015e-01
8.220535517029999850e-01,4.131818480177999575e+00,1.808761376862999981e+00,5.275410896627340662e+03,1.973214292902140520e-03,1.952088462902348484e-02
2.485494842757999923e+00,2.542820423868000113e+00,1.587452903218999900e+00,2.074422294047501055e+04,3.517804717774695392e-03,4.027780687704324292e-01
2.234092819752000025e+00,5.640661910767000187e+00,1.574995710844999897e+00,1.821384245659283988e+04,1.249861714880275976e-01,4.245786849740160562e+01
1.332907063961999983e+00,2.524769203705000020e+00,1.286249428327999933e+00,9.613897479251141704e+03,1.430600955467475031e-02,2.119641430399916260e+00
8.877452186119999533e-01,1.133160877367000108e+00,2.764746960436000212e+00,5.798683753455972692e+03,2.385823459166573624e-01,1.389143670031626066e+01
2.352022085093000037e+00,3.119002823797000001e+00,7.611578619030000548e-01,1.939514471336801216e+04,4.000462066434904429e-01,1.170955023074278927e+02
2.389185151508999905e+00,2.151778016971999996e+00,2.232369311384000188e+00,1.976952023472632573e+04,6.442196313290645023e-03,1.145927189824191700e-01
1.321996846440999906e+00,2.527040832955000038e+00,1.858174215123999939e+00,9.515853908176270124e+03,1.422239414313053799e-02,3.294016375594219337e+00
2.930839517738999866e+00,5.424299475952000016e+00,2.220208763048999945e+00,2.532767359858813870e+04,6.868199822883701289e-02,1.254722255231992456e+01
7.667166973619999881e-01,2.307916986001000037e+00,1.713199491344999936e+00,4.844735963541365891e+03,1.420640221632609723e-01,8.613397036738795975e+01
2.509768538461000009e+00,5.057607078318000049e+00,1.671636375008999975e+00,2.099087874979054686e+04,3.967316946240913994e-02,6.609892636336620342e+01
2.097993645109999861e+00,4.623218580390999755e+00,1.515793833819000014e+00,1.686389359451539349e+04,1.540189424980015903e-02,2.790529627479883423e+00
1.414307812764999950e+00,5.362145692052999735e+00,5.720867975719999832e-01,1.035123192947935240e+04,3.772277967247657515e-01,4.584677042546080372e+01
1.935566932810000029e-01,3.359763784716999879e+00,9.334264885199999862e-01,9.771442806694018373e+02,4.490572221012359977e-01,1.210165992510738586e-01
1.993719860571000035e+00,4.230254703666999738e+00,2.087375026863000027e+00,1.584001200663188683e+04,1.183465660709381341e-02,1.179969336251527112e+00
3.256676307310000240e-01,3.325502638085000129e+00,1.568724506569999955e+00,1.756025669199364984e+03,2.007054149492439998e-03,8.262010045713365225e-02
1.425975292601999955e+00,4.921911947417999755e+00,1.685611721836999921e+00,1.045772987462667516e+04,1.972837452338071368e-02,5.238779167654279867e+00
