1.941126561819999985e+00,4.874699143780000243e-01,1.552522623231000098e+00,1.532723455704569096e+04,8.453909076011166535e-02,2.051492460921429950e-01
2.216660270399999910e-01,5.100527871131999902e+00,1.761325879886999957e+00,1.135921238028385915e+03,7.220967757528348871e-04,7.238685177851105282e-03
1.843548913255000032e+00,2.446698646776999997e+00,1.802821769746999925e+00,1.438272922573741744e+04,1.281360814171866522e-02,2.475737782713362378e+01
2.286711739613000116e+00,2.713557103857000108e+00,2.703099768973999950e+00,1.873964490964034121e+04,6.796233417277522393e-02,6.276166354674294467e+01
2.457646676510000017e+00,6.223710211505999901e+00,1.456710022423999940e+00,2.046173208061745026e+04,1.151339916397811913e-01,3.693785389646913586e+01
2.639983134916000118e+00,5.063152473798999686e+00,1.121899256500999975e+00,2.232058152275131215e+04,6.247322959985220775e-02,8.881184451346024389e+01
2.902020251545000207e+00,8.239886189080000145e-01,2.173210489327999984e+00,2.502757738080401759e+04,1.953307030549235046e-01,1.694392138337522056e+02
1.837441895775999923e+00,2.347753724717000168e+00,1.547387621094999943e+00,1.432392390955478186e+04,1.710169423254891087e-03,7.973626912642424458e-02
3.413363049279999895e-01,2.302787566275999787e+00,1.093446284080999975e+00,1.853648010670840677e+03,4.733207354872278824e-03,3.928956319736183478e-02
1.059109021787999927e+00,1.364281291588000045e+00,4.506540224639999925e-01,7.217416707796566698e+03,8.779181262608648506e-01,6.151623274799480612e+01
2.239399747868000112e+00,5.023606017820000380e-01,1.816585996711999940e+00,1.826677863829443231e+04,5.997073765652245064e-02,1.041268037243123917e-01
1.863458805700999976e+00,3.874268187456999968e+00,1.163875515071000066e+00,1.457470064246862967e+04,2.403186895734707451e-02,3.798699628837507447e+00
6.191896192760000250e-01,1.578426422604999990e+00,1.061345816038000045e+00,3.741053962842823694e+03,1.340048281099992349e-02,2.026726637636765638e+00
