2.600488038498999899e+00,1.581664280685999957e+00,1.068819221765000105e+00,2.191613141064888623e+04,9.669694179057551284e-03,9.956974778972992324e-01
5.334905303339999572e-01,3.897594923148000046e+00,1.166062821169000063e+00,3.129872308736705691e+03,1.836707913012391724e-01,4.060684974549062964e+00
1.842395700720000085e-01,6.146022734739999827e-01,9.546146878560000104e-01,9.253923775399922533e+02,1.793532000689166848e-03,2.266317913389973709e-02
2.074031671803000076e+00,4.867357442797000111e+00,1.109390601505999996e+00,1.662778141501038772e+04,1.256347951984167488e-01,1.014681736969365033e+00
9.993959562240000150e-01,4.675274751601000034e+00,2.076821116989999993e-01,6.714919094405056057e+03,6.245893483437090464e-03,1.885505912193047584e-01
2.644842435885999876e+00,4.438412263816999825e+00,3.010139476179999884e-01,2.237041041548835710e+04,1.881787427720760242e-01,1.698898466567436856e+02
2.398786954925999915e+00,1.981996122506000102e+00,2.467851321661000075e+00,1.986640732789707545e+04,4.152670326686411922e-02,7.670073415075778556e+00
2.735447646937000155e+00,4.112262906693000097e+00,1.497047799948000080e+00,2.330213817058027416e+04,2.624598242419655218e-03,4.867866333217093361e-02
5.247563054660000503e-01,4.734331843494000047e+00,2.393496868878000061e+00,3.068933470587652664e+03,2.133610602673209383e-04,8.122184418035826182e-04
2.149613977075000015e+00,4.715862011882999916e+00,1.110817797349000102e+00,1.737415922918945580e+04,1.822584704809100328e-02,1.805648274661337149e+00
2.738668255882999780e+00,3.426836050704999970e+00,1.373711471625000069e+00,2.333534742474339873e+04,4.636711960457274434e-03,6.644125829007692385e-02
2.972604718606000063e+00,2.541898629209999871e+00,2.802181094638999781e+00,2.576337253683937888e+04,1.635561359385782204e-02,4.574702154286540701e-01
2.597971023461000062e+00,1.204840364228999983e+00,9.778761689920000277e-01,2.189038968878454034e+04,3.599456017720228246e-02,4.721923853623542500e-01
2.765420526799999834e+00,9.220724175600000239e-01,2.290955652339999871e-01,2.361143873277949751e+04,1.767491921307867697e-01,1.363331717964592515e+00
2.566367710148000025e+00,3.793637237623999958e+00,1.390338021737999918e+00,2.156751379582124355e+04,1.229727588956468047e-02,2.178762228406193047e-01
2.948751858108999979e+00,4.701664087180000173e+00,1.262499922438000022e+00,2.551442313168630790e+04,1.187164987028091305e-02,8.274486653174784045e-01
2.806098670957999808e+00,3.137930804214999814e+00,7.677739406339999517e-01,2.403204620875809633e+04,1.009447815044341307e-01,8.477263706065724591e+01
1.932971975947999965e+00,1.743371284640000018e+00,1.187237987979000042e+00,1.524795564839305553e+04,1.618711366390768736e-01,3.343670890857573852e+01
2.033562005208000123e+00,4.127535955425999603e+00,9.062657942909999598e-01,1.623011748714309397e+04,1.780713033407300624e-02,4.672703597882505999e-01
2.071197887627000078e+00,2.819850300420000178e+00,1.071833216454999960e+00,1.659989040622477842e+04,1.506056022265634840e-03,9.897218292232848325e-02
1.320035794000000040e+00,5.169678112930999880e+00,2.363573025636000136e+00,9.498251373103612423e+03,1.646647220427887859e-01,2.898003311444029961e+01
1.043624079249999975e-01,9.920009214399999609e-02,1.108701221835999950e+00,5.004795717374117885e+02,3.693555973208733495e-04,4.665394421189559475e-04
1.665945988170999925e+00,5.328782893276000188e+00,1.839845315168999962e+00,1.268843328010660662e+04,4.414416912623283368e-02,6.736821101614399510e+00
2.155808697648000205e+00,4.738230584836999881e+00,9.599560132129999479e-01,1.743553984532204049e+04,4.696577454642760462e-03,2.884180230233112652e-01
1.563982342817000104e+00,1.379013510030999923e+00,2.067874780622999786e+00,1.173169865489928998e+04,5.152455520139175293e-01,5.705378307471696644e+02
1.486592956641000107e+00,5.478448603646000059e+00,4.963511521280000172e-01,1.101414627353982178e+04,2.605484746592788906e-02,3.053432263499554766e-01
1.325867645965000063e+00,2.449433924904000026e+00,7.174513418769999928e-01,9.550616628861873323e+03,5.780028585532409439e-03,4.172612457117789164e-01
1.823014272606999997e+00,2.067280796049999925e+00,2.813009657719999890e+00,1.418514664074264874e+04,8.212063766761880379e-02,4.703155377454944386e+00
2.070191821943000221e+00,2.750797474825000144e+00,1.984686053341000012e+00,1.658999019600426618e+04,4.242406876287155466e-03,6.759330258568707617e-02
1.495879680600000095e+00,4.111438339128000052e+00,2.899030886664000217e+00,1.109983906167784517e+04,6.578970421140736824e-03,8.327851624202806113e-02
2.107276721587000079e+00,2.061986551647999821e+00,8.010166561549999509e-01,1.695549457747971974e+04,4.992488408307549884e-03,3.550875309668940494e-01
1.817819911935999899e+00,5.575451178215000247e+00,2.028179613578000140e+00,1.413523413089202222e+04,1.312752329512312938e-02,9.886271830677312522e+00
2.838519938741999926e+00,5.306435183909999909e-01,2.245514055290000144e+00,2.436795660340573158e+04,8.559987705631415256e-02,2.807644660998600017e+01
2.896209297722000198e+00,4.665099028911000367e+00,2.751583347321000073e+00,2.496712246902487823e+04,9.130332915666346250e-02,2.810342246714593983e+01
1.128990317513000052e+00,6.022041348972000385e+00,1.405364369131000046e+00,7.815415265712809742e+03,6.095013725888808950e-03,8.181152066746977258e-01
2.598376412362000121e+00,2.983531174552000120e+00,1.680656090390000024e-01,2.189453544304136449e+04,5.641272628863156641e-02,6.755201496518121740e-01
1.706447485468999936e+00,4.856673609449000395e+00,3.022317079586999800e+00,1.307181695031237541e+04,4.749886987033015255e-03,7.858147525360405228e-02
2.298594717963000189e+00,2.969858106278000065e+00,9.981864015950000502e-01,1.885867643576658520e+04,2.841553335542231634e-02,9.053122084063131014e-01
2.232073864830999899e+00,1.211546815760000007e+00,1.105301607611999914e+00,1.819371146497324662e+04,2.688022862308547811e-01,9.071209414596140164e+00
2.365766980581999857e+00,4.376858826388000168e+00,2.146633212220999898e+00,1.953349382015418450e+04,5.087256006252920126e-03,6.825105422723511117e-02
2.964159787565999959e+00,2.123971692085000029e+00,1.145182146409999963e-01,2.567519927883254422e+04,1.321201838649805130e-02,4.493289097892975703e-01
2.992751912415000159e+00,3.229896684514999894e+00,1.386703721776000098e+00,2.597388195217551402e+04,1.139654100753541288e-02,2.548418964888716776e-01
1.280253396840000113e-01,5.207286088016999770e+00,1.099231032430000088e+00,6.227611378513212230e+02,1.901710311144540894e-02,1.078436139848583553e+00
